0.47660987079143524
1.030047670006752
0.9246933087706566
0.8264278918504715
0.5624447241425514
0.37067402842678604
0.15958218613437786
0.15274099889904894
0.08713359794939113
0.5621357411146164
1.1186290979385376
0.9302183091640472
0.7021821886301041
0.6121134869754314
0.3907707927724983
0.2329457461074659
0.20363455944238826
0.08205869103141149
0.898263156414032
1.026784360408783
0.8381620794534683
0.7463164962828159
0.7358376927673816
0.3873842816941346
0.20234273350352694
0.17476113397390283
0.10565833688315833
