0.7283053994178772
0.8491157740354538
0.6910343021154404
0.3673125319182873
0.23981859385967255
0.10746291392966162
0.037280989134577426
0.027055721103828003
0.019957967238295873
0.7167201638221741
0.6861857175827026
0.6055968627333641
0.3551298873499036
0.2198836114257574
0.06671873913912833
0.05245018426542449
0.03744238189401779
0.020682094806848128
0.7910527288913727
0.8083699196577072
0.5580204278230667
0.33024758379906416
0.19485679008066653
0.07950936328572562
0.04418901919986412
0.03285117356621839
0.02008143037347995
