0.08280052989721298
0.2103772684931755
0.15256710909307003
0.0739879363682121
0.014314386667683721
0.003922211855084081
0.0008871010030103717
0.0006781611423146851
0.0005704123272841601
0.12424782291054726
0.14930971711874008
0.08943113731220365
0.040888259653002024
0.10691818883642554
0.0033742935408519795
0.0010969833156485467
0.0006900383922410138
0.0004310829218955828
0.23887015879154205
0.22481756657361984
0.11876434180885553
0.050918709486722946
0.02680302378721535
0.004741154894044128
0.001159042858512728
0.0006274327596134327
0.0005256882792318929
