0.014365811599418521
0.026455624029040337
0.02411871263757348
0.014774584968108684
0.015840243268758058
0.005787657620974734
0.0031227411548043513
0.002047533943508089
0.001764055065181859
0.021241535898298025
0.02340885577723384
0.016954681021161377
0.0072707315848674625
0.1015251638367772
0.0077421961800207065
0.0026544668492238235
0.0023731296842402602
0.0020575876316793152
0.061947258189320564
0.016960215754806995
0.016601822921074927
0.014401197258848697
0.018966509122401477
0.006202647344598287
0.002518292919845338
0.00261542316763959
0.0017904699762182697
