0.811279907822609
1.315014123916626
0.7615716606378555
0.4359383024275303
0.16893484387546778
0.0033808636797379842
0.0015914649939888221
0.0007347572066483988
0.0009609410099120533
1.2064577341079712
1.4136727452278137
1.0097368583083153
0.14085579058155417
0.09943014327436686
0.010389774354009689
0.001039841512639289
0.000584509056176451
0.0006886566348802334
1.3285729885101318
1.2557697892189026
0.818287268280983
0.4409052534028888
0.13961882721632718
0.008532740010679522
0.0012086392395127162
0.0008970458542264285
0.000679717476386964
