0.010008617304265499
0.02598953479900956
0.02090500621125102
0.03143843461293727
0.021057622972875834
0.015616749260055868
0.009914998866760047
0.007752305203107522
0.005741014060161798
0.007598180323839188
0.012564482633024454
0.017429038416594267
0.02409805590286851
0.029013468790799378
0.014854072180541255
0.009897764594217016
0.00778276159680706
0.0061304539488509415
0.012912838254123926
0.01701319171115756
0.01744181290268898
0.021402787475381047
0.019813877530395985
0.015274918744269806
0.009733093166901807
0.007624506448058689
0.005774043294389153
