1.0383312404155731
0.9833345711231232
0.7339311465620995
0.5040569175034761
0.30101456455886366
0.15896106039798713
0.10211708434637945
0.06646429240862106
0.04775792855740813
0.8611003160476685
0.9648353755474091
0.7565137147903442
0.4869715105742216
0.29051385931670665
0.16022716424887692
0.09274281195964024
0.06484876763313374
0.045616487026824366
0.9178239107131958
0.9584313482046127
0.7248483225703239
0.48715879395604134
0.25296559892594817
0.16107742733593228
0.09132236209075162
0.06847932464740378
0.04804714719105102
