4.000000000000000000e+00
7.159178979293519957e-03
1.379554203957840050e-02
1.394917957112739963e-02
1.308949941738440058e-02
1.186179591642359983e-02
1.138828264072429958e-02
9.154160399654128963e-03
9.721713550300119591e-03
1.016955107523169997e-02
1.041295844651539924e-02
1.085987279161190061e-02
1.239406160571259949e-02
1.197522464178189978e-02
9.209784109377110173e-03
8.177754761879259954e-03
9.093785814855091451e-03
1.049857940516749945e-02
1.095069391965350011e-02
1.221168709072509989e-02
1.162579326728879932e-02
1.015196157743039965e-02
1.021307651768649932e-02
1.015976121155759936e-02
1.115433090744669987e-02
1.123945503023580060e-02
1.206724527924279977e-02
1.144778746986440006e-02
1.127340552463629991e-02
1.233800579386670065e-02
1.129093804890020022e-02
