4.000000000000000000e+00
1.099435536331330038e-02
3.233821652283309922e-02
5.442238313171249980e-02
7.006943937771120678e-02
7.904837199322410635e-02
7.837975015027250081e-02
7.686538865457100134e-02
7.273354582922120226e-02
6.751883889938670169e-02
6.275927604267170223e-02
5.930129417759889832e-02
5.925090980451559741e-02
6.005143153259930033e-02
6.018321181216090138e-02
6.000257903558280093e-02
5.841453124731130209e-02
5.333491164776010124e-02
5.241972905457940174e-02
5.188414606317350020e-02
5.003249570263690327e-02
4.661539952999749908e-02
4.454741190646190063e-02
4.361555963738879965e-02
4.276837295806600048e-02
4.020302321743290247e-02
3.805858226590660282e-02
3.518944070466079738e-02
3.215035182475679820e-02
3.089946479873319912e-02
2.989838983020920091e-02
