0.000 9.359
128.000 9.252
256.000 9.421
384.000 9.191
512.000 9.181
640.000 8.916
768.000 8.960
896.000 8.861
1024.000 8.770
1152.000 8.880
1280.000 8.681
1408.000 8.644
1536.000 8.692
1664.000 8.437
1792.000 8.563
1920.000 8.493
2048.000 8.449
2176.000 8.557
2304.000 8.395
2432.000 8.353
2560.000 8.446
2688.000 8.156
2816.000 8.413
2944.000 8.271
3072.000 8.192
3200.000 8.319
3328.000 8.217
3456.000 8.239
3584.000 8.148
3712.000 8.073
3840.000 8.061
3968.000 8.056
4096.000 8.042
4224.000 7.972
4352.000 8.081
4480.000 8.087
4608.000 7.919
4736.000 7.884
4864.000 8.035
4992.000 7.945
5120.000 7.954
5248.000 7.899
5376.000 7.952
5504.000 7.873
5632.000 7.862
5760.000 7.811
5888.000 7.847
6016.000 7.770
6144.000 7.763
6272.000 7.821
6400.000 7.730
6528.000 7.850
6656.000 7.778
6784.000 7.813
6912.000 7.752
7040.000 7.737
7168.000 7.745
7296.000 7.707
7424.000 7.671
7552.000 7.684
7680.000 7.681
7808.000 7.728
7936.000 7.687
8064.000 7.682
8192.000 7.695
8320.000 7.687
8448.000 7.656
8576.000 7.676
8704.000 7.586
8832.000 7.607
8960.000 7.626
9088.000 7.614
9216.000 7.673
9344.000 7.652
9472.000 7.583
9600.000 7.634
9728.000 7.591
9856.000 7.579
9984.000 7.627
10112.000 7.559
10240.000 7.567
10368.000 7.636
10496.000 7.631
10624.000 7.525
10752.000 7.477
10880.000 7.500
11008.000 7.553
11136.000 7.581
11264.000 7.544
11392.000 7.510
11520.000 7.500
11648.000 7.530
11776.000 7.518
11904.000 7.529
12032.000 7.512
12160.000 7.511
12288.000 7.493
12416.000 7.488
12544.000 7.484
12672.000 7.504
