0.000 9.602
135.000 9.177
270.000 8.715
405.000 8.525
540.000 8.256
675.000 8.194
810.000 8.025
945.000 7.933
1080.000 7.695
1215.000 7.606
1350.000 7.574
1485.000 7.567
1620.000 7.469
1755.000 7.525
1890.000 7.505
2025.000 7.398
2160.000 7.398
2295.000 7.440
2430.000 7.378
2565.000 7.346
2700.000 7.339
2835.000 7.375
2970.000 7.359
3105.000 7.339
3240.000 7.314
3375.000 7.330
3510.000 7.323
3645.000 7.345
3780.000 7.286
3915.000 7.271
4050.000 7.315
4185.000 7.323
4320.000 7.287
4455.000 7.280
4590.000 7.260
4725.000 7.310
4860.000 7.330
4995.000 7.293
5130.000 7.278
5265.000 7.241
5400.000 7.263
5535.000 7.271
5670.000 7.272
5805.000 7.258
5940.000 7.294
6075.000 7.274
6210.000 7.275
6345.000 7.254
6480.000 7.251
6615.000 7.250
6750.000 7.258
6885.000 7.255
7020.000 7.252
7155.000 7.281
7290.000 7.256
7425.000 7.247
7560.000 7.267
7695.000 7.233
7830.000 7.251
7965.000 7.248
8100.000 7.259
8235.000 7.239
8370.000 7.241
8505.000 7.224
8640.000 7.229
8775.000 7.251
8910.000 7.230
9045.000 7.243
9180.000 7.246
9315.000 7.239
9450.000 7.249
9585.000 7.240
9720.000 7.238
9855.000 7.241
9990.000 7.254
10125.000 7.229
10260.000 7.233
10395.000 7.253
10530.000 7.218
10665.000 7.218
10800.000 7.227
10935.000 7.218
11070.000 7.219
11205.000 7.215
11340.000 7.225
11475.000 7.227
11610.000 7.245
11745.000 7.231
11880.000 7.223
12015.000 7.218
12150.000 7.211
12285.000 7.227
12420.000 7.217
12555.000 7.231
12690.000 7.222
12825.000 7.225
12960.000 7.228
13095.000 7.217
13230.000 7.226
13365.000 7.215
