0.000 333073.094
166.000 30459.480
332.000 24075.547
498.000 23458.225
664.000 23513.008
830.000 26424.941
996.000 25832.428
1162.000 29178.072
1328.000 30653.422
1494.000 39137.898
1660.000 42422.461
1826.000 36776.652
1992.000 44462.938
2158.000 50462.699
2324.000 48859.414
2490.000 52392.000
2656.000 54306.961
2822.000 66050.281
2988.000 62300.320
3154.000 68599.023
3320.000 64101.484
3486.000 66579.797
3652.000 72872.008
3818.000 71685.594
3984.000 80949.375
4150.000 77104.570
4316.000 70889.719
4482.000 86778.844
4648.000 94848.203
4814.000 75121.422
4980.000 79425.531
5146.000 80699.656
5312.000 77523.633
5478.000 82163.250
5644.000 74067.016
5810.000 97877.961
5976.000 77669.984
6142.000 89754.516
6308.000 105862.969
6474.000 92616.609
6640.000 79518.984
6806.000 98045.578
6972.000 71606.836
7138.000 98902.836
7304.000 81877.852
7470.000 103290.453
7636.000 92729.633
7802.000 82493.562
7968.000 90234.031
8134.000 76669.172
8300.000 88083.516
8466.000 70772.984
8632.000 74836.719
8798.000 73326.625
8964.000 74833.289
9130.000 79245.875
9296.000 73578.805
9462.000 77397.250
9628.000 102057.703
9794.000 71245.914
9960.000 80401.914
10126.000 81362.406
10292.000 81614.531
10458.000 93109.547
10624.000 67042.359
10790.000 90330.211
10956.000 70697.359
11122.000 88424.992
11288.000 62388.180
11454.000 71351.758
11620.000 66767.781
11786.000 77174.172
11952.000 70992.000
12118.000 85959.672
12284.000 73755.773
12450.000 75670.164
12616.000 69057.211
12782.000 106488.594
12948.000 75297.930
13114.000 67240.133
13280.000 77801.891
13446.000 67115.656
13612.000 66426.727
13778.000 78613.172
13944.000 62086.703
14110.000 83319.750
14276.000 76160.125
14442.000 66286.516
14608.000 68966.898
14774.000 70959.312
14940.000 59919.766
15106.000 60057.398
15272.000 63707.305
15438.000 72684.961
15604.000 71835.352
15770.000 39842.789
15936.000 57651.512
16102.000 72266.602
16268.000 69113.547
16434.000 54977.184
16600.000 70914.367
16766.000 76054.211
16932.000 106828.172
17098.000 71436.344
17264.000 78336.648
17430.000 74767.961
17596.000 52866.262
17762.000 69512.594
17928.000 70997.633
18094.000 58051.930
18260.000 51323.156
18426.000 65008.477
18592.000 57737.891
18758.000 56084.102
18924.000 79348.906
19090.000 57941.891
19256.000 59927.945
19422.000 44958.477
19588.000 58022.508
19754.000 59749.461
19920.000 45966.352
20086.000 53326.258
20252.000 55546.672
20418.000 57994.508
20584.000 63077.934
20750.000 63216.004
20916.000 60015.992
21082.000 52043.148
21248.000 57194.547
21414.000 54234.211
21580.000 63808.281
21746.000 43786.914
21912.000 60869.336
22078.000 70036.352
22244.000 59838.547
22410.000 54175.078
22576.000 54019.273
22742.000 46799.109
22908.000 44997.465
23074.000 36590.555
23240.000 52845.188
23406.000 65651.742
23572.000 42462.398
23738.000 44426.312
23904.000 48733.406
24070.000 63361.035
24236.000 62905.430
24402.000 46751.039
24568.000 53200.801
24734.000 43486.039
24900.000 41665.863
25066.000 50000.289
25232.000 36782.742
25398.000 36323.008
25564.000 50913.695
25730.000 46190.484
25896.000 53356.391
26062.000 48223.477
26228.000 43041.047
26394.000 60463.188
26560.000 51311.344
26726.000 50126.570
26892.000 43232.164
27058.000 43216.797
27224.000 49151.996
27390.000 39565.219
27556.000 42137.422
27722.000 37923.918
27888.000 43914.980
28054.000 56020.867
28220.000 50678.602
28386.000 41460.473
28552.000 55355.035
28718.000 45939.930
28884.000 50669.125
29050.000 51419.973
29216.000 39471.168
29382.000 47928.367
29548.000 50777.133
29714.000 54012.215
29880.000 57456.039
30046.000 52955.461
30212.000 36221.449
30378.000 53659.969
30544.000 37632.500
30710.000 50703.371
30876.000 45099.988
31042.000 36671.148
31208.000 52025.727
31374.000 38623.305
31540.000 48356.199
31706.000 55040.656
31872.000 40147.465
32038.000 58646.965
