430.0028279201205
243.74515045890476
192.68818267303064
166.4356899343584
148.33942317478113
136.64950437964723
125.85903860473205
117.88436479574388
111.41896395968399
105.98557315682876
101.32842815214313
97.94482271104322
94.65172525527358
91.89129662195963
89.25112331895566
87.0003149267676
85.14710731867737
83.29323258309343
81.41135714817295
79.98924878010101
78.69976030368775
77.45803407987903
76.18742430223763
75.16494234862317
73.89572629883793
72.79535483721656
71.7636965524327
71.09681497511097
70.44148207053128
69.76021176761654
68.76041726538529
68.3166585045219
67.33301066232785
66.70332450304733
66.0232729381707
65.68424132313238
65.18695873150072
64.6171714584609
64.09721648550065
63.77052665462376
63.01468530966155
62.64033905425246
62.28100347775893
61.778603397840165
61.508123193473146
60.965341246178504
60.66234321884682
60.11739646442998
60.08488580193184
59.6376363959094
59.208962682859806
58.90084799495515
58.30729975915549
58.36113886207905
58.04866071787512
57.75473406753369
57.6631971807039
57.23596782198164
56.75247562685606
56.795283561402044
56.466382087184776
56.28145364443745
55.87418653195923
55.77625055191174
55.519315572876145
55.36762633917456
55.14213131868618
54.8384612393098
54.63089262175493
54.4609294330111
54.27965337191157
53.821767479469024
53.84395934608043
53.607594564760205
53.47445098536128
53.297644132567264
52.97144284294895
52.749910219304695
52.69294285587571
52.822272500876416
52.575032696348984
52.28774368752121
52.04151072557918
51.89155678079687
51.91971812587909
51.65926080987077
51.556513463707894
51.187058002954494
51.271918797679604
50.979151421687014
50.913024177759304
50.91826641907431
50.5487123723855
50.62241570257152
50.344096877314506
50.30832697616315
50.30417198898075
50.14973149440454
49.9867441312166
50.04261778586925
49.63004252494489
49.74673167499921
49.70529928540268
49.410456792578714
49.3426014219176
49.17931435204415
49.078624371625885
49.11360520458364
48.928844991165306
48.731406697365166
48.77025115820887
48.570489614875534
48.48375099332313
48.35286421688275
48.233542364518875
48.35701367281627
48.11285387767109
47.98350170940345
48.1321315168965
48.01989310302389
48.00399022380163
47.755304415491565
47.58652497359805
47.63163491935263
47.348405952315055
47.52992867686908
47.35275554061698
47.259555798555084
47.36495041606318
47.195559765714336
47.046418989622055
47.23155304585138
46.97042189530956
46.85878291544211
46.90738330506823
46.73142791056728
46.674918079394466
46.811050629162956
46.67814012493594
46.51219217847978
46.43064260323545
46.568475230742365
46.19590464722301
46.120580383879506
46.1879973190816
46.042853428219
46.12639495576219
45.92286975107576
45.894305515962
45.97790346769125
45.868339786015014
45.72927439096548
45.598698367486186
45.57152864393682
45.590646451901144
45.515657294361496
45.48189916310355
45.41496695829117
45.34643278771305
45.21755081029411
45.34590336812199
45.48109672788184
45.196619872987945
45.0772573722914
45.05400826482096
44.878606567422814
45.05959252115017
44.81232019305269
44.82741193899286
44.8232879854693
44.581591227036476
44.659940586533146
44.67554568496016
44.52178010762302
44.517642816140494
44.48702591383318
44.48874089478613
44.50138184016041
44.57788315719663
44.43437859669979
44.28387543798288
44.256047676351955
44.20809123740215
44.19994257756233
44.04439864107638
44.11725693203522
44.08403257788876
44.02823804226426
44.040913782804154
44.00228531536319
44.021533842655344
43.77276387712555
43.94985623476017
43.86481977056818
43.82579519194127
43.584904152273566
43.64223238043787
43.53401459302879
43.631691505680095
43.71325339019031
43.64269363947361
43.34824399964507
43.56495113844064
43.31722778020807
43.31167333903605
43.327695157491284
43.39203625668282
43.308392708766235
43.17575085687667
43.27718911226398
43.008072477340505
42.94158973687172
43.181297464442686
42.93914658107855
43.03296510326783
42.84416098108836
42.93808450275722
42.76227150948406
42.88740890493892
42.92410926854932
42.98132598347609
42.70666140983392
42.80635215506374
42.731983065342206
42.69970203310434
42.76284068693095
42.628082463672065
42.62600397581905
42.54002492134848
42.51949361458079
42.54584178787143
42.430052632057034
42.4329812681111
42.45357918438828
42.37628924196621
42.32207290514603
42.41474397786323
42.323829134216474
42.44560413271889
42.41154170530303
42.29394702361469
42.29590472745724
42.377519089684405
42.17300660866261
42.189938744005694
41.99698666461472
42.00492699150464
42.07309270342501
42.15750377180115
41.878978627266775
42.020591868192035
41.88949719176049
41.9561425728477
42.02356256712281
41.867006692940954
42.04445975932503
41.896532111865646
41.99921576763399
41.763761174141614
41.72039710227184
41.74733330663616
41.75379458587011
41.73952447020228
41.64695475601868
41.7113027287081
41.602770976852064
41.60973913044952
41.6642991770039
41.679515258833256
41.533814748246186
41.620498804088534
41.42463579518752
41.58881061225089
41.57624080723372
41.55469275341783
41.23257903793475
41.36740190066278
41.37601011573488
41.36952673426396
41.268972055049176
41.312194505781285
41.34189102982904
41.249745330094555
41.11105518879585
41.29650784445727
41.33951293905468
41.07235177314677
41.26604939898795
41.1040067571297
41.1752894231507
41.09208057852302
41.13321719439521
41.05481409152805
40.98620831156499
41.08909863150382
41.08206762611416
41.03367362595572
41.04945922155358
41.035032051211765
40.99755396922745
40.87768348402142
40.80400742792322
40.90597349367771
40.76034723609979
40.88581668815515
40.81260654640147
40.87479979514321
40.89862973263755
40.799325320039195
40.722081841569754
40.66773498078508
40.69824727388515
40.7135201503993
40.680201263970645
40.75298965629426
40.67899367676227
40.63317724161551
40.53046109063405
40.60266987267514
40.626976654694765
40.56053647664199
40.52339645099132
40.52408951478488
40.561463304271
40.57568168152172
40.47033513612448
40.616667415235874
40.49980611507007
40.492959728997164
40.30662668732955
40.38380769782298
40.41524144013183
40.341985065886725
40.331968067969136
40.46726717283996
40.42577294971674
40.396836442384796
40.29302133926975
40.32036279933711
40.11074022464951
40.090529907903964
40.25232925515967
40.14811883719878
40.262358273619604
40.1114303035042
40.04168553666779
40.24342714497852
40.272099313011466
40.01035616554126
40.092648683077094
40.10399401322004
40.066873025371144
40.00885090284067
40.025136753347965
40.058134840130556
39.994391885044685
39.92270752752498
39.89325416525356
40.04049790949053
39.98400381887914
39.90323167600223
39.919194698415744
39.931699678711425
40.062202927644826
39.919439799451304
39.97654347288127
39.842848066612426
39.83677306859358
39.78641929497727
39.80926994339048
39.67550659473039
39.81057051685118
39.93088971265605
39.74912660723376
39.72785586047778
39.69723510948903
39.75570272259049
39.79427330863683
39.81189531776116
39.735521943191685
39.677947245917586
39.79244750047206
39.65675814075971
39.646189798896195
39.71525132255089
39.62943379485757
39.691326811840945
39.70444492411106
39.541965169563845
39.56004922269501
39.621399170410164
39.5166557904716
39.50209948762716
39.447955842488234
39.51355368355498
39.42900653795836
39.307653156857754
39.48530386601899
39.57724567380763
39.363342403807934
39.556890870036206
39.55683572300978
39.37782390122852
39.484059125352275
39.520520110466265
39.378791356200026
39.349640038587616
39.37655943440816
39.291609714992916
39.33889985635978
39.16890797290416
39.40488655306462
39.421596352610784
39.29500876243255
39.34772418931639
39.26435508167915
39.12805423514532
39.15357739350461
39.22433867260558
39.12697294491472
39.241436084665416
39.18453533262488
39.13193649087776
39.21302280272662
39.07038989228749
39.136777142751036
39.096427888356594
39.29236078659497
39.100362219112384
39.13023251037156
39.039179083437126
39.12266865130649
39.15513341246509
39.04728940819718
39.00131691936109
38.99632369251188
39.009590518621145
39.082101814201046
39.09935636444081
39.016194694464744
39.06717904967428
38.9502368974129
38.905325365630105
38.890978430407564
38.93752946458077
38.882373749477615
38.76511346516207
38.814625460319995
38.81578684318654
38.82070759999047
38.76886509984849
38.786393539113256
38.78469005302073
38.9468495793706
38.88111192997086
38.815449466766374
38.87250754588075
38.83400592047309
38.822966208550014
38.818975217221016
38.64205668815188
38.85303908133391
38.62908087878663
38.975626908882674
38.76626822583876
38.741714161286346
38.75329097532045
38.790103153129486
38.76655068403594
38.63789012876663
38.64929484902466
38.57432123607089
38.62413291407501
38.598048839073726
38.7425760600129
38.692405464060364
38.70145929234628
38.71253683114833
38.659632406167894
38.62265253792767
38.512020637692814
38.61025173874253
38.46130365636197
38.5595022178802
38.555729181368555
38.638066349710805
38.479301709456415
38.55542021854068
38.592259362213014
38.540826511081455
38.6597963377552
38.54212394375131
38.560708423103385
38.46392164973709
38.45380730013622
38.34787487762002
38.29032375307791
38.43641801384353
38.3330775337401
38.31448954160761
