1088.315690030976
865.666188919179
826.9497271308106
806.1975092509601
786.8639161171986
765.6764710058637
759.6770808985707
754.1173972200704
745.5826135789674
738.4567625411223
737.1016581615305
733.0603931186228
728.7967979413897
715.7883234249912
718.3603701113117
709.3598979411308
707.1477698120037
710.3073818845793
699.4958408339934
690.5771860768646
686.339112198454
679.0570041822422
687.1240596363318
678.7601423595929
676.3790688266498
670.7557132410262
670.4811491575942
664.6311435814829
661.1942338600834
659.6667223265528
656.6153872785857
651.14445331166
650.9255811770636
651.1222118205229
645.7723150747421
606.5763935256515
521.3266563467697
496.51302491839806
489.39825472180564
479.76935115816474
471.59932833035583
468.65289028431147
464.8149180998153
459.9196269362469
455.5953289357181
457.6653187331012
447.35791541671
445.4990623394445
441.26557299261793
388.3948074262248
282.74070009474536
185.12799061096496
145.9896765715765
128.26569282812525
116.88196586923213
108.65695052681082
102.15532967801119
96.60066203105976
91.94862867842274
88.38713991680231
84.80966537265012
81.92603727855412
79.14829376736824
76.7571956531321
74.4988419551098
72.59961081826316
70.85673623131883
69.06720948742414
67.43956149721123
66.06007449114252
64.70883904609838
63.224378201574716
62.161158358782075
61.06340413880259
59.96453459063082
59.04602852399751
57.945435532712025
57.00597542392119
56.201179206571396
55.677924962671675
54.81139789563986
54.004334124793424
53.2312364467924
52.59756537069952
51.97671209253639
51.23514898479997
50.828151257299936
50.09273603852989
49.60423966956483
48.9320747788476
48.58032126863719
48.18667362768548
47.448073708792585
47.22254005587903
46.633749391870374
46.25159422334793
45.96877878270959
45.55083644471622
45.096046704920354
44.8640673507949
44.309996888503235
44.10054193740558
43.79274127136492
43.316411108092005
43.06211915105487
42.69333939960575
42.38879469285712
42.21795071517426
41.854184268379065
41.53609166794468
41.283553332178016
41.07067602625784
40.73683543491193
40.48837690267632
40.18475332643629
40.089969606187175
39.767529649794135
39.48098832668058
39.463686447925625
39.204846195462686
39.06436014329927
38.71485754471575
38.46922280954913
38.38708745142696
38.02222196513165
38.06352516745984
37.78274274583057
37.50265769248577
37.47079343158534
37.23487575685673
36.96072073061887
36.95036541410838
36.70178323864503
36.4952500727737
36.415474154838385
36.199559587099735
36.104367418812636
36.06642962545351
35.80593242733911
35.678784190496124
35.48290681718581
35.49494510751103
35.07104866439992
35.02380346689956
34.949174577686584
34.75662197198118
34.73979155044747
34.49218678784948
34.40424656872937
34.325702048146184
34.22328542562156
34.08645724469355
33.869095433946725
33.823631865237616
33.70049165587367
33.62021056577911
33.52203454790447
33.40273740331252
33.235896047266166
33.10721686041222
33.1537777850481
33.23042772274088
32.90652577762368
32.778630273299235
32.741555156733206
32.54554679051561
32.532952787578914
32.35297859919372
32.29894898563018
32.20633433844267
32.09859188560171
32.04947807694345
31.9684828466696
31.835313993490644
31.818063504626224
31.734491310221937
31.654666589083746
31.606974510748614
31.56416892324857
31.419106570218702
31.29964832848707
31.249847861555313
31.17951825191065
31.062555897143742
30.927590005159654
30.95608624144437
30.87879021854104
30.758490656230617
30.716383938800487
30.654091420163514
30.66590380798874
30.454180285252175
30.49896691352136
30.424572698359402
30.325900659978597
30.120816969360202
30.13944407677609
30.056129593050628
30.02402448620605
30.089201377202688
29.957323419634907
29.78610971749283
29.889910786261343
29.71881776736404
29.636786288201037
29.628527308212295
29.629549163270553
29.565089972927723
29.388609045396052
29.488054604058963
29.26462378403379
29.202638597334026
29.308017192295825
29.152755911237545
29.17131347248667
29.010069381314384
29.032205729585726
28.931320303246835
28.969590742695697
28.9575628651058
28.92253642386632
28.732017060309346
28.75480504899981
28.681814118316016
28.63732294328335
28.65849554322809
28.556078939103855
28.472735194059968
28.46099482039308
28.468490860804707
28.37841737979114
28.258023139260086
28.257873634753707
28.284791226640554
28.194556238026333
28.152424855059
28.20796731240124
28.10022207546524
28.08621271385839
28.04969585075649
27.99028585167909
27.92314188561971
28.057899506611573
27.852160087114115
27.767952513425612
27.719795692879618
27.6662848414143
27.730296997741913
27.722002351313503
27.533562027076524
27.59361540634446
27.491222326196745
27.511378702049953
27.489719370383288
27.416717639006237
27.454672753704624
27.41033617871285
27.41225132256592
27.266934079123576
27.238858433842495
27.213082802027145
27.18996248881233
27.13430353652961
27.05277289503698
27.130253002008697
27.052613391283995
27.0165234694918
27.011714567077988
27.0113646418523
26.915789255255316
26.935571359641425
26.795424774580283
26.91805092943494
26.902373977981625
26.942945809021708
26.613353629231835
26.67820479865223
26.703684726228733
26.63592745697171
26.577258793335186
26.63970498163596
26.676122932500977
26.550733708952862
26.412561871631837
26.553709066537465
26.52300224918217
26.39090595504159
26.460154124827245
26.35559479400582
26.371918477389215
26.316694226507597
26.29045859014091
26.22254426863351
26.202891841013358
26.29885509542301
26.295187436513647
26.164146877403567
26.21964514066374
26.172344878019086
26.14592526193728
26.01449420209258
25.985910422983903
26.03819399375284
25.919054026461538
26.00102514174453
25.927641640819317
25.929430886652256
25.976030030204488
25.879652580416394
25.782960360001955
25.823862673099796
25.77898417642544
25.806769430423895
25.71027178446875
25.80559467093275
25.752255218849893
25.76200921341821
25.601297998548237
25.65377917619737
25.672965998458878
25.580627140263903
25.572715257168884
25.476262983100934
25.58601824658798
25.56349968680549
25.4975444391164
25.60180564737938
25.46900356726539
25.468925435270574
25.312999837937948
25.41998368183235
25.37265840110182
25.339138529881662
25.33430763214922
25.362600906804982
25.36498069645198
25.29948129201198
25.23790623966705
25.23555759487809
25.09264812825191
25.126787212446782
25.128351277638092
25.132863314025133
25.18662859003078
25.08954925420069
25.060359883590422
25.111826669987803
25.163190813621384
24.923199034211063
25.04409798676711
24.9887110805669
24.925177387934202
24.871123755628222
25.007847256646286
24.940568708722356
24.878744440898544
24.860392320061276
24.844398766947933
24.921014812884483
24.915597935416955
24.815089992677667
24.800257530535205
24.796236826847473
24.86727741578343
24.790688320285046
24.789076214544632
24.724484199021344
24.684787656536667
24.63342473765731
24.717235650778843
24.58200297787243
24.6303788038424
24.71696936985141
24.57552547914297
24.552832601220015
24.528377595478606
24.584397935708907
24.5746244115093
24.600018997899266
24.533965506592168
24.475172274687946
24.55979786500176
24.468575564393785
24.462259793727423
24.525620899264975
24.40459874930337
24.455193234330057
24.479235136443933
24.33090269255698
24.317963366400175
24.43674668836597
24.339984541151335
24.247387062172383
24.293324131608358
24.253979594198892
24.251208359287357
24.196592815726955
24.266753249423555
24.30660934424154
24.157008831572238
24.300634730377197
24.295747162522883
24.181815618202602
24.181362488527352
24.281271192430676
24.11828258919682
24.14712593480236
24.08858249887049
24.063092427060678
24.055584772951267
23.970167452052817
24.11317136848928
24.117741586506
24.00183041436792
24.016561644899497
23.98340196747559
23.941256816167236
23.867599306374956
23.918043096420632
23.850364089820204
23.97115429702849
23.886924603528744
23.853404615227475
23.917219477964995
23.826892031161766
23.844628702638058
23.833400225923764
23.97805259361945
23.809336694266495
23.8526862316391
23.802047096876823
23.80491432543675
23.811258352301948
23.73310642920312
23.689833942261313
23.70345782368285
23.74653825137143
23.744126820257353
23.762263040975512
23.711110820557185
23.695637175696756
23.624952852921137
23.589206507543427
23.61816432245215
23.641442424242893
23.584027821381767
23.54020819834599
23.52040458218002
23.539042305982292
23.527537223184243
23.50590083172662
23.538571428531423
23.52308770109411
23.580529454919287
23.515691667179052
23.505187792989016
23.530307871356417
23.529482754060357
23.471885719980207
23.43261680160801
23.363080483771867
23.5391406072399
23.35786397708888
23.47820208141789
23.411448567867538
23.383765370625557
23.389113823004347
23.42600694240376
23.3945545326966
23.312366015952517
23.305323383527526
23.262324053891575
23.24618862250217
23.275208850098693
23.381506529324835
23.35104173446129
23.321061426354447
23.337695992750074
23.349271886491593
23.26468989061462
23.171512310356196
23.229074259260543
23.152636214652517
23.181215521498114
23.185805356317502
23.228464505733992
23.12890889536219
23.215722197193404
23.20333321914732
23.16738070911951
23.17464949286784
23.175462393379608
23.2314284161677
23.068923380711663
23.11759951725668
23.0929089839035
23.02396466142926
23.09533089412524
23.024446083197493
23.01933883654732
