472.661136426178
256.41302228359854
196.94774688012942
166.6970908727785
146.38495374602158
132.68125016499266
121.48963534232445
112.77767143974795
105.8668429395371
100.11516202491931
95.066800124484
91.39422812677442
87.96232118210288
84.92687049334275
82.12219433607284
79.62248423348406
77.63389698747551
75.6017330255478
73.59253410728043
71.96776460285962
70.60193399318904
69.12713314951012
67.75053127646014
66.58606740763136
65.21181456165662
64.06832628884881
62.94928140726313
62.14914848670798
61.406037054771616
60.62094024904087
59.6654730485198
59.10018878618896
58.07170622085581
57.39419391594993
56.71983591189913
56.24022769114774
55.68855219993665
54.99388363713155
54.35906357025792
53.984148971615646
53.291504476518334
52.91801844710881
52.4295712532307
51.95513025138674
51.638770874641956
51.14255338737951
50.76426901673815
50.25084965079072
50.046120163041984
49.63998483672305
49.25089983752773
48.86681025054657
48.338493627053445
48.222157574508
47.95506900540798
47.72735229585242
47.49147802265983
47.0590830212522
46.605168927531594
46.627197999683965
46.24093637669762
46.08153951474875
45.66753487268147
45.59997961161779
45.27655347842879
45.11057033323084
44.943988626876084
44.57867193957179
44.382257388090125
44.21200156325716
44.09123348056888
43.61183006623357
43.56583554143026
43.35481241272527
43.22385405351944
42.998346879355864
42.64807989467689
42.46409649332506
42.39425481962116
42.45616785786676
42.27083409283659
41.99719511778055
41.77327106289113
41.612493098624576
41.553619370107945
41.310121904037956
41.288476897205264
40.96846080767856
40.91939777001573
40.63228702170845
40.61001776400382
40.54957528848106
40.2108315001685
40.25329535366229
40.03444158652078
39.98960896964871
39.94118167216206
39.79788071946543
39.60436929954522
39.682771829884786
39.31350638105002
39.416356313565785
39.33194116608262
39.04347488758277
38.99664931252132
38.84058168623309
38.69732445529112
38.75946600773936
38.54260119945906
38.44907171106035
38.34419667342821
38.21649346750945
38.072787034695466
38.03649317664884
37.87067302454476
37.932447220275975
37.74265221132011
37.6601643466466
37.72032465045171
37.61027446803034
37.603309505036606
37.42243338810632
37.19532415694561
37.23573686652287
37.04726325814264
37.14683021684705
36.97305626655555
36.864638642991984
36.95838575152633
36.78025812690803
36.65234873141004
36.64658906617
36.51796623249006
36.40921449933243
36.46239020465864
36.34637508245765
36.28308521828395
36.310613515902496
36.20649406865908
36.125683159526965
36.03205782675558
36.11211779920402
35.82080899676319
35.73004971339362
35.775399413372234
35.68053398559306
35.685266354198234
35.52212934222094
35.52429726907104
35.49845015544005
35.40606673875782
35.32382245236257
35.230881645068834
35.208127195348446
35.17122805044536
35.128641051384996
35.08155147474428
35.02000718752876
34.912110688196286
34.82292754104697
34.889435488101526
35.01995144399239
34.742133945398905
34.686583847713656
34.679920232900905
34.4984258074084
34.63268878915127
34.44893255132186
34.423798062218445
34.382635567880264
34.25135324395655
34.303716315966774
34.280004975972965
34.15530921048139
34.154209883915364
34.13118144304152
34.03915151314984
34.03077442462028
34.106420739279734
33.971611013488825
33.9175281524629
33.814924363968565
33.80940979341696
33.73977291831866
33.68526197568678
33.68151015046934
33.608431896053965
33.57841881289217
33.58935068702716
33.528202011537026
33.554307535718586
33.403411367294126
33.505399773530456
33.35399891424384
33.30419372605305
33.161621165234884
33.18708626268901
33.13811224318136
33.12724538118352
33.267452093677086
33.16283906853645
32.979525164834875
33.0921704349326
32.91764290368196
32.90800784927112
32.879297893422525
32.90288930230429
32.85484898949171
32.716001841489664
32.85488440378463
32.62091221170234
32.55621857060826
32.736478279223036
32.55775303187324
32.59710440635305
32.44355804127101
32.50342587355208
32.3951191528484
32.50046602411318
32.4762011535922
32.491869560600755
32.31974831763029
32.314252423934285
32.299843185195165
32.27656567447634
32.25290960636238
32.22031346908232
32.20112188784272
32.14549427842069
32.15397396559796
32.165063337698975
32.024209386664474
32.019293764997094
32.0369093516381
31.997479096188396
31.944426760688504
31.9832535820627
31.87593622992546
31.935509098650176
31.90844921326099
31.886357740904867
31.85839276137719
31.939521366590657
31.777698857155926
31.73679586491568
31.65758734454825
31.589511001113753
31.661034117362345
31.62058803684131
31.477685770530616
31.57226031899026
31.487305538023833
31.5191669083662
31.552356293058903
31.474232135509947
31.538012149420464
31.50727513227844
31.469878050525086
31.372914673158732
31.310112006695533
31.282055961472746
31.340721003647374
31.259997136286415
31.245354260471952
31.260672239732823
31.219187818428207
31.171648712978513
31.17895417560713
31.197020803918196
31.158983621640783
31.177914274888437
31.037439589187226
31.160430405696797
31.143143588324502
31.210657158018034
30.86411186382273
31.007317641573806
30.963927914706954
30.974362790936137
30.862744794752626
30.927130308753167
30.94362747183905
30.881736333340967
30.77194968356649
30.897683813217665
30.887706994687136
30.740734035847257
30.77081390501226
30.731758723299226
30.78122927467501
30.657131368566173
30.647725593684957
30.6172446179866
30.602382010473388
30.727549448460977
30.66194454058254
30.569040738847846
30.691312430195627
30.623660944233432
30.617536314303212
30.47975487903318
30.47180762321717
30.522217491425668
30.411788435080393
30.514763043580967
30.425377100092362
30.431781918287836
30.48170618412148
30.375713608339414
30.347761255547066
30.358420717967864
30.315320218668816
30.298842405334437
30.22674531298915
30.331057097036904
30.257887973144552
30.281177890323352
30.13766099015
30.18534421174221
30.266318884477915
30.158427178423874
30.16359970071916
30.101331289682445
30.238641318088188
30.1814327195203
30.113219116254893
30.207442872317756
30.074314265250905
30.093961751756243
29.926217542017266
30.02638993493302
30.00429048509648
29.985345372033255
29.941454279887324
30.023992081324398
30.010737400781604
29.970587416189016
29.907099596165864
29.93295895939582
29.800705127225502
29.78147278374898
29.827158905443724
29.815561672454596
29.8946616138084
29.78869581369632
29.722559409353448
29.849225837753398
29.88745892768919
29.652678274573592
29.720846612376494
29.745678674674114
29.73445275193114
29.620694549556053
29.736207473026724
29.691230736282197
29.619635024976613
29.550505412964792
29.59324527021094
29.615773107155363
29.64603741591706
29.568649377300165
29.518959871102613
29.592715650043058
29.67208084056594
29.58721518768138
29.662733894477046
29.541424350225814
29.489605181295175
29.43030958567124
29.47915268474526
29.39691418016498
29.410049324101134
29.52198729272811
29.396672117206865
29.33704144030264
29.365890757190872
29.39333780738777
29.371047123059082
29.416421834475244
29.32540078411237
29.297012491336528
29.406574363688126
29.342979644030304
29.33573684195498
29.370529193928206
29.272775061349844
29.327112715119885
29.357007849565417
29.16853983386072
29.166664477844204
29.30128800993536
29.212320383946405
29.13752269426511
29.138648962863694
29.15420241208233
29.145829502409686
29.006050833232393
29.147934633002823
29.249198973684255
29.042471717907734
29.21517821814012
29.121676212066095
29.035858350239025
29.02882741875611
29.12710085404021
29.036462666912872
28.94385791374612
28.990748273771043
28.984807254486764
29.011785092698954
28.891191141633115
29.041743747935367
29.025202130915044
28.91272153450439
29.02108344257184
28.945855434378363
28.83399418016184
28.818864317527375
28.909525779153952
28.812824409031425
28.880747656620112
28.79315398609695
28.796152594965424
28.835054899414917
28.793311294813353
28.817504457300416
28.787107110552842
28.928025815506107
28.745002407503517
28.816230759625853
28.69662142360203
28.80607832929974
28.798463305207218
28.71874561835133
28.669634828437733
28.64986821965945
28.722754819117995
28.756538071843952
28.753163378643432
28.6885738445998
28.673518374612296
28.657737450755377
28.59458809061773
28.619856796465132
28.679533483678636
28.609351084761908
28.495786239679514
28.474835758909634
28.52662205446067
28.506452039288565
28.491245584555106
28.501081873489994
28.49083898632587
28.563424050299755
28.493721244680703
28.494074444745976
28.524691493127875
28.493183038877152
28.437415099202713
28.46453747792029
28.39947007501002
28.5476526449485
28.381873435762284
28.54032663862233
28.46573305717513
28.42796391659058
28.459487497826487
28.497836200886322
28.400257137672707
28.34179515949364
28.32258495533421
28.290829178815827
28.306404050583833
28.291995580076698
28.366970097806714
28.375268465252887
28.35339816481952
28.354787022146606
28.31836213592099
28.35982520482609
28.25333316249247
28.26572304122403
28.212439366078076
28.1995066162432
28.202888721817335
28.25879850492176
28.22340911926567
28.25565204624934
28.253454711366942
28.24686110118046
28.286323453184067
28.2942568209602
28.248042309484276
28.160284090525877
28.155348953126794
28.108361049186517
28.026387722692878
28.155067047847155
28.041642902131457
28.043914783123213
