509.45116446707607
257.0599613643988
194.85726059196008
165.08830972242052
145.82927163759334
133.2759289273506
123.58967800371312
116.5943036244791
111.13403069471106
106.63160441036047
102.95550527624484
100.32271614194549
97.7729605250485
95.63108468916926
93.42259866992374
91.60788475078039
90.17391719375343
88.68195768904421
87.16028555989364
85.68861024296439
84.74052399391172
83.70104141687271
82.56847359826872
81.64573898110328
80.40917542131236
79.43796816237567
78.58854945203515
77.83919684571283
77.4078938048225
76.71668045380297
75.91531177388131
75.49286894170801
74.49145573765824
73.95094601885773
73.32136471947517
73.0962896786271
72.5183926929227
71.99451608195922
71.49390901955384
71.14715659242263
70.516890102445
70.22842524879955
69.85713140249275
69.37720469375559
69.12674419406683
68.60766598004237
68.40472735071069
67.92930242350373
67.94137683288959
67.4470795972148
67.17506142888692
66.70499723786536
66.22977741343605
66.33635014218878
65.96164397791198
65.69802097400348
65.70984401589048
65.22735135225217
64.85794451079482
64.82031537824841
64.5661278840577
64.51030858833866
64.01846652656683
64.03606130231388
63.74544960427468
63.620495247227865
63.4409863466876
63.17154211576551
63.00209831065755
62.83191705354549
62.75170036378281
62.33196261170051
62.31302564450163
62.10459728567787
61.93909735533342
61.791741917169695
61.53109627144061
61.20580706001365
61.24943840817039
61.35904684635249
61.22161692016556
60.90146282853694
60.76036872322553
60.57706882535137
60.60616078329883
60.34742382953977
60.297693359732456
59.99933312419346
59.891411038051814
59.69783433242339
59.769479368183845
59.643464983327334
59.31449166058951
59.45548060395701
59.182347051975306
59.138756656965825
59.1263197599103
59.01088981723141
58.87560650548642
58.86238988932502
58.54622296347237
58.680967840673894
58.67571179499925
58.303298265967975
58.21082573996669
58.16381581111815
58.058515220667665
58.177784148740294
57.87866156833825
57.83262734709283
57.800118825932906
57.53660792836637
57.478666669141774
57.449874023071914
57.256218791663905
57.53826847611191
57.203225522935064
57.06947315602496
57.236654120171785
57.080146215149746
57.1524363442137
56.82938719223561
56.72109569412223
56.75889470889758
56.5288247191894
56.68340938997594
56.50603248197911
56.486548934471806
56.52436349782997
56.417353683857336
56.1605452655694
56.315521131909826
56.15864860829998
55.9889522827687
56.02811540409075
56.04017760831143
55.903364381308414
55.99794331418058
55.81485719857762
55.73909944700671
55.63521935145027
55.88483296540642
55.46651415130895
55.354265494196085
55.46676121557357
55.327062661440756
55.40048311489222
55.22038285460121
55.21889649360631
55.229734032103124
55.16793843897583
55.04265346230588
54.983332914551376
54.88491256995909
54.894066152594
54.80490182120328
54.928527827643755
54.72114527767828
54.608550054056956
54.58217323361754
54.650670464975825
54.851767325939626
54.5356583208737
54.38279664580279
54.417818333037985
54.22010431894074
54.33178372535047
54.11608778534758
54.118437383202966
54.16433847601646
53.98268474630538
54.11978825463095
54.02408174961872
53.89824225530429
53.94077960492027
53.866556729081026
53.79696658146795
53.92156357491524
53.92155162413502
53.74240280311593
53.67436753492682
53.58181327380071
53.62085120383441
53.57577512382449
53.432883174429605
53.5320877587591
53.4723667235595
53.36224358791183
53.36159728908434
53.37084918274062
53.42056422626191
53.198390931752755
53.29088648984936
53.18438467415194
53.1714241529464
52.95404539546786
53.042344945567294
52.93838252675348
52.98347570025595
53.18633646396601
53.04315501662643
52.795529443365815
53.027635889256715
52.77079853067071
52.74716289975782
52.78604147408663
52.78912995698457
52.79295857164337
52.56677146934231
52.70723597211958
52.439972487516776
52.40727888346806
52.6643975669846
52.435917573602445
52.57058152895627
52.327839727803614
52.39317156549291
52.27374097910581
52.41114808411222
52.36242879604882
52.438450398021786
52.160365482071334
52.18969697953812
52.1117101431723
52.13399804172966
52.24395479590973
52.11334083080144
52.02944060494386
52.043853456076896
52.087791445104756
51.999379064807876
51.82082150562542
51.89694654253383
51.93871582455199
51.90595100343907
51.861340584401546
51.946224253139086
51.74563834473617
51.97535430470412
51.85258543113164
51.884543591286445
51.74957471092711
51.932682460658356
51.64523130623231
51.67820084933573
51.5337181642694
51.45848471667123
51.560745527958375
51.63647141776153
51.323384068080145
51.44987083926938
51.412644178265545
51.41406796094847
51.52714351438618
51.42916343765538
51.47710427878806
51.44111192533732
51.54194744840873
51.27675147321471
51.239757758751416
51.2115877930756
51.25380068434654
51.25377530053452
51.19409952941737
51.198908110209224
51.12389950051952
51.113034566082455
51.16714195385589
51.230768856614326
51.06057506379667
51.140304636451
50.97752631381241
51.10464048804979
51.085721337905134
51.215089592810976
50.81692897429556
50.93168973178686
50.88504482163356
50.90082397897174
50.749152521861014
50.901690507032576
50.89686095499368
50.870108388736725
50.71701497167597
50.940317500381674
50.89783408529606
50.66618742265882
50.830332366852396
50.68802137938465
50.68818888418076
50.67722489007306
50.66417738464963
50.65381618265719
50.5632625619451
50.71360368019498
50.7539186650017
50.52247224808166
50.704827436108594
50.57270128413048
50.64683857278584
50.46291749596486
50.42092553194404
50.52046401628638
50.39296618833037
50.47451009787247
50.28995245703428
50.40296430447932
50.527351188444804
50.39839621797984
50.33031187948409
50.35155029262197
50.32093925566419
50.2396603108288
50.17688735115439
50.36991760251332
50.233474841717786
50.2966843615327
50.092531523522304
50.12354143110036
50.26463063348434
50.18927932126615
50.121095357486034
50.03021538061606
50.22670466069883
50.16041669237597
50.064460088148856
50.29195549283748
50.05223284769403
50.1059468082243
49.95592942298898
50.08288653023724
49.99348644237016
49.94959002155631
49.94958589016707
50.06010299895224
50.04190103345644
49.998454242571086
49.98040554509114
49.92778864763759
49.675540423268046
49.78025427445498
49.810800216318036
49.80343604110153
49.92009631640811
49.73618012721644
49.72562990149678
49.976307848733576
49.8987477213193
49.707843156141344
49.73684302955659
49.69601444730406
49.71031361135088
49.58294826397856
49.69616977982074
49.69821596326023
49.61347209023382
49.58613601006585
49.604591553281814
49.646285770975034
49.69366348323095
49.62403205529798
49.484772869823985
49.61412998451672
49.801562407617894
49.59291854959255
49.68229846948797
49.46120844607822
49.513713415372706
49.46510098959695
49.472931738049226
49.33165427055462
49.47892024234674
49.58966720012668
49.423171672148435
49.36161451647447
49.40430765096276
49.483851719464944
49.45446193040084
49.3854502912961
49.32925739447916
49.34481286426603
49.42346993493053
49.36012082145022
49.29022805448386
49.383994533829224
49.28195834636539
49.29449640951916
49.443642929486174
49.17352812309673
49.1254734066643
49.3799582209224
49.22926339432424
49.13610495445448
49.21489705974716
49.13632378909893
49.07506142519753
49.0314424630676
49.14920717928538
49.30121139294477
49.104446548431525
49.29374024458568
49.308112131248436
49.0786851828556
49.077190463373675
49.199092547797214
49.08832754649561
48.907969936423314
49.014039616647494
49.04926762971681
49.00114782139678
48.86502131166937
49.150233164488675
49.09366199207904
48.95843780999329
49.084695275835344
49.039682073304164
48.85376078115424
48.81356390389161
48.923190297828
48.88348901380525
49.028850196363614
48.84624586112367
48.90169799708659
48.988858185312665
48.822371703068676
48.87358921925212
48.923375451557376
49.05760311904424
48.87219275622872
48.93086976935245
48.7959020708
48.887220293192094
48.774489460529246
48.8011254554607
48.63452775599543
48.79180694483133
48.761508916372655
48.78505159499136
48.80831258511936
48.72971632083175
48.69555728043567
48.660028297038885
48.57270721974519
48.67178124220937
48.71391609537168
48.64742930260613
48.48408793958125
48.51325662641691
48.602993446658964
48.58352938394006
48.54060859789741
48.545742716252306
48.54554053441706
48.655123742423804
48.61360617418567
48.62946361357056
48.62588270082881
48.59373446520046
48.49260862170562
48.48478236808739
48.454111668099436
48.71002936802506
48.468242494874495
48.684302091787195
48.5172003986948
48.4910442633593
48.5920612843733
48.63810508909495
48.55452322054713
48.43242891415182
48.35402129001935
48.38138342102661
48.38994383889449
48.414579012050545
48.439627771766595
48.49199706308122
48.436407999252395
48.4273623463455
48.41099410490458
48.39428973153125
48.273996309793915
48.34674469927089
48.261675914086446
48.357222238346424
48.19306175870685
48.37560736576025
48.158218018510404
48.32210114241402
48.36655835869073
48.35801298461222
48.37908176148869
48.39159715828183
48.36715673381423
48.28407887177022
48.25311576583757
48.157440033833154
48.085386227337494
48.297125467229456
48.119368565538885
48.14977335743898
