564.3887876787071
295.3340207490118
219.5641446311895
184.11040293240103
161.3117506040134
146.06989557248144
133.97685600060063
124.29181610044623
116.75960704764465
110.4747237828963
105.04800761920045
101.14498118683927
97.33237675043172
94.06092688295381
91.10197196009506
88.45897031887627
86.34810357899433
84.14802234338636
82.13458542936435
80.38089448200026
78.86298908584524
77.46754555839222
75.95764431775262
74.69278196077077
73.27997738293207
72.07852424978883
70.8960639161212
69.97297716336097
69.35084538793774
68.52819419780562
67.43301661308057
66.8951656127406
65.7864085970697
65.03550592994391
64.32884060030311
63.77335935907683
63.240904777704024
62.58579252962525
61.89889995208906
61.507570611442645
60.72365958552049
60.270517683829155
59.87125498220257
59.280123942962916
58.897261041567624
58.349128273589336
57.95679587161697
57.36564697547095
57.251122798260326
56.74044261292671
56.36560626769765
55.8750711260742
55.34551720560622
55.2350602675074
54.980556888257524
54.5651882412976
54.39121934982388
53.94260721287298
53.493467816774995
53.34888420111081
53.071751362715894
52.87300604133541
52.36024901260031
52.15734749456785
51.79063292313498
51.700344984095125
51.40505360094074
51.181858545601955
50.85788139765925
50.65535740929696
50.499591965082296
50.08909307613454
49.95784594188351
49.77611418228333
49.490848304969525
49.3180234903382
49.008576349173005
48.683773189089656
48.636841517330794
48.68235767241771
48.453801644860455
48.19515857318395
47.92196936936387
47.72951360646641
47.57451269835122
47.3863287388837
47.34238397963645
46.99109597518841
46.918101552664105
46.67368343076498
46.59454542494086
46.52955843212613
46.224366207582115
46.22601859730719
46.01139472702793
45.88626592785955
45.89047770260964
45.649231461988656
45.49067583678991
45.59710295291683
45.137427314879744
45.216761031500845
45.18049604023093
44.83882217331753
44.80045987772681
44.61829121589789
44.49550371804312
44.55472298566698
44.298585412815044
44.25974917524809
44.10463818890602
43.91607699556383
43.84733722332367
43.744688904379124
43.59640381183246
43.686204725233324
43.42965132070344
43.27155470225492
43.41594835744144
43.2581818531364
43.27461717160346
43.05619741784105
42.85235922774257
42.84407464771346
42.692785852495625
42.84865525988912
42.57964623127952
42.52405933928001
42.49188168242895
42.4406055138726
42.18126344283713
42.35991318050132
42.1729650192934
42.01996991862813
42.018976962839524
41.96103371515763
41.85072568166698
41.93500027555814
41.77387936153793
41.69535188927288
41.50691181260401
41.720668503686376
41.369757578366574
41.317092390006394
41.33208156654124
41.233552893187046
41.282847548942485
41.05317286653851
40.9795471396912
41.049016421799045
40.980417722151735
40.894305643488906
40.703312807361364
40.702194979104256
40.67757615900572
40.64318996721021
40.634937409752666
40.488152653574595
40.3981494013575
40.33601457639566
40.45286260440892
40.51465706249351
40.23793818855399
40.2148832991284
40.14880943655576
39.98571324697624
40.15464726842462
39.902128845929276
39.96029097388493
39.89245464728696
39.77848287416897
39.75462444184357
39.76854748022184
39.67376014272642
39.635174281511134
39.66284237696675
39.60300150786966
39.58032279864884
39.63768638978117
39.47217270721239
39.38954868992821
39.33943032075539
39.30439605761413
39.22176471974136
39.134519524823894
39.178546616194865
39.118364759447296
39.09251434980656
39.08414049072048
39.056018775926006
39.090839892061986
38.90999604920907
38.980673461959064
38.83978488628278
38.82727765105335
38.63223181185185
38.718791595214675
38.6351624150682
38.594493917847736
38.69925940912169
38.55799366844021
38.38350399185099
38.55298401932737
38.43167744754299
38.410429032197605
38.39575297079803
38.42506310375267
38.39172410487581
38.178538843649996
38.3403574385665
38.12111890422637
38.01917071604345
38.21757164025815
38.02610103694883
38.11978498570621
37.931082448479884
37.95241181941508
37.891389431668046
38.00776200598532
37.987519465486024
37.99286391371564
37.751139833509555
37.855027596877335
37.79977394909104
37.788830616662565
37.8027645032478
37.77480493611828
37.68011167085703
37.63802852597889
37.67141766768395
37.607016010593746
37.503203844714086
37.483613497265296
37.5217017513448
37.48345656851499
37.48118640539584
37.51179901784952
37.38734288612623
37.47299664962171
37.41321102578285
37.3977058164969
37.31094700069145
37.44999547533382
37.27536439753261
37.22602895714368
37.143118499448555
37.108038324775904
37.17485165896631
37.17969129533193
36.992791478381896
37.066868941711114
36.98067415976908
36.980435786427854
37.04683803184133
36.95460490146758
37.053111539628134
36.983790579646644
37.0163955422704
36.80494463567316
36.77939122293432
36.76568857479042
36.804113971157896
36.75930452872728
36.715551926210104
36.773746194206836
36.707014326855074
36.70399895241075
36.674862240362074
36.741802563619316
36.61968012241104
36.701061963255036
36.54192010643941
36.681128600746995
36.578019722425715
36.70086335393531
36.31429288184611
36.45546167550125
36.444071273722265
36.47396141372507
36.333956618952016
36.451637556950445
36.42550805183248
36.3718569146507
36.25717510883478
36.408980533210304
36.32329118391535
36.18987664494204
36.28836610082621
36.220316036558195
36.21337560300365
36.17398107943547
36.20886650758638
36.115826782846135
36.042330093212605
36.16930412241788
36.19424899855412
36.03874692116799
36.120842323388054
36.11006883418688
36.08938739661917
36.00616516973283
35.96293481193299
35.96755405765859
35.85510035910628
35.949579260951076
35.878274077850286
35.86335465317098
35.95972985910521
35.8530665189564
35.748834702508766
35.75056373877758
35.766173529514255
35.740625251947364
35.71230640562627
35.82519086733987
35.74264997659792
35.79537386153742
35.5626153955674
35.67274062393784
35.73178985402915
35.58884808552788
35.603708279227476
35.57064076008901
35.6405505634716
35.641553409363006
35.503260043899154
35.75781699394307
35.525726649148545
35.60339651991609
35.39884793427544
35.593008825040165
35.43395823371128
35.45628119707533
35.433980486184616
35.51193681961354
35.447176959497824
35.43507991795958
35.342023187148015
35.39785816247694
35.16359928506531
35.24998120589814
35.272884970790074
35.22430678823405
35.34687419516355
35.23852440285102
35.170007215121636
35.32826648409815
35.31374328146668
35.04927472045225
35.2353746410216
35.14025844267534
35.169248227041386
35.080031965225366
35.23007329830022
35.129481259689385
35.06236630097948
35.00589898104588
35.01014442854392
35.10232204112807
35.132307943990575
34.99021947991093
34.99104319938093
35.00769514618937
35.1311920934562
35.020143112286654
35.059147046152994
34.94945613534108
34.88793734481764
34.8730338140308
34.97146510411195
34.774076236590986
34.87862608389163
34.98589435810929
34.79475938965944
34.815222494062056
34.78804596246704
34.879410220200704
34.80882933684611
34.86523286740159
34.7295477651674
34.74981886483557
34.85597713125963
34.770656627103165
34.73634194463241
34.81495908866565
34.71969483288785
34.7841962890818
34.82141812665059
34.641126212508986
34.613125556152106
34.78194344369842
34.64289892608204
34.53785980246605
34.605998702724996
34.538592932435996
34.555982878087896
34.50829337963244
34.575820960015044
34.66703872304772
34.528044256886325
34.650841330213176
34.652400448040666
34.509622263587175
34.50400816837911
34.64147986888357
34.47451278967281
34.443206957331036
34.44598493800828
34.38747413073232
34.453730001516824
34.30307846448346
34.49532880632892
34.51522684610173
34.309529065539046
34.44896970466447
34.371239070842904
34.25334729602483
34.1778290919398
34.321077532252446
34.250904349350556
34.34107926695605
34.27052749359975
34.21850191936843
34.29270424999606
34.24763952456532
34.16920544613881
34.21580321209893
34.332760762743106
34.19380948942663
34.24740166259216
34.16934403563835
34.26054580223647
34.14821366370362
34.1268552434153
34.09796943431244
34.1120748201661
34.14352113389409
34.19114234501419
34.17736529852041
34.121099943136294
34.093752280725425
34.060025822767436
33.99931413205922
34.05122824016907
34.01565864069864
34.015199947841694
33.960390244328245
33.89006120704354
33.892793082630355
33.90943925986904
33.88386072565971
33.92615473091458
33.86237049184236
33.99134021888303
33.919922993476426
33.95086686082461
33.94100422526631
33.956638701946176
33.857321902301294
33.833028272828024
33.756046673851614
34.01699376635117
33.75737148603659
33.985274723348624
33.85697310075012
33.78215286230045
33.83296749806067
33.91718320114194
33.83075472335016
33.76956570345427
33.730013838003934
33.697460586717106
33.7125164560718
33.71955731631788
33.823324870626635
33.82292948938593
33.76967789693871
33.79354136381965
33.779774030482365
33.676034631627
33.61028592705234
33.694568230455246
33.567954981102105
33.64676650788251
33.63447022156961
33.70881502645858
33.58308612945504
33.70943318528749
33.68261137222945
33.63392199646082
33.68214029563804
33.643826508958114
33.65356554446156
33.52977170372467
33.56963813070274
33.50201734044447
33.43228939165436
33.551077241291374
33.43701338193447
33.48695294131216
