658.1760225037834
339.59134091094757
261.61515631856145
222.25797571037938
196.00439332771444
178.72598386545474
164.8158254685665
154.60917946580008
145.25069752510413
138.20217178393565
131.84057998109742
126.92064630426853
122.56968262247157
118.88073988118286
115.43201459122689
112.43546516388739
109.75590486855752
107.34542061677041
104.95950256863203
103.24753744664581
101.31509618962873
99.7207390352808
98.18590093500127
96.91802490402455
95.58441917880732
94.46884317005286
93.05518076888161
91.96505982190494
90.9798877852278
90.1602138362399
89.49463355110123
88.29288635165011
87.55991750526313
86.77932808246948
85.85763058756383
85.11216516436241
84.62649040985241
84.04908501927005
83.44686639020186
83.15842080021888
82.12798463946268
81.84663414959856
81.54930546758352
80.61147839598615
80.43945798314424
80.08573456862254
79.60607427679135
79.1950749801198
78.8565010522121
78.35742016553644
77.7967899130188
77.3262011095362
77.13337490561496
76.44645370458197
76.3256558555582
76.03503767410693
75.9170533394327
75.25883256255683
74.98349228069047
74.83500218417032
74.69723683958144
74.41186082905223
74.05696455408815
73.79461392441809
73.50446740745001
73.30304042295069
73.17418023432106
72.98656794046295
72.40530755570818
72.47383847515361
72.27029135526114
71.7596450150158
71.77299686581696
71.29137581700574
71.17319961850983
71.02774477119095
71.03220049216604
70.4977583177763
70.27561046424208
70.47221333525869
70.19861974797344
69.87313856183466
69.58732220942227
69.41781383661136
69.55962564071201
69.11255930025398
69.0232365287789
69.01944551632253
68.52551649469534
68.69152449390182
68.42574377477342
68.37513003845358
67.98871961970164
68.18718471079363
67.8701450251382
67.88705965632685
67.67575561880419
67.62579416117181
67.49421141005797
67.0130582568277
67.05016641062178
67.13442527375572
66.9203254026469
66.45555606746079
66.73593815014765
66.38555841543187
66.61987077176151
66.26369759384629
66.19237453656363
65.91155765346305
65.83186600623539
65.69533448792394
65.55908260312798
65.78510374699113
65.59275445820907
65.42910012451115
65.2635019344691
65.32204497434726
64.97911033840468
65.01136398377871
64.82073044051799
64.64222140267009
64.82851183995538
64.68333558599721
64.67407439306763
64.47454185804223
64.39029085350982
64.26142102016404
64.11273123282606
64.11143805430535
63.996596108597544
63.90558740951263
63.926578150830416
63.91488583252567
63.565802537648445
63.63477934610281
63.62098535346474
63.3846628033455
63.1476485599668
63.23676799953362
63.16141618304294
63.19912459122778
63.22533644856541
63.062743449197974
62.900161417001414
62.92753930176315
62.85813302227614
62.87397682072365
62.518498559695104
62.40525831682434
62.51449638707759
62.467811659891765
62.29209666739306
62.379373814386724
62.08076380700276
62.244479324075826
61.955878531538474
62.069204566292434
61.96061688507206
61.92103681827617
61.82476199190959
61.69814329543417
61.83070273014933
61.63032747069329
61.670254475955154
61.47302888622452
61.55627970679555
61.46548684270584
61.60243766175247
61.026417072688844
61.23074885274077
61.123321887426094
61.12304892549628
60.97245331997339
61.09607052807636
60.97759054631475
61.032819672040375
60.973486382863264
60.99482580489117
60.73398449903815
60.69980529091604
60.60727634607031
60.70613546805655
60.616016943600606
60.406601338763586
60.53217827017621
60.403900710202265
60.29786736283893
60.50046170651296
60.42446529238328
60.328090375596865
60.39821645690622
60.33706084581322
60.197122381878025
60.12380352280939
60.04407096992907
59.95794454921923
60.038913255637205
59.86337979763505
59.73139058977494
59.856049407577395
59.79295318060925
59.9408736248578
59.769643486108976
59.906316540983454
59.6702375903084
59.69535117763629
59.59813235862175
59.58496235104308
59.503836035708595
59.341775583620375
59.40881353270206
59.37509274186277
59.415843276849216
59.392034792509946
59.11938286047675
59.31252181176004
59.16637817733906
59.344842567733004
59.13003871176671
59.03854141557465
59.26560085692201
59.24655039951151
59.04091449943103
58.9731171274251
58.97920763949856
59.018477608148686
59.09282765197608
59.04561510524346
58.740709175811325
58.92293268080895
58.99898865012698
58.76535796638985
58.80954554069061
58.896642255722774
58.79327156607015
58.887647795924465
58.73793411310402
58.595756262998215
58.66452444241845
58.562538109576884
58.56527150195236
58.613975529454024
58.40217020661846
58.59389110939813
58.27173199219328
58.31824396717629
58.464729431386
58.49591452340092
58.21430518899782
58.238860045377585
58.289664457658745
58.105597435001044
58.260744987275665
58.194010765560485
58.009034974716485
58.072340483244965
58.283653665436965
57.9701733986824
58.050224463638706
57.86139410420474
57.80260739132405
57.98190441628966
57.9812937787896
57.89679970861786
57.86175332049743
57.71814521856604
57.85789920174009
57.77621505635983
57.732535636336884
57.71702441215805
57.60591223598672
57.744132713241015
57.809259396612106
57.70838126886077
57.46500892553089
57.392674997232454
57.506857294616076
57.55449933138379
57.236528375868225
57.38720815776449
57.49953836606971
57.501892269372554
57.56519588530668
57.641391769299254
57.619638545137036
57.29759326325064
57.441380067558676
57.48154252954447
57.417603608665075
57.48329415114188
57.33806248649941
57.326288698097365
57.444657372739734
57.33168653788903
57.146781942442566
57.23214479433084
57.30155575017068
57.15115414389564
57.018941372515656
57.086341602475564
57.03321908895239
57.09361204227516
56.92622041877274
56.94458058980575
57.07133526322582
56.917848560033235
56.9241993294246
56.99225962571751
57.00017932021222
56.773814954262406
56.83919558211611
56.58581793484071
56.811176928391326
56.80118718112362
56.61573947371696
56.67087053868982
56.62699606730615
56.76747486334668
56.72845631528961
56.69502803845349
56.64556864176999
56.82274347655285
56.74736422981673
56.61650082319796
56.53787825871105
56.591464358746805
56.713861042283895
56.51836315928963
56.54254140229199
56.374425825357314
56.27280940445353
56.474678892715154
56.4159393311002
56.50306296749975
56.411290457967546
56.36079220182531
56.38783085189912
56.39425623171045
56.24758340175631
56.373920814034726
56.36102133568023
56.38589719489562
56.21773476308014
56.35600917372
56.44269037779674
56.29484613243193
56.42223124938919
56.33768640537516
56.23613745335272
56.05094839265974
56.3059680379932
56.53117605337442
56.12606964910787
56.34793874476182
56.310549655385906
56.29026134452562
56.31031532380539
56.06425059887642
56.1926805850556
56.19342519744031
56.09804940209457
56.281329038290075
56.03920488945994
56.15932698975146
55.98792489230468
56.031140971796226
55.84448047152409
55.901199617557154
56.06219423369112
55.87794108029001
55.95492231404012
55.946020948132436
55.68865588011388
55.821927814517245
55.76627545789145
55.98271018174805
55.96647773750231
55.882161189415235
55.88352803906073
55.84347027112998
55.74873259312099
55.68401041615609
55.799458656852
55.61886558741404
55.664826087992964
55.85252243546412
55.8361776381793
55.64995962453801
55.575667368267005
55.448484854155765
55.64343933755487
55.52144248782802
55.713873320112896
55.7035225683002
55.57649666477934
55.58095273775095
55.56474967187313
55.514998905890415
55.60203816554603
55.71986955002771
55.52897657606235
55.63338931144629
55.50472056652674
55.4074174538675
55.27333804223182
55.36819102474578
55.37859106511515
55.219140992104684
55.360062543941574
55.346521970009185
55.3443095491183
55.294974378717484
55.434292338241924
55.29584684172286
55.27287130630584
55.412111902844494
55.305709037408946
55.31189314443142
55.09434780387903
55.23023405690009
55.17833609264179
55.251374434112286
55.15512163240422
55.14560668693145
55.10295225895975
55.325249539410514
55.16230474621423
55.13728227948793
55.41451023794364
55.097804877514136
55.111292246529416
54.954513412869
55.110333608269855
55.01403770239762
54.996946244961656
54.94653461209908
55.11821484229281
54.89307027416327
54.946787150871366
54.96189695744264
54.843951362297794
55.006755833920835
55.00584488156161
55.0381753893951
54.780337258819465
54.819331440492874
54.56562502575306
54.78481966556137
54.71366481531181
54.920277268325435
54.77253091569801
54.79328767367434
54.746937213618615
54.82209332523548
54.94610309333323
54.74905105754618
54.50365201854361
54.81722256363267
54.640264268252025
54.73665531735835
55.01292239772018
54.92873435555439
54.77460942297456
54.79663785673619
54.83741105921524
54.735022696434534
54.7274990178826
54.660713807453305
54.73625800589253
54.648162131966586
54.75651619258213
54.80604216626244
54.807925343427826
54.82057359815487
54.86428558633529
54.85021574885591
54.73302885856774
54.69127293230315
54.57209112777048
54.74377857460845
54.72338043387821
54.66431302770403
54.50197964564192
54.50604167534474
54.67598248163565
54.67578718424744
54.41339729422872
54.61217951008012
54.60780976128905
54.765949610233754
54.6878716807823
54.529455134450416
54.43716169217342
54.49243251621746
54.43614206368043
54.48559895484225
54.45454079611806
54.310788850595486
54.5206953824085
