616.5517562981832
283.8271236737157
213.62951970575907
180.75170493181835
158.78934324230016
144.21220242345558
132.267784252732
123.21039682718406
116.06586607566113
109.97195054947343
104.94742415381388
101.36641650636976
97.81035930961747
94.73827385717011
92.014093968653
89.71655577397712
87.68850160136792
85.8156469757547
83.80479227218063
82.20689514199474
81.02425375911115
79.71810783594503
78.50495154524731
77.35536706754988
76.03179954178103
74.9106538996185
73.98445538417106
73.08432681416924
72.67306594929751
71.83120730410782
70.7887729325913
70.53850977149972
69.40803377499459
68.69376486682533
68.05328448575847
67.71235168209414
67.23307056036042
66.56248971504908
66.05565081450165
65.67882243379758
64.89807707367358
64.58104180790063
64.11126757174607
63.67734116656504
63.376071941372004
62.829504824539036
62.501349595999976
61.94788544080799
61.97971708879103
61.46361684106383
61.14654079269702
60.68066267298096
60.164621147761814
60.118204133623266
59.86834144791218
59.47662499602698
59.25602874313413
58.9348459218617
58.40282519908667
58.480973875650555
58.09469250979688
57.9888072292083
57.66417994273508
57.35434870724205
57.18428460607392
56.98712957978429
56.75108502562485
56.430329769518494
56.21169862839125
56.02032488868895
55.8765672220129
55.466838635598556
55.36945840498549
55.101428850936884
54.959174142701556
54.86780564878078
54.54964922188547
54.18020553573157
54.15900542601779
54.27880517930197
54.0971874129497
53.727866490490214
53.60046979788419
53.400493757301184
53.33308962075992
53.14803049842933
53.02245152502638
52.703793133966975
52.714478764425074
52.332379942573645
52.255292942734535
52.25894038206576
51.93078262706891
51.97208161046632
51.77674214059069
51.65977175076211
51.638667174730934
51.46296169351006
51.273469674373395
51.32467583023697
51.017299528893666
51.059162565490794
51.077773531610255
50.63966877998288
50.60335642930723
50.40395060133187
50.31970068515333
50.3369415575813
50.17436203727478
50.067015793650704
49.92359151277435
49.77144706462415
49.723069991947646
49.55437815463535
49.483340163284964
49.59032449401699
49.4180315183994
49.219139987282574
49.30684256627661
49.13030877470334
49.14450474518059
48.87204923541202
48.73932380923137
48.84059909175934
48.469079221678186
48.698513491388155
48.55757083728102
48.43666783692343
48.39913983974443
48.34060419346469
48.11493848220488
48.24853420442537
48.06106116376862
47.92294206915866
47.936440896557514
47.938228998088356
47.814543413082056
47.835077844035574
47.720545929774545
47.54983234645948
47.431719056124756
47.67701781579387
47.206368130266945
47.169244040921235
47.23461631353748
47.09833689401313
47.07455340733572
46.95363465477484
46.96553388055335
47.01186014117286
46.89291863484899
46.69248721550253
46.527350673925774
46.5878551227546
46.49371367459744
46.49927379584795
46.52447225794045
46.37036582575851
46.26566037837185
46.1880208951354
46.33575825588533
46.453583403015195
46.16635316327491
46.04549039118137
46.08758130074302
45.81452119344137
45.97793746780251
45.822068799421174
45.817361565129694
45.757505219067276
45.60110052088038
45.620589346891336
45.66297244954
45.4776221090301
45.53423284090601
45.45150351203274
45.41759767389527
45.43049221180353
45.49531178039933
45.25451355479489
45.2240880474779
45.10473155015571
45.16467011468455
44.983882682746504
44.89986118410275
45.00848359408828
44.95929141107397
44.87356075823109
44.895517064083954
44.86145896249753
44.88760786503783
44.64098328593167
44.843405900044694
44.6795987955392
44.64646106504745
44.4446229464728
44.478150293606994
44.43314630273624
44.447387079908616
44.554004047278134
44.45239255369754
44.279313569590016
44.42360077864382
44.160849496039084
44.18212856639865
44.16271613725167
44.19257895973681
44.18547883052378
43.990190389506125
44.0994575481047
43.84395519228129
43.718686610463116
43.966651260595405
43.76928855838505
43.85870335237624
43.642823046396494
43.77323649980963
43.6693622971205
43.73773822213365
43.68395997254235
43.71300316768926
43.50244579374871
43.5819219158164
43.54836425314912
43.521322937815306
43.60983883721202
43.48280480634687
43.43566659747976
43.3446678117738
43.33731819607478
43.33877025351222
43.24061144724167
43.17862601231783
43.33726719527552
43.220506181132656
43.21599452910639
43.25465747926449
43.13833506345554
43.21188384440946
43.14158240853024
43.12289961686414
43.05808352916801
43.16727817711493
43.03438534192949
42.91878076253466
42.843014342205414
42.80568482567178
42.827577020959495
42.92422276340505
42.6290691291858
42.78513504637141
42.63077884442428
42.68356147698446
42.714443745528165
42.66073345953763
42.7720265884473
42.74801877029525
42.70246504420325
42.44225049190704
42.43753865193607
42.47595923589456
42.52092293356946
42.43751309484792
42.36351010649128
42.42007358113775
42.416473898938825
42.28429829056082
42.33830420645105
42.431533043192886
42.2588813367459
42.337245997518615
42.18038794053338
42.2869721003021
42.2438887016221
42.3247313331932
42.011611696957964
42.07056168017139
42.18229088883643
42.10070652720115
42.02824958457145
42.11809847162052
42.10861122463404
42.00428060375646
41.84355691580412
42.06107584212732
42.04189874521052
41.83594943773161
42.00459499035483
41.823898848810366
41.81541789403193
41.8297127405021
41.84273383151936
41.746540982704836
41.732910947877606
41.87774137581488
41.841918493282115
41.64937396196758
41.823308109665795
41.78654427245715
41.728362887153835
41.50032513127338
41.53703149040144
41.65774675975189
41.49990140374503
41.604190429041694
41.481673221227595
41.543653017061544
41.599973149868156
41.49314941752031
41.39389680391997
41.387966199524776
41.37325253849011
41.3806499974963
41.32998240983163
41.448629405232005
41.33568336550789
41.387452464321356
41.22676983135636
41.29277600067227
41.36035818543997
41.26463424089325
41.13591403705639
41.1212589900642
41.20658732694521
41.30008942982143
41.19583066098832
41.377168013602166
41.140021393690375
41.20320658796064
40.9965060236776
41.064037297826395
41.08957155227888
41.01343355903015
40.961527742077834
41.07555180486442
41.08026618835978
40.9949331454334
40.95079996884534
40.96206081741469
40.762250570000866
40.756691467023096
40.84270440857468
40.83958505499599
40.952631297671964
40.76240066275999
40.673945120114475
40.90075668638134
40.96655754246006
40.6908254386179
40.696458757960265
40.73971450209451
40.684738530122814
40.55491847435241
40.752753538593915
40.68657526304663
40.64730501604513
40.5611085153555
40.604818954269916
40.69810476755449
40.655467112007784
40.522565566290034
40.578042469995395
40.5453531474294
40.68312686584585
40.633530951808744
40.63069823191476
40.523985553410775
40.477246874088316
40.38748486574011
40.47045662530806
40.30418599559702
40.368150864525205
40.52636367771668
40.342970547773724
40.363807107628986
40.30396591793794
40.4005396578109
40.32139994340276
40.385493431752735
40.24510644936918
40.29124453341394
40.37875013470448
40.35533009252547
40.20274387323129
40.29545858794088
40.23126947898816
40.261274244139706
40.32766249718892
40.14454526007523
40.06582768460925
40.22955876150589
40.12437470080305
39.99056698362458
40.10529360336674
40.07441726121698
40.07204097472426
40.00188655893766
40.06073086977185
40.13185931033485
39.992878150154155
40.10069431201337
40.1434115530412
39.97161767419674
40.03239563895326
40.05857269601995
39.97472465738848
39.9346625561744
39.92807325157617
39.87762202182179
39.861921530994664
39.772730769139486
39.942214922041785
40.039461043321985
39.83715159489277
39.88182502046038
39.93377373455562
39.71242923359398
39.65007872285217
39.770013243031485
39.74967170900647
39.824555303740844
39.70583163775548
39.708152850165504
39.80047741742299
39.6346978031436
39.62507347209583
39.70192210523103
39.845428939432104
39.68794334093761
39.71206943771716
39.630534390504685
39.71140969384899
39.62805437320977
39.62016184637312
39.53621727321899
39.586514436614685
39.5497323668434
39.585107200055766
39.62292050774951
39.60435269037001
39.586102203748325
39.469038764065836
39.45777165140993
39.50398677814169
39.491937816521855
39.4946230292278
39.41223103470238
39.27612057086491
39.39480615280635
39.32668851777304
39.376284271811166
39.352015020957204
39.40714374028156
39.42067127725613
39.4107789878179
39.37492748719858
39.360408973773815
39.39430776993921
39.35064649941352
39.312128026545025
39.19085167564253
39.406501605867895
39.214002239968416
39.39026269827192
39.28809298097037
39.253267246862784
39.28359747728268
39.426403745096714
39.2578175142322
39.16371197580302
39.20601466451519
39.17677807359158
39.159370173163644
39.14208531600029
39.25354943434616
39.26282318520541
39.18200043356081
39.193209150275685
39.154850583311486
39.17558430034517
39.04421926439572
39.15561093179769
39.0837875107644
39.0459065058157
39.10396088231858
39.139449996310915
38.88137904556087
39.09445577410697
39.15295020922906
39.11448028176027
39.11805260757468
39.07318825961877
39.0849343869175
39.00282316901738
39.002678178594785
38.884217249443886
38.79390623945417
38.96432620254779
38.84748182179571
38.85694786875374
