Learning Rate	Avg. Loss	Loss	Acc. at 1	Test Loss	Test Acc.	Time	
0.001000	1.854538	2.146358	27.261999	2.145611	27.219999	1242.580410	
0.001000	1.588295	1.412351	48.835999	1.416169	48.220001	2470.304193	
0.001000	1.344620	1.281490	54.116001	1.302848	52.880001	3629.508249	
0.001000	1.250380	1.194230	57.362000	1.233952	55.709999	4896.901785	
0.001000	1.158291	1.141000	59.164001	1.194192	57.380001	6159.584777	
0.001000	1.091854	1.086239	61.610001	1.160388	58.810001	7358.087253	
0.001000	1.079904	1.039673	63.119999	1.123836	59.900002	8586.755935	
0.001000	0.993492	0.999170	64.772003	1.112376	60.529999	9830.079107	
0.001000	0.943662	0.973606	65.788002	1.109660	60.950001	11085.798976	
0.001000	0.905594	0.945054	66.804001	1.108380	61.619999	12396.991874	
0.001000	0.875089	0.929942	67.575996	1.121002	61.660000	13660.355704	
0.001000	0.874126	0.885061	68.945999	1.099707	62.029999	14911.381281	
0.001000	0.793022	0.880950	69.374001	1.141774	61.939999	16179.394257	
0.001000	0.827256	0.843631	70.459999	1.107346	62.119999	17435.075757	
0.001000	0.739948	0.824725	71.461998	1.138654	62.750000	18682.924011	
0.001000	0.695701	0.811727	72.042000	1.163228	62.349998	19954.093688	
0.001000	0.695126	0.789790	72.653999	1.159681	62.430000	21248.988841	
0.001000	0.673773	0.777579	73.225998	1.186933	62.250000	22509.589433	
0.001000	0.661379	0.761943	73.788002	1.209810	62.660000	23727.799594	
0.001000	0.629002	0.756798	73.931999	1.231826	62.540001	24980.812849	
0.001000	0.599165	0.746081	74.486000	1.274881	62.660000	26214.873989	
0.001000	0.656900	0.706643	75.358002	1.226418	62.580002	27488.596102	
0.001000	0.562263	0.705431	75.898003	1.289384	62.020000	28797.113507	
0.001000	0.571979	0.688399	76.320000	1.309180	62.669998	30088.489007	
0.001000	0.528539	0.688725	76.680000	1.349772	62.000000	31320.405463	
0.001000	0.516921	0.680119	76.893997	1.369363	62.540001	32629.810734	
0.001000	0.465120	0.672829	77.620003	1.419218	62.200001	33897.413888	
0.001000	0.518944	0.644504	78.080002	1.402907	62.209999	35175.615972	
0.001000	0.506811	0.632445	78.192001	1.409073	62.250000	36396.505882	
0.001000	0.453598	0.636932	78.566002	1.484471	62.250000	37649.403502	
0.001000	0.444712	0.634686	78.584000	1.521229	62.119999	38907.225107	
0.001000	0.478878	0.607316	79.098000	1.489324	61.860001	40243.091186	
0.001000	0.459251	0.593849	79.351997	1.514609	62.029999	41551.630262	
0.001000	0.419940	0.585309	80.052002	1.563597	62.080002	42823.107202	
0.001000	0.430916	0.577519	80.101997	1.582946	61.799999	44074.026086	
0.001000	0.431808	0.566930	80.412003	1.568429	61.459999	45348.079853	
0.001000	0.419282	0.554726	80.671997	1.627298	61.590000	46634.603595	
0.001000	0.355442	0.561823	80.956001	1.710023	61.259998	47913.637296	
0.001000	0.361249	0.555252	81.330002	1.725731	61.570000	49138.996415	
0.001000	0.361585	0.544033	81.716003	1.758938	61.849998	50385.098223	
0.001000	0.322216	0.554080	81.786003	1.818513	61.770000	51682.298553	
0.001000	0.347475	0.540373	82.160004	1.814064	61.360001	52998.378356	
0.001000	0.341633	0.530968	82.398003	1.825963	61.450001	54265.679100	
0.001000	0.334213	0.514698	82.949997	1.843729	61.480000	55536.220262	
0.001000	0.334402	0.509993	82.753998	1.860324	61.439999	56810.607981	
0.001000	0.275280	0.516257	82.926003	1.969381	61.090000	58130.486310	
0.001000	0.316501	0.518808	83.110001	1.945119	61.099998	59429.795089	
0.001000	0.322404	0.496752	83.475998	1.931926	61.139999	60681.274227	
0.001000	0.258012	0.508719	83.570000	2.035088	60.900002	61954.487863	
0.001000	0.356504	0.475946	83.849998	1.907815	61.250000	63227.019760	
0.001000	0.294167	0.466661	84.304001	1.974486	61.130001	64487.480405	
0.001000	0.301633	0.460396	84.503998	1.989099	61.180000	65727.705079	
0.001000	0.252921	0.470483	84.711998	2.090049	61.139999	66972.618483	
0.001000	0.287130	0.460836	84.828003	2.067715	60.910000	68224.981190	
0.001000	0.253443	0.466613	84.903999	2.109344	61.060001	69484.609613	
0.001000	0.233550	0.474190	84.977997	2.186687	60.810001	70773.690080	
0.001000	0.235698	0.477459	85.101997	2.211561	60.630001	72007.898399	
0.001000	0.232619	0.482235	85.050003	2.248521	60.860001	73271.415768	
0.001000	0.285989	0.446328	85.260002	2.133697	60.939999	74583.998307	
0.001000	0.265812	0.434466	85.727997	2.158819	61.250000	75817.982224	
0.001000	0.199705	0.457858	85.692001	2.287927	60.869999	77040.512321	
0.001000	0.257008	0.422815	86.314003	2.235955	60.860001	78252.011435	
0.001000	0.222821	0.433154	86.230003	2.308303	60.279999	79555.810412	
0.001000	0.280608	0.414747	86.278000	2.205951	60.400002	80823.208145	
0.001000	0.244189	0.409310	86.531998	2.248370	60.610001	82097.523420	
0.001000	0.271715	0.392039	86.674004	2.218299	60.410000	83322.896193	
0.001000	0.240824	0.394605	86.664001	2.276025	60.070000	84546.488992	
0.001000	0.260730	0.376828	87.094002	2.272034	60.279999	85823.898054	
0.001000	0.213385	0.387222	87.101997	2.355369	60.450001	87079.094347	
0.001000	0.215995	0.379272	87.533997	2.372916	60.220001	88324.281991	
0.001000	0.254913	0.373694	87.127998	2.291374	60.349998	89534.003448	
0.001000	0.192962	0.371733	87.503998	2.404418	59.959999	90781.404513	
0.001000	0.189673	0.371714	87.482002	2.447921	60.020000	91999.503777	
0.001000	0.245264	0.369018	87.431999	2.384720	59.730000	93257.319871	
0.001000	0.224134	0.356483	87.708000	2.399421	59.910000	94517.379467	
0.001000	0.187906	0.366949	87.699997	2.511559	59.959999	95795.196865	
0.001000	0.205658	0.348495	88.143997	2.493713	60.099998	97087.709903	
0.001000	0.171957	0.370041	88.031998	2.610038	59.959999	98331.092078	
0.001000	0.182387	0.355539	88.199997	2.569412	59.820000	99601.979098	
0.001000	0.227511	0.343383	88.082001	2.507834	59.439999	100841.793459	
0.001000	0.171561	0.349663	88.351997	2.652977	59.799999	102107.016074	
0.001000	0.215785	0.340073	88.564003	2.600215	59.750000	103412.613759	
0.001000	0.215779	0.330911	88.751999	2.564909	59.820000	104660.619472	
0.001000	0.144483	0.353759	88.599998	2.708729	59.790001	105906.491634	
0.001000	0.200393	0.326903	88.933998	2.610204	59.919998	107177.796044	
0.001000	0.167964	0.333618	89.012001	2.706085	59.820000	108420.980247	
0.001000	0.191941	0.325129	89.014000	2.689787	59.369999	109648.893111	
0.001000	0.178382	0.326084	89.239998	2.698909	59.860001	110864.130788	
0.001000	0.136566	0.332780	89.195999	2.814043	59.759998	112065.908167	
0.001000	0.221073	0.303263	89.452003	2.649438	59.560001	113378.013299	
0.001000	0.164109	0.318785	89.433998	2.809691	59.770000	114663.531244	
0.001000	0.178376	0.302528	89.697998	2.748930	59.549999	115912.813580	
0.001000	0.181637	0.292147	89.828003	2.692318	59.360001	117189.107424	
0.001000	0.173868	0.293196	89.907997	2.764550	59.169998	118465.474826	
0.001000	0.174861	0.292376	90.138000	2.805297	59.599998	119762.815651	
0.001000	0.196322	0.276160	90.197998	2.736488	59.470001	121004.887648	
0.001000	0.143227	0.287865	90.297997	2.870834	59.410000	122265.504580	
0.001000	0.123264	0.298044	90.362000	2.968071	59.209999	123524.400018	
0.001000	0.166895	0.292865	90.213997	2.900099	59.080002	124790.208659	
0.001000	0.160800	0.270579	90.601997	2.869225	59.500000	126032.605562	
