Train Loss	Valid Loss	Train Acc.	Valid Acc.	
0.000296	0.002330	20.162000	10.000000	
0.000283	0.002342	25.950000	11.420000	
0.000246	0.002186	32.252000	19.630000	
0.000231	0.001946	38.150000	29.620000	
0.000213	0.001708	43.092000	38.750000	
0.000209	0.002373	44.948000	23.880000	
0.000203	0.001914	45.930000	37.210000	
0.000188	0.001514	50.730000	45.940000	
0.000176	0.001512	55.028000	47.800000	
0.000170	0.001354	55.556000	50.770000	
0.000160	0.001230	58.972000	56.750000	
0.000149	0.001376	62.046000	53.840000	
0.000148	0.001730	61.994000	47.150000	
0.000136	0.001487	65.134000	54.140000	
0.000129	0.001374	67.194000	55.600000	
0.000122	0.001252	68.622000	60.880000	
0.000114	0.001008	71.024000	66.980000	
0.000106	0.001221	73.132000	59.760000	
0.000105	0.001317	73.278000	60.360000	
0.000100	0.001003	74.900000	66.820000	
0.000093	0.000879	76.756000	70.380000	
0.000087	0.000856	78.092000	71.230000	
0.000083	0.000764	78.974000	73.580000	
0.000079	0.000923	80.100000	71.060000	
0.000074	0.000943	81.224000	70.610000	
0.000074	0.000804	81.452000	73.840000	
0.000071	0.000778	82.386000	75.220000	
0.000067	0.000781	83.242000	75.580000	
0.000064	0.000566	83.918000	80.730000	
0.000062	0.000621	84.588000	79.640000	
0.000058	0.000668	85.208000	78.690000	
0.000057	0.000735	85.722000	76.790000	
0.000056	0.000559	85.836000	81.490000	
0.000055	0.000882	86.350000	72.800000	
0.000053	0.000637	86.888000	78.900000	
0.000049	0.000628	87.524000	80.070000	
0.000048	0.000618	88.166000	80.060000	
0.000049	0.000558	88.124000	82.540000	
0.000048	0.000723	88.168000	77.520000	
0.000045	0.000687	88.412000	79.040000	
0.000044	0.000604	88.828000	81.340000	
0.000043	0.000641	89.268000	80.660000	
0.000041	0.000703	89.898000	78.150000	
0.000040	0.000954	90.008000	74.160000	
0.000038	0.000710	90.362000	78.670000	
0.000039	0.000627	90.286000	81.230000	
0.000037	0.000531	90.824000	83.400000	
0.000035	0.000527	91.464000	83.360000	
0.000036	0.000582	91.096000	82.720000	
0.000033	0.000567	91.562000	83.090000	
0.000032	0.000511	91.906000	84.170000	
0.000031	0.000745	92.050000	80.110000	
0.000029	0.000519	92.672000	84.150000	
0.000030	0.000672	92.462000	81.190000	
0.000028	0.000629	93.004000	80.850000	
0.000029	0.000670	92.596000	81.910000	
0.000029	0.000569	92.646000	83.560000	
0.000028	0.000769	93.052000	79.590000	
0.000028	0.000586	92.968000	83.050000	
0.000027	0.000572	93.392000	83.670000	
0.000027	0.000485	93.260000	85.370000	
0.000025	0.000502	93.858000	85.630000	
0.000024	0.000644	94.020000	82.420000	
0.000023	0.000557	94.322000	85.090000	
0.000024	0.000451	94.346000	86.680000	
0.000022	0.000454	94.538000	87.150000	
0.000021	0.000614	94.544000	83.810000	
0.000022	0.000436	94.472000	87.680000	
0.000021	0.000600	94.758000	83.640000	
0.000020	0.000575	94.864000	84.440000	
0.000020	0.000514	95.094000	85.950000	
0.000020	0.000462	95.084000	87.190000	
0.000018	0.000516	95.384000	86.470000	
0.000018	0.000555	95.364000	85.050000	
0.000018	0.000468	95.516000	86.960000	
0.000018	0.000458	95.598000	87.170000	
0.000018	0.000506	95.434000	86.290000	
0.000018	0.000550	95.626000	86.300000	
0.000018	0.000504	95.482000	86.090000	
0.000016	0.000583	95.958000	85.250000	
0.000013	0.000401	96.702000	89.260000	
0.000011	0.000380	97.412000	89.450000	
0.000010	0.000362	97.710000	89.950000	
0.000009	0.000352	97.978000	90.190000	
0.000009	0.000347	97.986000	90.160000	
0.000009	0.000349	98.150000	90.120000	
0.000008	0.000347	98.304000	90.380000	
0.000008	0.000345	98.332000	90.380000	
0.000007	0.000344	98.354000	90.620000	
0.000008	0.000345	98.432000	90.500000	
0.000007	0.000348	98.506000	90.450000	
0.000007	0.000351	98.576000	90.540000	
0.000007	0.000351	98.602000	90.450000	
0.000007	0.000349	98.588000	90.530000	
0.000006	0.000349	98.682000	90.560000	
0.000006	0.000350	98.746000	90.610000	
0.000006	0.000352	98.684000	90.730000	
0.000006	0.000356	98.726000	90.390000	
0.000006	0.000356	98.686000	90.430000	
0.000006	0.000356	98.842000	90.390000	
0.000006	0.000356	98.834000	90.380000	
0.000006	0.000351	98.866000	90.560000	
0.000006	0.000356	98.850000	90.560000	
0.000006	0.000358	98.866000	90.550000	
0.000005	0.000358	98.886000	90.790000	
0.000005	0.000356	98.954000	90.620000	
0.000006	0.000366	98.964000	90.600000	
0.000005	0.000359	98.950000	90.590000	
0.000005	0.000363	99.012000	90.550000	
0.000005	0.000368	98.914000	90.420000	
0.000005	0.000370	99.002000	90.370000	
0.000005	0.000371	99.068000	90.340000	
0.000005	0.000362	99.056000	90.660000	
0.000005	0.000369	99.084000	90.730000	
0.000005	0.000365	99.056000	90.610000	
0.000005	0.000362	99.084000	90.540000	
0.000005	0.000373	99.110000	90.440000	
0.000005	0.000371	99.092000	90.610000	
0.000005	0.000372	99.088000	90.490000	
0.000004	0.000372	99.246000	90.650000	
0.000004	0.000370	99.230000	90.560000	
0.000004	0.000369	99.208000	90.630000	
0.000004	0.000369	99.292000	90.500000	
0.000004	0.000369	99.232000	90.590000	
0.000004	0.000368	99.234000	90.580000	
0.000004	0.000368	99.262000	90.680000	
0.000004	0.000368	99.210000	90.710000	
0.000004	0.000368	99.196000	90.670000	
0.000004	0.000367	99.266000	90.600000	
0.000004	0.000367	99.292000	90.610000	
0.000004	0.000367	99.268000	90.600000	
0.000004	0.000369	99.222000	90.580000	
0.000004	0.000368	99.266000	90.590000	
0.000004	0.000368	99.324000	90.640000	
0.000004	0.000368	99.378000	90.630000	
0.000004	0.000369	99.336000	90.520000	
0.000004	0.000368	99.286000	90.580000	
0.000004	0.000368	99.314000	90.590000	
0.000004	0.000368	99.266000	90.580000	
0.000004	0.000368	99.268000	90.540000	
0.000004	0.000368	99.278000	90.520000	
0.000004	0.000368	99.240000	90.660000	
0.000004	0.000369	99.230000	90.690000	
0.000004	0.000369	99.312000	90.710000	
0.000004	0.000367	99.304000	90.660000	
0.000004	0.000368	99.318000	90.750000	
0.000004	0.000369	99.244000	90.630000	
0.000004	0.000368	99.286000	90.570000	
0.000004	0.000369	99.298000	90.620000	
0.000004	0.000369	99.320000	90.590000	
