Train Loss	Valid Loss	Train Acc.	Valid Acc.	Grad Norm	Noise Record	
0.000300	0.002313	19.432000	10.000000	6.876910	0.001000	
0.000256	0.002480	30.060000	10.040000	10.920287	0.001000	
0.000229	0.002860	38.040000	13.570000	7.559434	0.001000	
0.000212	0.003084	43.592000	16.150000	8.510669	0.001000	
0.000206	0.002086	45.156000	29.270000	10.450713	0.001000	
0.000191	0.001349	50.028000	51.040000	8.271741	0.001000	
0.000174	0.001358	54.380000	50.910000	8.336540	0.001000	
0.000162	0.001378	58.046000	52.170000	9.573135	0.001000	
0.000151	0.001441	61.200000	51.920000	9.763582	0.001000	
0.000143	0.001200	63.144000	57.350000	9.043419	0.001000	
0.000134	0.001141	65.894000	61.070000	8.087102	0.001000	
0.000127	0.001414	67.484000	55.840000	8.975320	0.001000	
0.000119	0.001039	69.548000	63.220000	8.340377	0.001000	
0.000112	0.001064	71.618000	64.810000	7.919724	0.001000	
0.000105	0.001029	73.796000	65.360000	7.284523	0.001000	
0.000098	0.001084	75.114000	65.450000	7.516051	0.001000	
0.000094	0.001057	76.298000	67.560000	7.529015	0.001000	
0.000091	0.000920	76.870000	69.320000	8.801888	0.001000	
0.000086	0.001278	78.592000	62.880000	7.420642	0.001000	
0.000084	0.001021	79.050000	69.000000	8.416431	0.001000	
0.000082	0.001148	79.658000	64.740000	7.775458	0.001000	
0.000078	0.000728	80.618000	74.920000	7.661225	0.001000	
0.000074	0.000858	81.512000	71.570000	7.009383	0.001000	
0.000072	0.000953	82.018000	71.560000	6.882327	0.001000	
0.000068	0.000795	82.918000	74.370000	7.460027	0.001000	
0.000068	0.000771	83.114000	75.210000	7.686703	0.001000	
0.000066	0.000746	83.682000	76.220000	7.381927	0.001000	
0.000064	0.000929	84.248000	72.430000	7.093103	0.001000	
0.000060	0.000589	84.808000	80.920000	6.602818	0.001000	
0.000059	0.000573	85.698000	80.370000	6.401138	0.001000	
0.000057	0.000728	85.466000	76.570000	7.078725	0.001000	
0.000057	0.000882	85.976000	72.640000	7.240545	0.001000	
0.000055	0.000620	86.244000	79.870000	6.930268	0.001000	
0.000054	0.000632	86.764000	79.500000	6.647653	0.001000	
0.000051	0.000605	87.464000	80.580000	6.459456	0.001000	
0.000048	0.000545	87.782000	82.390000	6.017904	0.001000	
0.000048	0.000519	88.180000	82.570000	6.209958	0.001000	
0.000047	0.000797	88.434000	76.120000	6.808566	0.001000	
0.000047	0.000694	88.500000	79.020000	6.522086	0.001000	
0.000046	0.000543	88.382000	82.830000	6.388194	0.001000	
0.000045	0.000753	88.744000	77.780000	6.398610	0.001000	
0.000044	0.000526	89.260000	83.020000	6.296057	0.001000	
0.000044	0.000761	89.204000	78.170000	6.602059	0.001000	
0.000043	0.000515	89.584000	83.230000	6.084698	0.001000	
0.000040	0.000543	90.140000	83.060000	5.630423	0.001000	
0.000039	0.000616	90.004000	80.970000	6.197422	0.001000	
0.000039	0.000519	90.592000	83.530000	5.945038	0.001000	
0.000039	0.000560	90.622000	82.630000	6.513127	0.001000	
0.000040	0.000468	90.152000	84.830000	7.179777	0.001000	
0.000037	0.000587	90.544000	82.090000	6.483540	0.001000	
0.000037	0.000522	90.920000	83.840000	5.980152	0.001000	
0.000035	0.000807	91.038000	77.880000	5.946081	0.001000	
0.000035	0.000459	91.352000	85.320000	5.949589	0.001000	
0.000034	0.000591	91.494000	81.770000	5.996973	0.001000	
0.000033	0.000522	91.800000	83.750000	5.779437	0.001000	
0.000033	0.000477	91.952000	85.040000	6.049685	0.001000	
0.000031	0.000514	92.150000	84.040000	5.615779	0.001000	
0.000032	0.000508	92.132000	84.240000	5.925845	0.001000	
0.000031	0.000560	92.524000	83.000000	5.738305	0.001000	
0.000029	0.000627	92.906000	81.980000	5.648750	0.001000	
0.000029	0.000506	92.756000	85.140000	5.540213	0.001000	
0.000028	0.000467	93.024000	86.010000	5.379530	0.001000	
0.000027	0.000569	93.288000	83.320000	5.468556	0.001000	
0.000026	0.000761	93.416000	79.310000	5.449271	0.001000	
0.000028	0.000473	93.230000	85.300000	6.108489	0.001000	
0.000027	0.000513	93.270000	84.820000	5.737187	0.001000	
0.000026	0.000439	93.500000	86.840000	5.883477	0.001000	
0.000027	0.000831	93.290000	79.470000	5.922027	0.001000	
0.000026	0.000583	93.454000	83.980000	5.694241	0.001000	
0.000024	0.000485	93.860000	85.800000	5.414358	0.001000	
0.000025	0.000455	93.968000	85.700000	5.710139	0.001000	
0.000024	0.000741	94.152000	79.330000	5.559244	0.001000	
0.000025	0.000599	93.914000	83.380000	5.964965	0.001000	
0.000023	0.000818	94.196000	80.210000	5.336500	0.001000	
0.000023	0.000518	94.454000	84.880000	5.496708	0.001000	
0.000023	0.000494	94.446000	85.870000	5.516008	0.001000	
0.000023	0.000542	94.332000	84.760000	5.751715	0.001000	
0.000023	0.000574	94.258000	84.900000	5.857428	0.001000	
0.000023	0.000434	94.388000	87.090000	5.828940	0.001000	
0.000022	0.000597	94.556000	84.360000	5.449832	0.001000	
0.000020	0.000381	94.998000	88.510000	4.955874	0.000100	
0.000017	0.000375	95.948000	88.680000	3.705178	0.000100	
0.000016	0.000354	96.252000	89.220000	3.480667	0.000100	
0.000015	0.000344	96.704000	89.470000	3.196576	0.000100	
0.000014	0.000340	96.840000	89.520000	2.994542	0.000100	
0.000013	0.000342	96.874000	89.600000	2.994541	0.000100	
0.000013	0.000342	97.040000	89.530000	2.990907	0.000100	
0.000013	0.000342	97.068000	89.480000	3.041930	0.000100	
0.000013	0.000339	97.162000	89.720000	3.053714	0.000100	
0.000013	0.000341	97.250000	89.780000	3.121904	0.000100	
0.000012	0.000342	97.224000	89.650000	3.071720	0.000100	
0.000012	0.000344	97.350000	89.690000	2.980358	0.000100	
0.000012	0.000345	97.316000	89.510000	2.927685	0.000100	
0.000012	0.000348	97.378000	89.400000	2.940260	0.000100	
0.000012	0.000343	97.444000	89.530000	3.041130	0.000100	
0.000012	0.000345	97.346000	89.620000	3.059644	0.000100	
0.000012	0.000344	97.312000	89.740000	3.054996	0.000100	
0.000011	0.000346	97.450000	89.650000	2.893987	0.000100	
0.000011	0.000346	97.538000	89.680000	2.967856	0.000100	
0.000010	0.000348	97.574000	89.780000	2.849675	0.000100	
0.000011	0.000350	97.602000	89.710000	2.875655	0.000100	
0.000011	0.000346	97.626000	89.710000	3.040254	0.000100	
0.000011	0.000350	97.580000	89.590000	3.051435	0.000100	
0.000010	0.000355	97.740000	89.630000	2.917520	0.000100	
0.000011	0.000354	97.598000	89.560000	3.049508	0.000100	
0.000010	0.000353	97.666000	89.560000	2.972810	0.000100	
0.000010	0.000355	97.738000	89.600000	2.987876	0.000100	
0.000010	0.000353	97.726000	89.750000	3.024894	0.000100	
0.000010	0.000353	97.826000	89.710000	3.171396	0.000100	
0.000010	0.000356	97.862000	89.560000	3.099228	0.000100	
0.000010	0.000358	97.796000	89.680000	2.989214	0.000100	
0.000010	0.000350	97.842000	89.880000	3.098386	0.000100	
0.000010	0.000353	97.856000	89.770000	2.961300	0.000100	
0.000010	0.000352	97.850000	89.910000	3.068569	0.000100	
0.000010	0.000352	97.832000	89.770000	2.998403	0.000100	
0.000009	0.000351	97.954000	89.700000	3.009011	0.000100	
0.000010	0.000354	97.924000	89.810000	3.099332	0.000100	
0.000009	0.000355	97.990000	89.760000	2.903939	0.000100	
0.000010	0.000358	97.978000	89.770000	3.259270	0.000100	
0.000009	0.000361	98.016000	89.600000	3.121582	0.000100	
0.000009	0.000356	98.080000	89.760000	3.012318	0.000010	
0.000009	0.000355	98.006000	89.850000	3.038545	0.000010	
0.000009	0.000354	98.088000	89.900000	2.924627	0.000010	
0.000009	0.000354	98.118000	89.860000	2.975077	0.000010	
0.000009	0.000354	98.160000	89.960000	2.842012	0.000010	
0.000009	0.000354	98.102000	89.920000	3.024870	0.000010	
0.000009	0.000354	98.120000	89.980000	2.875852	0.000010	
0.000009	0.000354	98.114000	89.970000	2.773399	0.000010	
0.000009	0.000352	98.130000	89.900000	2.755854	0.000010	
0.000009	0.000354	98.020000	89.950000	3.041407	0.000010	
0.000009	0.000354	98.202000	89.950000	2.897631	0.000010	
0.000009	0.000355	98.166000	89.880000	2.850236	0.000010	
0.000009	0.000355	98.196000	89.900000	2.837808	0.000010	
0.000009	0.000356	98.212000	89.850000	2.803318	0.000010	
0.000009	0.000354	98.124000	89.870000	2.788327	0.000010	
0.000009	0.000355	98.172000	89.870000	2.848262	0.000010	
0.000009	0.000354	98.324000	89.820000	2.811336	0.000010	
0.000008	0.000354	98.212000	89.780000	2.776872	0.000010	
0.000009	0.000355	98.152000	89.870000	2.866250	0.000010	
0.000009	0.000355	98.242000	89.880000	3.035598	0.000010	
0.000009	0.000355	98.182000	89.860000	2.875951	0.000010	
0.000009	0.000355	98.196000	89.970000	2.916046	0.000010	
0.000009	0.000355	98.184000	89.900000	3.014151	0.000010	
0.000009	0.000355	98.176000	89.870000	3.009390	0.000010	
0.000009	0.000354	98.210000	89.880000	2.800702	0.000010	
0.000009	0.000355	98.266000	89.900000	2.828850	0.000010	
0.000009	0.000355	98.220000	89.880000	2.873741	0.000010	
0.000008	0.000355	98.080000	89.800000	2.805248	0.000010	
0.000008	0.000354	98.208000	89.860000	2.861789	0.000010	
0.000008	0.000354	98.194000	89.910000	2.775573	0.000010	
