457.8216360885827
257.1827772640891
201.9247711309238
174.31218549382166
155.51576239671203
143.93313756734614
131.2882879937941
122.94258990769002
114.97477855232754
109.44538683233752
104.98739326233053
101.12747427302897
97.49852333114094
94.50826089978659
91.63390957282085
88.93068789337158
87.46906640042216
85.5405086681586
83.35767859577815
81.69373648911107
80.41933639455578
78.8796827975892
77.63364147843825
76.80829657000305
75.51865843290037
73.92063138035631
73.43544996365455
72.51806636234052
71.43571137718025
70.56912945479174
70.14522422366
68.96230332840607
68.35331962284374
67.88415943236133
66.93623457821585
66.80059170945161
66.20458628285424
65.48970392094097
65.16542093463228
64.69157376917953
64.08538845726315
63.322753070354906
62.77162967776628
62.591751182335074
62.209718920121375
61.458328850872775
61.23130031282863
60.96847208409768
60.72570640876642
60.226976720399755
59.713005534461196
59.48298723073277
58.946013886879115
59.18454979726864
58.50583777948695
58.381282514534085
58.08123033676269
57.97529202741866
57.35238018484831
57.3748866157046
57.06149618393616
56.70617215123164
56.62988206298734
56.38016386943636
55.956992893170245
55.83337093940223
55.45525586401252
55.55896356996685
54.84968479692441
55.045908282273125
54.690866033270034
54.06949777577705
54.12907226365067
54.08982849614491
53.696557091358905
53.82013509400813
53.27734940739504
52.792958278248484
53.109947698140175
52.89921707388
52.86419397850734
52.63230505078135
52.248172207526736
52.21488466650208
52.381317619630806
51.90904722578202
52.028521395136345
51.45331583705617
51.409664976328585
51.183547622498
51.09829161686196
51.06666818618531
50.49814080844242
50.651735486894665
50.31256567722528
50.3825218648856
50.52836673607888
50.555470362113724
50.23264875073062
50.28328288073787
49.85025569383801
49.99440186880735
49.71227932626336
49.37906285422014
49.46570872329888
49.1722390937331
49.28416974088057
49.30795354592104
49.25671045808552
48.70051562213285
48.77340828394491
48.86222626789195
48.763697991420145
48.5941687109233
48.34945057564048
48.409094510595786
47.95380230727785
48.00556932376323
48.05769605579022
48.09748346284195
47.98464844547844
47.51552512974976
47.61399837975454
47.67520057281419
47.29362892341204
47.63814562332065
47.309303089800494
47.288239077172996
47.47073217096498
47.24566631772425
46.87830529037804
47.208541803657724
46.751520278386046
46.79684858739044
46.89138066666368
46.83839427261694
46.88090555957926
46.857888828457114
46.65466512892797
46.553678170823616
46.334122336024166
46.422551527475335
46.285172511124394
46.20802635695237
46.315398844205966
45.95121932174732
46.03663130239384
46.118184576856684
45.79060147337467
46.08320552552845
45.87500859798873
45.81323178915027
45.56877450238047
45.59431536352423
45.63270362742239
45.60748197147756
45.258033642697406
45.265819937053855
45.45512560632184
45.20690484044118
45.28189512598391
45.57161787155188
45.1325765134673
45.014572602119024
45.188686106628396
44.92428916231559
45.28311679028705
44.75127355199546
44.98633168207312
44.77740840789582
44.53083278348504
44.58394899430824
44.8486780123234
44.5236035783766
44.53985194237325
44.46349413228083
44.28635816023548
44.51002224879721
44.52896056495507
44.17223324433381
44.074818213955645
44.00748554855966
44.11145207192445
44.18586564786264
43.879353239623086
44.10310749612344
44.00108470845075
43.903507934906706
44.19110452229142
44.01226471663413
44.022266516559
43.76316386553464
43.75144598945043
43.864308627976655
43.83179745406744
43.427937479965735
43.481378704357
43.52454617943991
43.39077999220829
43.53989967859801
43.57878968707988
43.530490097107595
43.45236499316949
43.19871602807841
43.281560315090296
43.43679780984732
43.39292292464848
43.06865770399129
43.179080508460345
43.21914746378598
43.112133743287664
42.81171779715179
43.108881225938305
42.87277664181891
43.113679425065136
42.83416257590928
42.72875153102867
42.83877840665091
42.96481331189045
42.72333014660139
43.03811648930651
42.73379630399055
42.82603600318026
42.863225943338136
42.78434749722361
42.71292580052089
42.4871915246333
42.530548029336025
42.53123333987461
42.46527555797852
42.514741335197854
42.3083603414575
42.330579262416855
42.08036358337841
42.28349032661882
42.169781209075595
42.35890318574854
42.140045762808924
42.20723749465305
42.273771724897934
42.30032814177229
42.29720291370213
41.931002834685515
42.053768647879025
42.0922073537384
42.08382941341284
42.07061611469339
42.12916500156197
42.021614018185815
41.76303649787861
41.981986480259984
41.68223025864006
42.049736818988066
41.87072043925137
41.81604922389756
41.80232272487008
41.66208184226438
41.89085693509202
41.81999996490051
41.537355732626956
41.768949770445396
41.65300395976878
41.595589189887924
41.770869905395784
41.740599471078305
41.631211502975795
41.43922705576164
41.564436474908035
41.608982249252776
41.42617201725875
41.35739482824433
41.05461008969454
41.41772565773554
41.451560698232136
41.63437696108761
41.2763816714738
41.35939297468081
41.31784840547057
41.35123910589411
41.37756248357233
41.33093148440967
41.075571554289915
41.046893326561396
41.03569219198429
41.15510544680446
41.01130364328356
40.97655542541612
41.14628924006859
40.95899921185501
41.06730964447167
41.05315554559433
41.31154858828364
40.94952519787224
41.04910407724546
41.02355460297797
40.96005742301994
40.93538681692639
41.06171962117827
40.649153458628724
40.87650866414503
40.99284013261311
40.700324055596155
40.903602464852405
40.731760855119425
40.91135690452999
40.70578762944698
40.63034994768854
40.88380138272242
40.74826167642414
40.59843275795486
40.64736035434072
40.57400760954424
40.555432443254865
40.61793513785474
40.710275895048596
40.65827914819928
40.56061875214322
40.43286415455597
40.674706131962964
40.714539719661374
40.39949953233495
40.465597387569915
40.4370429261117
40.367042870444166
40.539076638158186
40.42143975189065
40.641606363260316
40.52146684822011
40.37548513860706
40.34734703848236
40.32978303840674
40.52362519388483
40.20951816270744
40.04138609375412
40.36075733383973
40.440809734910914
40.33112510674114
40.286342908757526
40.37094607308578
39.82984511079632
40.20054901490722
40.042009424907874
40.07352206541614
40.16807308476947
40.03609465263149
39.9026771049172
40.136526194665365
40.275305589009385
40.1282652302358
39.96850689995284
39.93629952660329
40.31481226112714
40.08721184076278
39.6058421392258
40.15483077892936
39.85088359755325
39.723832531110745
39.7781329164637
40.08392879485971
39.828581753052944
39.664448027653464
39.686187159062854
39.79250410664266
39.92967243317932
39.84915986805227
39.94312710898539
39.914463827517764
39.86079692322991
39.53579219926686
39.84015456412252
39.56265865555658
39.699238398217084
40.00992907856426
39.80626338515266
39.522866075410775
39.5505068983142
39.674866210975026
39.79935667433705
39.86664224384108
39.704147753679244
39.461734054403195
39.6815295055571
39.665907104103276
39.68668436646507
39.64523601242711
39.28913956544488
39.190734807323935
39.58632441594524
39.46300448631593
39.46258724867027
39.4621893970928
39.39856035328039
39.52438765457285
39.55834740487807
39.401032590696126
39.40840739146637
39.22468994807758
39.52707508673693
39.28136128039372
39.15228001172137
39.48146279328026
39.534891430962496
39.0540284650762
39.41602558054929
39.440308168469166
39.19884715687247
39.01198928350677
39.05642939664809
39.28919210273572
39.34477508401068
39.22537635228419
39.239592185038774
39.47119154706828
39.01739922473524
39.3449698374133
39.13390416063589
39.12676597467278
39.07470543143005
39.17631943819519
39.119090937064996
39.216633467011015
39.02315430484039
39.09118433452918
39.258214351483595
38.9856857113853
38.92926869105284
39.10820798757858
39.29793780349407
39.12148015706747
39.08251828606512
39.03934038809504
39.211822422480154
39.03617301990487
38.84298563996606
38.71651868044539
38.89316510517872
39.058262402352696
38.95713959569646
39.15952392154177
38.945598863758754
38.973059823891305
39.01792715947185
38.823472247521025
38.81611780462716
39.075668461703145
38.82194185125098
38.79732825134392
38.692139013787795
38.6263014854369
38.80778838179945
38.76416995407341
38.666561239022904
38.76616093205502
38.81962693639152
38.83793057529429
38.79232542235944
38.81588033637912
38.7890157792795
38.847951546676214
38.643454397587526
38.60496128900571
38.60313225138638
38.71174482346909
38.75243173035377
38.66546001301755
38.617262286584484
38.631863291505134
38.668314477156095
38.632456522964894
38.605855939011285
38.681923337348906
38.5727420180072
38.41490789696305
38.52944716962038
38.56560771002032
38.49039050170388
38.777442279285694
38.66145761149882
38.660959751685525
38.47776539598404
38.54071956363926
38.28942788226131
38.26417511330622
38.44747977027846
38.57899291121652
38.32428113589914
38.50529875645741
38.56698300256547
38.345659911407786
38.40873838635511
38.48073108138927
38.55167401150862
38.73297405339663
38.434475361934055
38.45239944388292
38.250556196656234
38.21174630824566
38.277819014080514
38.223740679851346
38.137855035460134
401.1618375200758
228.27748074260796
182.3663922977998
157.82226795844184
140.67320387534062
129.05008577496966
119.66077110651952
112.83774812090763
107.65381407995653
101.99435882600552
97.82343214209511
94.55597033696974
92.12392080102515
89.65903126267327
87.25962006113042
84.91738424270866
83.22456902330298
81.53952198014892
79.70221491044184
78.47645035746514
77.48313785548879
75.93250726399879
74.98860364406741
73.68857562628101
72.87818124233962
71.82499112992622
70.56876083989887
69.9734352062218
69.78233978410587
68.96735487967582
67.96120146079078
67.79356066437121
66.70416214058515
66.07557830469588
65.35709239783529
65.38556455940166
64.72955089969123
63.8802306266707
63.1487171897341
63.010271441803624
62.303027921403725
61.964532606920386
62.04014972886966
61.06989850123034
61.062989323902116
60.35697927399339
60.35518238964584
59.46587508971331
59.89111987135683
59.44850046659796
58.8467344832262
58.49495037729585
57.71626427105722
57.95873778032014
57.98377699155851
57.355491517303015
57.49810357764144
56.922513605646195
56.79468095305198
56.33027946152835
56.13050874294549
56.11362910133346
55.59146437720189
55.272711073513555
55.15714862965179
55.446575955712426
55.137978759084966
54.77190387351502
54.93509159126588
54.324429959423554
54.33660423825338
53.904149324757476
53.65668142641553
53.653055713956675
53.33495911608183
53.275872518629846
52.8776342832533
52.920842413680056
52.40705804033156
52.85200822960582
52.585624233557134
52.300483002334914
52.03807098697736
51.85911686173526
51.72462008844663
51.62468813356765
51.61350847247363
51.23944278508819
51.236551573767514
50.849350943141665
50.97363823620467
51.10847270275945
50.81224697253707
50.73534013154149
50.40537698155766
50.26638548043143
50.29816995295713
50.21925882896926
50.014502521139946
49.98955345545819
49.61833878685671
49.975374180763545
49.66819643772471
49.47070678456449
49.30091986003781
49.185884204638505
49.25361694265274
49.12758500704789
49.040601247245384
49.026018843517335
49.12884221746714
48.59543962294995
48.55797549612302
48.45345110174472
48.24241894306754
48.36563412474254
48.36757235556653
47.98538890600849
48.46295469342806
48.16822552754118
48.319949452024716
47.927125215195005
47.65442109418727
47.73663807293869
47.51081374837155
47.543512850537965
47.44430062718763
47.323245445154434
47.26563931776456
47.292309792894144
47.08817742006054
47.253989784552985
47.15503127460849
47.09122370105564
46.98607489036013
46.731294896389585
46.70412859174185
46.94535672197977
46.6840430471471
46.780419045815535
46.58986504955905
46.808606346334635
46.276867024202566
46.27309176917022
46.214986889662384
46.18904824948146
46.348865258976275
45.88520192703449
46.20273824619777
46.10040269536679
46.091186851246626
46.019118315743555
45.82459740118141
45.83487588383278
45.74652391898195
45.571491693327644
45.921672389539474
45.84780954343221
45.42919857952211
45.296521625248104
45.513420842200965
45.43359475128061
45.53240027367712
45.31491534795806
45.101438893438015
44.95625329783681
45.08996417112667
45.13631718657461
44.93721859857613
45.044906878393256
44.67223512209209
44.82261576099572
44.853985144854704
44.78488770460023
44.783930590888325
44.786947221925956
44.692549131973855
44.6649389419999
44.77888033570465
44.81708228622672
44.40046891956379
44.62299409290621
44.35574176698567
44.30966802662621
44.18644718962068
44.41289955838279
44.354315713147614
44.347048834995256
44.1642466674092
44.24390927131494
44.07244910413412
43.832580046168715
44.17927709794822
44.02111999509914
43.82446417172976
43.7168255095129
43.862640538993716
43.72930131171341
43.834871256265004
44.03996908447122
44.09641719726417
43.41844595001754
43.56643224708341
43.62631009746492
43.48960933778203
43.43982422521647
43.58188516332085
43.738858501847574
43.33795644234173
43.428312519904
42.867497008807966
43.16993393969565
43.45955232134345
43.038229791424676
42.90420444655947
43.071065023496715
43.13129605524098
42.75492767997059
42.94395476727572
43.10079799148838
43.18728012226003
42.90831664871672
42.90697395533646
42.667830915066645
42.75359390074895
43.01447301865804
42.81026743381625
42.687838344407695
42.42225784066794
42.54124180954052
42.56146312791885
42.61422510417551
42.745945624010595
42.641639309402585
42.528531766508195
42.55282643960125
42.71611827232552
42.510286788480926
42.61920350406846
42.44626834659227
42.340214701604296
42.582629790888284
42.767579775828985
42.400581119948505
42.27134421769442
42.164590747484276
42.15642122248932
42.03808079919854
42.1366438404487
42.001594705755714
42.202392898879324
42.08016292133167
41.98548318343852
42.352096010454694
41.91918032121393
42.31388485919658
42.22874815105757
42.06591454032099
41.92345837965163
41.84250664464811
41.88417356525242
41.79198417025585
41.91525203536591
41.61463535013396
41.77591274799847
41.87006958901007
41.92757502965207
41.858296968530766
41.80911383534658
41.66505798097263
41.8578927429106
41.70888718553935
41.84861033273961
41.85487783803951
41.62078993572796
41.3012012721691
41.49099617370875
41.62673794628221
41.53148762933736
41.31449278372923
41.46449513646516
41.69865104128339
41.47338044596279
41.360184073445936
41.55571698736083
41.49610235447013
41.52020165602381
41.609095276710626
41.259409029302184
41.44644564546924
41.091178807654856
41.27543742569815
41.34031451602811
41.118047852599155
41.271468034344295
41.18825085147932
41.210253163799685
41.149706781850696
41.331776581986205
40.958761941658814
40.86512301848552
40.99191595134319
40.9325330182746
40.777682870193594
40.88854465334645
41.153345246001436
41.22391575397223
40.98851779301657
40.9053737108506
40.79672567939961
40.8292894375096
40.89785250084094
40.85656309723457
40.90697530756023
40.89564336839791
40.73562273394969
40.85879592180714
40.69767053647586
40.77428689698625
40.68182445578517
40.909547370391465
40.63774624930753
40.782306697772036
40.80969359883693
40.891673690387925
40.59916280479395
40.61653050169099
40.746692617682164
40.6326637371771
40.512983453871676
40.566030068030884
40.38391086634621
40.411612534348315
40.700411245684805
40.83397135981285
40.60027699325996
40.480596840025086
40.35141518588967
40.466632892782954
40.30635954577561
40.06639430691436
40.42975019920487
40.46619781283336
40.16676447481372
40.173823145131635
40.245406600620925
40.40958665758136
40.44962895584519
40.01119589973943
40.20728262868985
40.23191015437022
40.10270667137918
40.23235182469958
40.42258853168763
40.10336592981208
40.2241481590719
40.30217929857201
40.04282724157842
40.06498803634972
40.21362564258259
40.038946060783324
40.065388804517525
40.111217985132704
40.27656348737237
40.00462535519183
40.30446508627436
39.97796377652252
39.84978269248609
39.928491974474994
39.99659485533275
39.929847659036625
39.987436686099514
39.96515652451832
39.89060711401303
39.90562096572502
39.85681699437756
39.72174974114231
39.91693251809067
39.910044735953086
39.89902541637557
39.95661614955358
39.882572837222696
39.86499977222677
39.58021754202581
39.915285276497976
40.00375955753036
40.18163040339748
39.76552613096659
39.78582674835545
39.77439559194734
39.65438992443405
39.71341228964824
39.697413817457964
39.441275683538436
39.716276460281286
39.54090277334218
39.529685559231915
39.479283161175786
39.86888478735223
39.60390486369093
39.65441877832004
39.74219421184946
39.641545421606615
39.67382137844681
39.67526093771164
39.544428870118026
39.762912168409144
39.579706689312744
39.230613171880016
39.23414871498912
39.34653022367049
39.4391485897187
39.329288486918685
39.77294616750469
39.55560513235357
39.389595612461264
39.112651907317456
39.26641268175422
39.269999583320846
39.27978758466904
39.47624582364797
39.22609395846479
39.33569993327352
39.45973412309263
39.273709860062816
39.16940023301066
38.98824221480179
39.38805308136872
39.21988535455294
39.268463450212536
39.12316759194019
39.20822369590945
39.49316706133437
39.10741832375303
39.056794155568106
39.11288273354178
39.213855398885805
39.15881465207624
39.255067952149794
39.25277080297937
39.14217913151512
39.07131479600319
39.087469371398036
39.19795156392239
39.10632671062695
39.12080641732603
38.71955489417242
38.89641290053032
38.952504628571276
39.00619948260475
38.91066975944457
38.82889765833529
38.67950996711966
39.02335018163613
38.96459466331858
38.97207401308219
39.229908187913196
38.91415747912751
38.86265317327324
39.02982814505013
38.80035341278085
39.07293063754025
38.64963023163118
39.21927035012119
38.86326325945232
39.0643527338478
38.91779201679625
38.71237591621358
39.07358600857284
38.779634621219344
39.027032898493644
38.622398445657694
38.777914907530764
38.81348573628247
38.97540601905197
38.967824120490235
38.779493168932305
38.74885796520668
38.795514196309014
38.801055697892146
38.64365527219402
38.84915744917324
38.677725973528915
38.73562578963932
38.80993827358584
39.115654521147235
38.67103429147371
38.703676243730435
38.853693174682554
38.664352706053904
38.815702899608794
38.579884143759635
38.59843253992533
38.710804559429356
38.65017781662122
38.54542808358268
38.23674841937773
38.61975706049697
38.59645257811149
38.499668886908985
431.02501015170304
245.77519337001726
193.7733845903683
167.17261635081175
148.82930325229077
136.96528979662588
126.62805671388249
117.87275635863396
111.62829924676791
106.51697381214328
101.17445905200371
98.15102352313093
94.33273163365466
91.506597703419
88.85984032291572
87.15287264422253
84.74768653230697
82.79966710097275
81.17417793829887
79.79755949372682
78.19680666101867
77.56191217804911
75.94002778420723
74.99795484958544
73.29033922127381
72.64044200136715
71.28687885374472
70.79894335677062
70.10639505030774
69.74415096838206
68.17482611170509
68.19411152078843
66.94155022355467
66.15023577208478
65.77649183846097
64.86656770054387
64.62673901195667
64.48157982777101
63.977511332135585
63.60973475288813
62.65563955031778
62.63373148548207
62.03123102664085
61.6741605099551
61.25166133639595
61.08071561366934
60.400546954066
59.917842219478956
59.637831125672264
59.237432000730486
59.06714803089201
58.724606376836846
58.259621119530166
57.94012900864838
57.65636738257991
57.527428170763976
57.41025762770758
56.810097832880075
56.110365742667874
56.68068460697319
56.20714133467269
56.024559680747245
55.401213155688474
55.675876712785275
55.44380519580641
54.82293212240902
54.83315933296107
54.18451627444752
54.107901477074506
54.012450057336615
53.81148984421132
53.491655337872544
53.7461243481751
53.079899484179045
53.391836748643094
52.79692478506383
52.7593448381985
52.53592996598553
52.56182282915537
52.71559219914344
52.275279876982474
51.93044300944736
51.83828898223345
51.60066881415326
51.65321666955985
51.444047070262656
51.02751052351371
50.86841538671911
51.16953984294272
50.90455569942138
50.667142680211306
50.57965836827817
50.33574933617704
50.480171489278426
50.314347973160565
50.276073583172405
50.085979277906226
49.67446529213064
49.713081121779226
49.855017021411676
49.42153309413997
49.27041897542673
49.73542209221998
49.38160073895149
49.2611756824161
49.17981975776088
48.69808643134433
48.905277060782
48.48922326816502
48.46768562644531
48.40850297321454
48.25380295378472
48.12957949242622
48.010972837980226
48.108757574848596
48.2963123831105
48.01718697016892
47.95954689843864
47.87574380147123
47.79397031868853
47.707372773901746
47.82326290152994
47.49115544685236
47.48306611230501
47.240775185161574
47.408127556748646
47.30466290486283
47.167182873337836
47.35847975946
47.048703186524605
47.17277425842757
47.23212754934344
47.004714132934154
46.688276457880264
46.84469435818089
46.6245945626953
46.439720086862295
46.62990633705199
46.695712198732764
46.20247931880019
46.36794042412315
46.474267818417125
46.02567440634207
45.8806230255159
46.03360622337647
45.98829271342823
45.99368830591645
45.765222749336104
45.68957682831355
45.750102182178516
45.638823908809684
45.3554730680026
45.402723198896695
45.285394684453436
45.392711809299094
45.36799821827928
45.26599145707375
45.13127139438745
45.15497417729521
45.14922596519303
45.2423941361811
45.43807756081305
44.9248828318194
44.902284166797095
44.87189979439645
44.75527724211604
44.8056966020368
44.54936984058799
44.558685536329335
44.647548670118816
44.54170577553229
44.573257004295506
44.32397389770238
44.25684903989225
44.22914591515989
44.21063638729275
44.487315392149085
44.32918432968412
44.42580857093016
44.31382025953882
44.376339180429206
44.13766338758999
44.15707987329634
44.104294058198164
44.06739549398535
43.835763741599436
43.89669731206794
43.83415735689083
43.76739015871184
43.75068195814049
43.96988590727292
43.72254771967329
43.91884561688184
43.70903068862877
43.82112395002662
43.609949467342055
43.5826778979629
43.34819628793306
43.669423268566995
43.5598914075017
43.2528740340768
43.095795951810075
43.67605617506901
43.12665721508088
43.16385036423583
43.10646343741006
43.20130068207914
43.117661920459845
43.01021561982794
43.18410735310198
43.04458667992589
42.8431174737677
42.975458846046315
42.90643330999209
43.08101143817887
42.627255343859076
42.95420592200201
42.69310844183066
42.75345863565059
42.94819966755818
42.71858133886172
42.47787127679451
42.68604650667451
42.66489233762184
42.56116470134045
42.56112324161391
42.586788432566635
42.65962555371342
42.666583583502884
42.551963476223314
42.561320900497584
42.36757245053809
42.22241891790584
42.63873466038385
42.31684563277163
42.24361106676125
42.169210475515655
42.32115485135958
42.51037139943516
42.5145850444189
42.2412982274675
42.00788147778131
42.43397465853871
42.06467005816031
42.20626466058425
41.742539832947024
41.78774363733122
42.05203230951453
42.31425345676896
41.872304678166
41.87739622543679
41.906098395309755
41.833207716116526
41.847871251662355
41.86579053371139
42.017171693908416
41.79876634227501
42.040875827488975
41.547825177872696
41.78132892954046
41.58887658421065
41.81639562758571
41.707732185352995
41.55535901252629
41.617395967047536
41.307031838570325
41.46241530593483
41.57016408757289
41.62044969190041
41.51021424650719
41.64620884111066
41.51041011032866
41.50009584627752
41.42228388542949
41.4089113634379
41.120154170161335
41.25181655359878
41.183443995451846
41.22585346756039
41.11486089784598
41.141156896469035
41.251450493913815
41.22896221775948
40.93728930095733
41.1787010992065
41.51113281941033
40.72029823800037
41.042763680184656
41.09361203023193
41.012112979511194
41.131907382319866
40.81266556920382
40.87460256068382
40.79147300485035
40.97227325718922
41.09789460384322
40.95538089714109
40.936951261631776
41.124166113020344
41.1573913018785
40.77508730096562
40.7197822768303
40.881784997906124
40.77159798298634
40.857548506589005
40.578686763756004
40.77013368376884
40.82357002217366
40.74434057284286
40.77108708735479
40.52655515050491
40.62288171127026
40.72856491070845
40.51569334649697
40.65304970543627
40.64307914813783
40.48011705089617
40.46084858087031
40.359016589076205
40.48456578863776
40.37256252719957
40.466845716096515
40.3529189204709
40.50765344353191
40.29629471601905
40.39040285168886
40.59186538075632
40.231258879307944
40.470730311207326
40.059549569634605
40.255609987031306
40.33818826016442
40.404824500604434
40.25410686446848
40.20707282486729
40.23623212097933
40.378787380388154
40.24130592316205
40.123509432142576
40.19601601737661
40.004646401890305
40.285228141366275
39.90463663334685
40.45223726127564
40.12437311274947
39.97697290446525
40.184168582688834
40.091363394179815
39.89160736664856
40.10215652058859
40.14377235868658
39.783100143607115
39.70698904305967
40.046979589130466
39.916207811650246
39.9081438985089
39.74211075289218
39.858802337718565
39.972576897262186
39.909804061001886
40.006300939569876
40.00600813166686
39.89137694435892
39.980372862382794
39.904534175109816
39.68203822338403
39.636116595797006
39.79973959006474
39.89497371118997
39.591060410716175
39.53401346959797
39.74503646623694
39.81758353488555
39.55050932253558
39.75508054029755
39.684381435775336
39.87049221565413
39.66653073348277
39.658998973489325
39.60339265952023
39.615491533795975
39.813240158636376
39.43936754594909
39.6716674881977
39.58523267872758
39.59540226159747
39.70161522480143
39.76148422542134
39.377064274020164
39.443164827467434
39.747618189703644
39.437994728486174
39.28449699085068
39.34424443904818
39.42335199968753
39.33770944906652
39.16858396326376
39.449553350144235
39.58149095367697
39.3338423360115
39.53479103850833
39.393421526217395
39.43789781700275
39.362330417060726
39.445991225218
39.39309804160959
39.27401866384693
39.49354221726363
39.355023870363006
39.43777577007954
38.93481734275782
39.535918884436384
39.4643090238454
39.09468089505772
39.142597598182306
39.26956547194029
39.14474482344571
39.119614067329586
39.2266969963007
38.98204031301014
39.03142896333724
39.30435773456947
38.968925204830576
38.921119933603634
38.95177410541432
39.31166250418961
39.192833462689414
39.19109147492211
38.95972114571675
39.03971579483705
38.95502927027615
38.94795983552987
38.93606015615603
39.19146426087246
39.23063792206976
38.98292323881515
38.75665375462494
39.130351194830446
38.88347721963087
38.8502144166561
39.086298193616415
38.761468736763646
38.80503447797126
38.65886592267316
38.630593221412234
38.70437297985583
38.778457249969854
38.85532446664187
38.86855441555143
38.64813493556721
38.63175558602748
38.86372171998157
38.90839925988753
38.997571620084145
38.8408105512997
38.6819489648575
38.57173411334994
38.79884450301224
38.758293905700576
38.783643109025405
38.5208553626691
38.883054355075096
38.52586758125962
38.95517864617307
38.770081405046405
38.54352746342676
38.71021761765997
38.98961906601879
38.5936095205701
38.52817982606924
38.23892831123145
38.52782324454776
38.67957593773123
38.45121361131833
38.686714450966406
38.61900176998699
38.54744242882084
38.72729491673948
38.52242327050914
38.58913651990683
38.35168707724517
38.692169884793024
38.44200988225076
38.49540109372281
38.27825635930332
38.47426339208602
38.261572080438135
38.39560140932615
38.57742500054871
38.54938844083535
38.68295503226753
38.49481367598567
38.350718675988205
38.246485027847854
38.25884463990452
38.24764035262115
38.422476531610315
38.41167796695309
38.17903934325747
38.305944702453694
