1122.1080784291987
847.9233107130013
824.8183229552992
811.9660114281007
792.8353227057057
768.321292564978
762.1367262833173
757.5937099518648
755.3542159526829
746.4463485525738
750.357477371635
727.5070264010604
726.5649905846228
709.1911168971866
720.810967266926
708.6887914488761
697.1222701888358
693.0845374987679
687.6474327776292
679.6433325354649
680.6862995241745
674.2655913241326
673.7413531729726
665.2683422442318
660.1612768251833
659.1533081209287
660.9182870896838
655.6426454344765
650.4935227462648
656.6905727288834
651.2287117023533
645.303279641702
642.87412926781
644.0793047212077
642.9239649120927
642.4190133305285
638.4462424720833
639.6207853197473
642.2036612294845
641.3699790161292
633.4447537332254
637.6232520337089
633.8076077545518
631.2771734023958
626.6346679270305
625.2025447106628
620.2322421191337
620.0772487491922
615.3861022654905
614.6717708206537
512.1317424045073
285.271852411086
199.95417028712296
166.44570599210957
146.4096703910682
133.19172935385035
122.76087402007813
114.70793070842863
107.80496124824656
102.60247069214981
97.7301543275869
93.53945306033978
90.08260378633001
86.72963569682648
83.70551918180942
81.0797110467173
78.66772459664483
76.92732470286958
74.32623819796838
72.74239586913167
70.73970930189503
68.80781705918619
67.57008990141708
66.3082847714007
64.72878802960719
63.927462203283476
62.45345885957444
60.91525971440669
60.30658335506134
59.386140793548556
58.66409538174652
57.720816183138204
56.71180530606347
56.044938842522306
55.32543588015777
54.3308076293241
53.90283009426638
52.961780222320854
52.40204972560246
51.587658454499206
51.171924959327555
50.66919051996015
49.67118283332512
49.45302363958946
48.73020327089584
48.331578380425505
48.175046969680416
47.863614226661845
47.2292902101715
46.910793035489654
46.272070812374494
46.03785618993648
45.43672705539873
45.019537373676044
44.85832855879
44.225378040476706
44.137017890619376
43.96638442122921
43.59929224996856
43.00449847669813
42.706487437833204
42.739757206833076
42.2714177619575
42.01720153602151
41.52530968020793
41.38527680133493
40.95476755485173
40.82007201383306
40.69356876229041
40.47787972105544
40.192729793430516
39.81525037382986
39.723662622744676
39.560605951802806
39.12077133429923
39.25042784357606
38.84254641015841
38.653559882957516
38.573294275930365
38.31275697190701
37.88112903509014
37.95426139496759
37.63917698526936
37.491849017120366
37.40327524271644
37.183912376238105
37.233872389843626
37.02416788559228
36.7326669000254
36.559886497284516
36.26010715491897
36.19711489129401
36.029579647337826
35.90423519696387
35.94963107970858
35.59550930852884
35.49299147179352
35.417457645406664
35.116108295933294
35.24223875409153
35.042743837796145
34.935048261037096
34.674993575602485
34.60816492216132
34.5530261191927
34.383283220087115
34.12106984242488
34.14907866423708
34.044792229780796
33.83683641860181
33.86409181341306
33.94733830256432
33.54117206664793
33.42346173931613
33.46984068486136
33.28118645772593
33.411603288993774
33.00355021719271
32.99762422836129
32.82999903091871
32.70927186011756
32.70460791955348
32.67978148109624
32.448885477602545
32.474800524698914
32.3647352169064
32.21473141991505
32.19621290473
32.10221650932891
31.948986567753412
31.744980992743734
31.703348554301456
31.679366997356887
31.680117434960426
31.433181664063202
31.519871131579407
31.422400387791974
31.23818147230348
31.42793604451861
31.21459552234053
31.22772032292446
30.988641528186854
30.93165815229461
30.97754668803497
30.817889525041544
30.625787096191516
30.63047450207477
30.645826521594852
30.42002370077226
30.485629104887487
30.44577389235485
30.430367003192252
30.336310688070604
30.214401069741037
30.059679731050014
30.318368616197528
30.203766325319844
29.992552509142655
29.89783824455181
29.982004459779773
29.866066398916338
29.641413989418904
29.765460464841983
29.600154577199365
29.72026088637615
29.665557577030114
29.39426107771111
29.45946578300308
29.471030243682655
29.27648326607976
29.525913178777586
29.24058258488959
29.255338379015406
29.19615722337796
29.133384890203704
29.132790499048284
28.859245538526086
28.80866961238796
28.942673866675474
28.852854480166048
28.83817229719519
28.612309017509002
28.718993236643204
28.55255235310134
28.6053150984471
28.606444960219328
28.6268464087691
28.444614670279197
28.361468876558025
28.448303193586415
28.45568195311802
28.40021302990432
28.198966604512936
28.140956173576097
28.132297537323876
28.17463114698838
28.06239155694924
28.144558372238876
28.025482496965324
27.935744663698213
28.054212088252445
27.841354962945324
28.034308664619385
27.837919260945394
27.82122264709511
27.74070657055906
27.635092169809973
27.78182118382662
27.646342274451957
27.526573013265477
27.663455875985246
27.63889276872877
27.44005850560097
27.493903971612802
27.60184695267635
27.522498959042768
27.32488887474705
27.417693248660242
27.400303425314224
27.218254997790435
27.192685986058965
26.89258248867071
27.267184270381797
27.096077652667173
27.405782559576572
26.98413835638695
27.050446979360384
26.98691962521022
27.02940075020434
27.031427638668813
26.937767041691068
26.893262187592143
26.72215940864132
26.742636007752772
26.775745723522103
26.658984660298152
26.748902174518324
26.776637888613283
26.604648022619294
26.665414810436932
26.60166282372867
26.68964966791304
26.451185853588623
26.600277700577493
26.575289938099587
26.510604102480265
26.512336430437042
26.56639946391592
26.261737940889404
26.367209091377305
26.39540054150759
26.255832847965383
26.373192383560028
26.303665185203876
26.285074846066415
26.188307442457454
26.138384412544696
26.292947853151666
26.199526949406977
25.95460497414195
26.202011059554074
26.032243139471184
26.046600474550512
25.997452539769238
26.11144993959596
26.05481013532886
26.058172476686934
25.866858618997796
26.020093857768334
26.077628387337448
25.82372232600647
25.797836769114003
25.77065496239808
25.781277812914478
25.858112770992268
25.772648427926498
25.926948141451472
25.751280425433666
25.67946300472031
25.63432203999272
25.650910374059855
25.773729626802155
25.568266585925358
25.456137152254712
25.555810975402576
25.644031428688944
25.54435010707407
25.565780811399698
25.55483380920224
25.250525301967816
25.443768731482407
25.249993811776964
25.40089256305872
25.3879419575905
25.3774672643829
25.25235403395696
25.32475304852528
25.472580038813238
25.270246682716603
25.242746525764055
25.210016653690825
25.332637674139814
25.24184554393936
25.07091868311385
25.257959316144824
25.12742590566964
24.983210918497345
25.05829355855651
25.254545599361087
25.17182077166792
25.00593157162005
24.953941261559805
25.032635724161526
25.053086463032717
25.074687222765082
25.0260459618126
25.105946060101072
24.98403069646177
24.765055563382287
25.050280685451014
24.783184071828412
24.900676260850826
25.07597715084135
24.902266777760296
24.74890767626991
24.698535223461153
24.851425012045677
24.863142533747098
24.94582443142079
24.811321201420704
24.59817379743223
24.83769657449693
24.785700196832625
24.765298989699446
24.772994942079528
24.475440492776123
24.46345202798853
24.67049567165019
24.624060505803218
24.579108514740945
24.592721127619342
24.634020372644997
24.617184752894637
24.61863055899411
24.410353478032032
24.541671120457973
24.41662754917509
24.609876974311454
24.381661785433554
24.356863975162483
24.549492103691644
24.57171868469785
24.32135923593487
24.430279948438173
24.55179600122345
24.28549668924956
24.299062445818098
24.191949570173637
24.373107911030104
24.312181566070386
24.218386745127674
24.31453828172369
24.42526544048367
24.11362857084384
24.269622241314543
24.219645416189127
24.192712529753116
24.07682947363251
24.145907699717213
24.141026932172284
24.12290429812352
24.025003871327765
24.111044686550464
24.219716755954753
24.00160042655419
23.892794808066203
24.08969446456956
24.214925657204848
24.117030866974822
24.068705437754122
24.050731362800267
24.089270134576253
23.96072131283493
23.859329367530883
23.774876871826752
23.89246464906736
24.08647371157975
23.940808346817104
24.007585426991024
23.908847979031005
23.91263243454189
23.916612217947804
23.798212273797727
23.87751947233414
24.032317972127583
23.825849662224098
23.788880224030926
23.728939705841885
23.59430942376759
23.72264243207568
23.731770997131584
23.702453940480307
23.74770383418824
23.794495300084844
23.761292025898907
23.793280517516063
23.75117749917737
23.776450894823995
23.767074261137306
23.583685573292748
23.573270921543852
23.64372103655334
23.590761628166238
23.541550333982787
23.604438474574515
23.599745973659527
23.517915203202424
23.65163660511955
23.55159931996253
23.544710589324726
23.521437681023823
23.52011349554233
23.327536255439153
23.4825840415307
23.544472198077205
23.456786207119787
23.626875170056795
23.527076469259733
23.587676820394258
23.530407991182795
23.42418434347109
23.300485076995077
23.274473038924313
23.323809620198563
23.40374716070677
23.302854994191406
23.397123063680546
23.449443318727113
23.324501409428464
23.38065569593609
23.35778809056485
23.413510216745042
23.60752439718424
23.31748043671197
23.41890101976731
23.277585333769885
23.14895716465093
23.232105396478257
23.216092377575485
23.17322278922464
1068.1769811207328
887.7373420258275
823.4580708885035
799.8493450594209
773.6381640768526
755.1185584785678
754.4437755371439
749.3785713085086
736.4142173373122
730.9994155664064
727.1850505118011
731.6600287389288
726.9726485926667
714.537708647613
705.998530152465
706.5682457752653
707.4980582405778
722.3901911621979
700.7337399026138
694.8951317789339
691.4148221415059
682.8494387116116
696.0731149790606
683.2694610969496
683.8913937119999
680.5400122299727
675.7780326813381
669.1347753330634
671.1462930442109
663.1459132447968
666.9461768616738
662.3814664060867
665.7016787529441
668.1215461965813
660.4489457188411
657.2815111698123
651.8683302065828
651.2921538310256
660.4127032622424
651.2367253911486
648.7406820074746
645.4110321909264
645.8911364410094
640.5976685546552
637.9580113893038
650.1294376857321
628.7543123805622
627.3021456626722
622.3075589447817
467.4571490278364
255.4835526019883
191.93590126292912
162.07626085421288
144.6451027474343
132.5090915307829
122.44688387351171
114.74039688094014
107.9087465163686
102.75864654177354
97.83547050111454
93.38495093217223
90.1863633157256
86.50987879553887
83.43365635530968
80.70683857911412
78.75555662978181
76.63519142855091
74.38051243077459
72.85959980202722
70.8694464417383
69.57523010522364
67.80006374413239
66.27556823170843
65.23190095380723
63.70456423703012
62.67389170827221
61.423727133016314
60.64872556855055
59.23396178954305
58.928344055488246
57.858193740130304
56.85484675340384
55.99750462259255
55.243911755702065
54.40864330042856
53.75509631753941
53.367565191931405
52.54371838036576
51.84298081054168
51.088598694366596
50.787593827946225
50.405671414364285
49.72611390690608
49.0812865779386
48.49382780046678
48.122772797272816
47.68806873047352
47.321253360295586
46.70758171814778
46.52859212524554
45.917291804456774
45.89928063947325
45.39560031670112
44.797560452496434
44.53390642771716
44.10444675566412
43.91884013601289
43.5689901443728
43.282673439089635
43.05828646309004
42.82992158149731
42.291137861528775
42.07226797430643
41.8133676757118
41.36360599570536
41.316154706793284
40.988357624549174
40.62792423680251
40.830103116947896
40.368461792853225
40.319385666773876
39.74945773096405
39.47295721724199
39.277129762980664
39.05707851396877
39.083783102219186
38.76674707974793
38.421758428145935
38.32298757065271
38.166956756340674
37.74013919159495
37.69495623114192
37.6165721441747
37.45601524883313
37.266376741458885
36.963271173258725
36.82991514836581
36.941032223221015
36.43538142182362
36.57326672642611
36.234373218415385
36.37702673298745
35.78246418956086
35.79199941732634
35.64838833231151
35.50869330427017
35.641478614603336
35.06398978568854
35.3235082169351
34.973438248893736
34.89708516869066
34.93609484126953
34.67139555435882
34.5743227018021
34.36972327525455
34.23108237116692
34.307895638425386
34.20573535297297
33.8988453770909
33.65113255941338
33.800222845139984
33.80431446492911
33.6607497473041
33.37993126990998
33.296839993246664
33.062287007498135
33.06060878495703
33.09263885725454
32.8218174823683
32.7935854173163
32.5778044846814
32.49751943441003
32.569937920351194
32.436055760425994
32.41124109268468
32.37836436013275
32.19070529592743
32.152489238059566
32.19110914649027
32.0259279565829
31.839306571976838
31.895000650885986
31.665215953695185
31.5296530385124
31.46619646247575
31.557549160602065
31.465292261181883
31.376562093483265
31.18414994923789
31.15197813016068
31.085867149936934
30.93947930972789
31.02463188738876
30.949595675142994
30.70691332955362
30.51675771617545
30.574913992808852
30.498614705288816
30.48714426209336
30.59772550513803
30.553333780647
30.056489877817135
30.22893043627399
30.187218097377382
30.029117622645874
29.951331866259494
29.920672351780862
30.099289615805784
29.792540903018082
29.821088681966746
29.395680069874334
29.50008991922653
29.79883228306745
29.54390997127718
29.390189607779288
29.33443498768863
29.366882787178646
29.130712228815508
29.310070840133996
29.34059992959104
29.249151173710644
29.06269650624808
29.101759978113392
28.92764537008453
28.970297996454807
28.97842583719705
28.969848224661696
28.768771238505106
28.66283158578797
28.767196310214366
28.600653305212294
28.643411972852174
28.542797830235124
28.585249102807534
28.51042138948507
28.49126550583217
28.6206055539129
28.437965027802452
28.373555255743735
28.232653933333292
28.221387795020416
28.270111099808833
28.472569752128226
28.176375334236155
28.00481363924269
28.063960821744907
27.938503141538522
27.9256784318734
27.899191185606217
27.731175091284957
27.825832328138446
27.758636218634468
27.642263620181968
27.857408418275977
27.624507708499962
27.77983802274504
27.869770909430006
27.619385867231305
27.548720854360127
27.4942953798815
27.483171834196742
27.338546736470033
27.43280991000896
27.169066624532775
27.344223762664534
27.316791812381357
27.354154702973673
27.228769329504637
27.239594098985346
27.136402120287148
27.26770699673676
27.210789060655248
27.189993483787532
27.199881538796014
27.105621041980847
26.828837351160363
26.89747904203076
27.03164278677362
26.854426152941627
26.78028452026761
26.89558981904311
26.99990938557385
26.838904866994827
26.684339755092815
26.917822784042876
26.733102844050656
26.750751043001227
26.83310104688807
26.552702581110943
26.696553233551747
26.43039798514893
26.477254932430025
26.581619157505003
26.42174084358712
26.56276149282397
26.53240566453641
26.319446332902434
26.42104973075941
26.520305433485362
26.22980066078254
26.11277146647913
26.29617151526477
26.16246455734108
26.055871581923967
26.129637766157824
26.246243982100786
26.33136560565966
26.209388550307988
26.050907546928624
26.02358517511751
26.073791087498638
26.092542390612138
25.95333346534905
26.06752702817553
26.019381864124803
25.914727765455016
26.02589796318694
25.78792133167539
25.86142377451372
25.81327266760497
25.877692077224694
25.77568423086223
25.781983080390923
25.91996310670098
25.889005381190966
25.698835765770493
25.647954961845816
25.730983736604966
25.697178823193962
25.592177930161625
25.691393669679798
25.48753562693353
25.47006481204136
25.613099105937636
25.729717998255673
25.636723166935653
25.505055595934163
25.329656236356147
25.41887642019665
25.3118694030026
25.25406694054473
25.407253922087698
25.470082220716865
25.2378879842726
25.16932528813161
25.247479996297315
25.337696074132552
25.41526116333767
25.02317657432897
25.254087494428834
25.133857201863012
25.04558780853294
25.063846911585866
25.301221789157292
25.056958942568386
25.07778041189735
25.216526497188685
25.053626897427378
24.966350782653556
25.069176593310736
24.945444547317493
24.968414695676678
24.972461125987376
25.139409001935086
24.9641983043917
25.113521351313356
24.896038715942453
24.775783916552292
24.807653088098366
24.92583424765757
24.79138133839826
24.808816604547935
24.86280814180154
24.733074773170745
24.773476020288054
24.67638685468122
24.632796892683395
24.743877468547538
24.74861824924826
24.782669311755534
24.69182153001154
24.607442024957905
24.676260381062523
24.466278284393884
24.763873982608388
24.720720359073642
24.813363543712416
24.590667057025012
24.481116002223274
24.473196277396255
24.50637181359697
24.4680359754242
24.37979908310424
24.40267798032466
24.511542963271452
24.37413434422156
24.366366169325303
24.357754857709946
24.55394217666732
24.39606244069663
24.398222931843886
24.482245956250367
24.325278451043776
24.330394457506475
24.458589166966295
24.227158721724255
24.4458939431947
24.302335067929505
24.104059301621497
24.084761774021615
24.150341979833872
24.206081785747564
24.13843148292713
24.41526568137632
24.239103131449884
24.05391359161134
24.008900437669524
23.99267845663588
24.027848540599464
24.015450158322118
24.27477525392972
24.00290126432941
24.012165591697123
24.115909594120843
24.103983368167626
23.988195549583903
23.782413337670974
24.10487576930146
23.934417259655735
24.042138888355638
23.955433073535204
23.984469815583648
24.128746896738313
23.834568665823454
23.82382445191537
23.82437295377406
23.92499803309112
23.806362662432416
23.928133208516616
23.943179052284233
23.767250117262094
23.712777425294373
23.74587681843124
23.837237227413564
23.79683295867809
23.822169372264067
23.603618608223783
23.674444226676233
23.71993504591275
23.70274028669047
23.6598102720721
23.650029013853363
23.59457358198471
23.712111019078115
23.552522997960377
23.651098087086133
23.804470191899387
23.616668798930895
23.571263029577125
23.64047716033173
23.514842406083694
23.744618295098512
23.472252656311465
23.763696555194276
23.52920040993685
23.600065284284913
23.556811113669255
23.341984034034827
23.59989714127557
23.466201539030813
23.59333718908398
23.36368669310517
23.438255474567693
23.44911153996219
23.560211063653988
23.49236356562444
23.399107300934276
23.390472592411005
23.458877068944588
23.34949124805914
23.27317761495585
23.444817066966632
23.256977624474647
23.337088912757892
23.4210293935276
23.587016642693325
23.305808246004773
23.368723773607105
23.424505257153378
23.31223485287979
23.254594447737833
23.24330968005258
23.292318478217002
23.251789104770367
23.242360624800572
23.2410182697023
23.0397494741858
23.25806108501324
23.216406993703657
23.136997887996944
1074.6620105429963
861.3379140187081
832.5727875486294
806.7771712653588
794.1182615690378
773.5895619740453
762.450740875251
755.3799103998379
744.979407446907
737.9245235043868
733.7624466011554
740.0141242158787
732.8527546468797
723.6361447301739
728.2716129145443
712.8226565992512
716.822981006597
715.447416992772
710.106349821737
697.1930939161947
686.9162149296817
680.0559825109823
691.5577107569624
687.7426237375973
685.0845359427661
672.5738193721771
674.7471277017607
669.1160099769089
661.9428857897743
659.163681005978
651.6712732717295
645.7486138871909
644.2009355104366
641.16578454378
633.9440345932925
520.0286560766139
273.6653963616432
198.62613560442134
165.57839967369011
146.70134906721637
132.61254925036744
122.9243866282989
114.7460101038849
107.88403885168954
102.19330749082003
97.66397380290871
93.08719175043399
89.11779260646935
86.1030577675814
83.05550243018435
80.60680527774039
78.17621815887975
75.93859857339362
73.70626974483194
71.7271356858453
70.33223835307042
68.96471813301531
67.18530886838207
65.2822782452481
64.72347855714257
63.31389085819121
62.052295459597
60.85239872023587
60.108294907260124
59.08416810440581
57.96356477829035
57.26729266876074
55.89379132862827
55.13284649163806
54.56838116255759
53.811577731176435
53.06525380140557
52.63781694322071
51.65002669119985
51.46025150525514
50.53673166043682
49.959120605545316
49.45394098880632
49.06299247510981
48.719290038978215
47.91190456504274
47.43733943783823
46.984399411721185
46.50384551387417
46.196057097022845
45.6195430075364
45.214058485702026
44.77270951290306
44.567688472550344
44.119967187676984
43.78144501863778
43.48515894873198
42.94692438614658
43.13330995010903
42.67721710424851
42.300431492345474
42.04322064797485
41.4676417471912
41.35126818644177
41.152816891649515
40.74062804867843
40.36448898280703
40.545896441994906
40.132135498103544
39.79412246665745
39.75019340267641
39.1105260519391
39.118477579920764
38.680587116078996
38.545490064045886
38.31425097720354
38.181133010411685
37.86682056847186
37.63456149629565
37.665344303395564
37.568477310433316
37.35946376998148
36.99496872940617
36.86738746453856
36.76819707247938
36.6809649696934
36.57986452935333
36.21104858866071
36.3235266394974
35.88881604712696
35.856364556584275
35.73893474758535
35.43265476635387
35.51609844817296
35.22491354232251
35.260893965171505
35.201878616215645
34.84960058649102
34.53788595236761
34.57677048033983
34.45149521180236
34.249314718228476
34.234088767547235
34.2497489601683
33.903199347777765
33.954240078223066
33.91069369825164
33.40110215630108
33.37517578640848
33.24950432103965
33.16566330314454
33.08490456494555
32.995112932453225
32.77312319331972
32.76142914145328
32.730027270377875
32.38822863177402
32.26089717187888
32.28840797174943
32.17872557317377
32.2462661060833
32.13713816286313
31.85339819272749
31.764050534926795
31.83368160322147
31.79701869659124
31.939630400729204
31.517655518919018
31.5324978106716
31.45798479209159
31.293166906322753
31.126646288785945
30.962746723133904
31.07740524616096
30.995418567093008
31.00869931200616
30.946306876866863
30.65572913856136
30.62100074244339
30.56814889649508
30.46037435362666
30.55856305140875
30.472221389456273
30.399181113926524
30.28240518631979
30.31465742074065
30.151194379478497
30.193971804679872
29.9778972179584
29.883391888940015
29.79083843215165
29.748678006649275
29.660728402905107
29.53706582264496
29.59570060798934
29.684123951104837
29.434420017841774
29.540610700880727
29.346575731900245
29.452899125340625
29.21990609571364
29.212943735444657
29.023947552268208
29.164905495752528
29.184249521582544
28.872862585902872
28.871472271469095
29.104491234439436
28.754834134973695
28.82156151090722
28.615881442179848
28.764208812710947
28.60342779383473
28.475447988618264
28.661070670430373
28.532124883310708
28.466411883356635
28.359758828978038
28.31420318523608
28.403489923304573
28.030215579224407
28.335473323867415
28.203782897921922
28.127671144270444
28.2556053996466
27.992544919110728
27.892772089790377
27.90731678987063
27.921639761485558
27.80828594319155
27.864270293438935
27.83914305412378
27.840764731286836
27.777479008715794
27.785421792033706
27.696426536965937
27.518348427419077
27.511829837382788
27.71657222401279
27.46793222614683
27.35956409912551
27.376449974521734
27.418086528314067
27.52361400927342
27.468130425349756
27.29378780689884
27.099101527145972
27.502162163193557
27.239148753530092
27.166746363710278
26.920795109905573
26.997959825755135
27.120654189113463
27.241333371368967
26.933766326246396
26.90080180264249
26.87367579701044
26.857563821348503
26.77383043192849
26.804422561423632
26.843473667809782
26.72614545689857
26.835546916639824
26.605739108558645
26.695706908380508
26.492620695899454
26.5924479612382
26.530042193978897
26.495348088965365
26.444688290685207
26.318549402427855
26.37052683075468
26.388681123069084
26.394196401257332
26.392710647688354
26.34632109612854
26.282902774414893
26.296975034135492
26.4111627424817
26.317433825507702
26.027085180148198
26.086688374565554
26.09249176670237
26.023955467769163
25.920064221069126
26.0857580841737
26.135197224336935
26.091136851222434
25.810709852049925
25.967558692047415
26.176919243197705
25.67306464760522
25.77072343898038
25.909433778287216
25.753787388178964
25.918021870645187
25.70447117007966
25.634827794806895
25.586656978875464
25.758513855345488
25.842552542524267
25.660657868871223
25.671486227315878
25.73499125968249
25.840766033651985
25.53531059829101
25.405726905721547
25.57892504035742
25.397625312256775
25.588362813009354
25.34837349789971
25.31854264175241
25.425753687153808
25.388523244913582
25.370690930746402
25.195785872246667
25.212166999193002
25.420374351372125
25.06583578546148
25.285952209077486
25.287227755765805
25.201957200380757
25.149114044971522
25.07981989631005
25.127996940434215
25.040467017560537
25.14462477153042
24.876150906513796
25.056813820148477
24.94338090823324
25.021149123652204
25.23051383884085
24.92474653975754
25.030134477897455
24.712499543659494
24.9176470017574
24.856709949569783
24.979084191678268
24.93368663825531
24.802273746756697
24.814187493731335
24.849038173027704
24.818281671245305
24.732962555235385
24.715549679785312
24.682525965313204
24.727806099049616
24.52761515829982
24.93405582822924
24.721855210087558
24.681245620516997
24.673030887305575
24.60173123871324
24.476173845587617
24.63545994010843
24.622259386146865
24.39730668112985
24.307678811359445
24.651401297667718
24.50678786745387
24.43102700512864
24.38143954449779
24.4212758448599
24.542148056638812
24.505796441272214
24.493893859095444
24.478416634369136
24.38361363039351
24.40933678238248
24.333179433698362
24.22766133050795
24.171467821020507
24.294548356595946
24.327565561491284
24.175592019227945
24.171443523390618
24.181643546128445
24.21212281691133
24.091234886497876
24.136114107102074
24.210210708293452
24.26897190239765
24.116853232233268
24.10561431302874
24.00790600660027
24.13552149662005
24.234254995550447
23.9437661152862
24.15520210708894
24.039993773107014
24.017635396060342
24.08876413128923
24.1765426806566
23.887531569644448
23.901585307063314
24.211147123881606
23.91789727538481
23.745177350518276
23.8586638555063
23.840042341293177
23.837819613182536
23.806784728680473
23.832627916249262
23.984224070623757
23.718100078857603
23.95418915559607
23.83327684662042
23.89880916762916
23.783413059637404
23.833428409102282
23.84219235661665
23.69642141539428
23.771462858508325
23.712110068530436
23.769810978761804
23.5417736311969
23.818894037996586
23.7895278361072
23.4765969908836
23.54095956193406
23.676646894626302
23.62215748107906
23.533289988856485
23.580373048945226
23.3946151789662
23.515783339032236
23.632868674929053
23.437003567434836
23.416032083819385
23.375092298763484
23.65289575026407
23.628092875530754
23.61435635435203
23.376561956168924
23.447214368807554
23.39997685429501
23.341003026150343
23.344306847332607
23.505421254255015
23.47080050304181
23.393535868207124
23.228143009443418
23.485209451522547
23.351070487418898
23.281305430356312
23.407028975286277
23.245468915521233
23.223530430401322
23.139736267608743
23.095176341923015
23.10406442965713
23.228125762783254
23.157829814021937
23.302882448266534
23.157228950786582
23.126121225976178
23.263231331260595
23.22698568710938
23.23498204559491
23.233259977677864
23.071184774364845
23.03527592299249
23.195328568426188
23.07731986922618
23.073687671199547
23.00112812368805
23.22908249006785
23.01057764678893
23.12935935507661
23.10070681909125
22.951484853932236
23.09261515214136
23.28440018805691
23.032167136851704
22.926185919502007
22.801195280474786
22.903171973027227
22.972774137499663
22.893930968803186
23.039836326243307
23.103975430639643
22.937201808072274
23.095538916579486
23.00126177013593
22.914170432601924
22.817174972641656
22.941920633819915
22.926457980558588
22.882748031537886
22.732639514718123
22.795521880317235
22.683795376401257
22.828999499246
22.86099299086012
22.809251578542643
22.911565940300832
22.8695672833412
22.794442373101845
22.637500600652647
22.691536907202146
22.760123348238306
22.883187345451045
22.795826200884225
22.640838878313343
22.747795832420383
