480.20941632827095
259.64243150845897
198.23435088951575
167.7130716603185
147.70375078086124
133.41784630814257
122.0694110949051
113.54250714697005
105.60165473453476
100.24941309979678
95.38317760196273
91.64334341337826
87.95145086058139
85.02920437805088
81.9694530935002
79.44902371785578
77.67631161350306
75.82886323790609
73.71885674468673
71.99050961757384
70.64438514268913
69.0303045487479
67.69145443864387
66.704634592638
65.40139037925356
63.8337502405153
63.22205848672746
62.34356661944715
61.34882107721016
60.334235673672936
59.8326802147797
58.753160030053984
58.09085679400869
57.48742638743505
56.733007601587836
56.35258141171479
55.888253769471156
55.107697933916896
54.45572406370661
54.010616844540934
53.47801632922786
53.02788266162451
52.23870792774995
52.01323508368535
51.62330322655762
50.94341200276179
50.702455400724936
50.36641768213176
50.0583250921703
49.551659275050454
49.24452561121068
48.76438976752995
48.28544310029822
48.51684445256767
47.91807869314006
47.876982897288634
47.31230122231117
47.20422225790511
46.67361096167713
46.70058995852544
46.33194909989899
46.00124082597208
45.8427314642207
45.73981678046384
45.369883956468506
45.05788844947563
44.88662631002614
44.95784926129963
44.30857471390093
44.34717138235101
44.09190586994828
43.37674209128871
43.476159900663625
43.41633465106613
43.16710043188005
43.160994031945535
42.724792614757796
42.2026549026162
42.392903952832505
42.189735095905064
42.22821008435344
42.06104610187227
41.82328919252836
41.74091714939168
41.70671476071962
41.34066029046947
41.4487291308137
40.96705391906195
40.88199340639208
40.595872028181766
40.66581537241773
40.478036634948865
39.99112395687612
40.110730647234135
39.76147583625596
39.909451469234234
39.945832112413065
39.914322905096036
39.637080642147794
39.71911659163097
39.352857657186966
39.48679541670243
39.09125571592707
38.98943437740497
38.92804684562921
38.67203073170793
38.631386862097486
38.811235039604675
38.68776217968862
38.35229282451103
38.19589644134783
38.3993405139875
38.13948865171196
38.120205451886825
37.70521856385545
37.87073830867406
37.56240896208654
37.58165928688877
37.620329235372495
37.52469538708007
37.428129734235796
37.25885121872374
37.19896171556248
37.20732370145409
36.935858193407356
37.187744183149135
36.8580671798481
36.829657629325055
37.01613979818258
36.775184959553044
36.428138060229905
36.565096957982924
36.399043951570384
36.28277880380679
36.37708140512418
36.34877249848692
36.39314387092945
36.23712114570597
36.17900013650474
36.05815386309899
35.865327765129464
35.94195840784683
35.86122034721471
35.785104520565085
35.821910015414524
35.58627472891726
35.49449596434783
35.628182916754646
35.429346174747955
35.57841817263083
35.408406654643315
35.33169345526945
35.199447036932604
35.121196532720674
35.13668023161597
35.21777503957384
34.90733342550432
34.92918514406968
34.93536835491181
34.8245518515253
34.813747292824765
34.97784328728979
34.63028110712348
34.57685655399988
34.72137584445499
34.53708619404305
34.77291215050369
34.38956689574386
34.51064094039597
34.388531605844605
34.165031789720594
34.189048695440796
34.323770393169156
34.14034280145481
34.16354399091553
34.144340453448635
33.83269342654336
33.96180827727119
33.9704002832206
33.77023012895084
33.71111619578679
33.56757679785345
33.669041860619416
33.69564856155305
33.583380669849056
33.75797727764134
33.576511977298836
33.47241419836279
33.76157775678774
33.51591148151438
33.50103648398098
33.325566779847975
33.28427649261547
33.26769895685155
33.24179960643451
33.037248869702594
33.109982790732985
33.14171572272302
32.918007223448136
33.142769723251234
33.083018891777506
33.11654171755291
33.010731295001754
32.89806220268898
32.83479489570764
33.03240959118224
32.91119132162732
32.73030849220219
32.61210605774887
32.8323603570076
32.64401153515653
32.482237035008914
32.67945658778287
32.55673299015951
32.6777613162256
32.4766374989315
32.315730242141335
32.39714712274785
32.502984103293805
32.24872228223969
32.54200834595875
32.28355283183488
32.37733633394905
32.3747734743754
32.25305300285611
32.204176776585385
32.04270751081685
32.052045828522864
32.1349625212106
32.050657748624346
32.10510794875674
31.91490987007196
32.0367658816359
31.816959422906724
31.94177854518848
31.87121507512251
31.947320376559652
31.76086099761106
31.79598139295854
31.883668966233724
31.864000991891952
31.920011444478405
31.60828293247128
31.616973575072738
31.68076542038398
31.701903139044642
31.588640286382454
31.710385668875713
31.496728459655667
31.462935549807327
31.585446373418858
31.406626245194172
31.658819514578507
31.482500494133905
31.474354004691463
31.45437460203681
31.351497819236123
31.37091639130563
31.429281541959572
31.207554732118084
31.35009764592668
31.370483847723047
31.152263911371307
31.35950746796081
31.25707906622042
31.303475939774266
31.07015381132973
31.20435078545714
31.168054401955732
31.113619492009835
31.022881113623434
30.769882724311184
31.089380159301733
30.99349584829129
31.335904794017637
30.908749442537232
30.95888374224618
30.970156972720073
30.966769295827152
30.955485556578477
30.867258996399855
30.81600919466258
30.735694037493776
30.782137969904078
30.83120743402226
30.654277171829833
30.70988928997041
30.721690013844174
30.63537699065277
30.724070573065326
30.66951783127901
30.75500564779933
30.481225222479956
30.644903867330694
30.62105769869364
30.503652848420092
30.558512534763725
30.65023044663062
30.354184292239644
30.550862946140604
30.54601830153672
30.41712603662745
30.519276886754888
30.43061647552401
30.57175105708177
30.340635798521763
30.339455219403447
30.429690831485765
30.39024271737573
30.251871820241075
30.441710903438967
30.249323542599164
30.257777833516396
30.134816114467693
30.262419774594576
30.27356245127664
30.327655242541304
30.066666663273715
30.172636614102444
30.379481593715344
29.990732386850237
30.071234728114977
30.066897147797036
30.118835978256204
30.06956295153235
30.084361718104617
30.233172767410952
30.081974146234955
29.983901724345486
29.97160745927864
29.950821275014263
30.116261071245066
29.881025417946997
29.77917638357309
29.974090127300023
29.992959974540376
29.89009684916614
29.96116187337336
29.956944478238867
29.609419585182366
29.83698881529416
29.62964177648171
29.777250874222723
29.831360103549432
29.820131917988263
29.628433175638076
29.77143586783514
29.901492849359215
29.739199115126024
29.63153404939187
29.717766948257246
29.903503106286045
29.73538481820496
29.526895857824886
29.668590386448344
29.597225535136356
29.37117095520347
29.530923530890334
29.778672098236562
29.58753643087154
29.450627309016227
29.414658643309995
29.60281172865032
29.595294677533637
29.513586700970706
29.602983595254297
29.679595138467946
29.540193661692307
29.39126386955646
29.53763325852243
29.345559438129666
29.356239143818218
29.61452056422713
29.406284491646897
29.262090544894544
29.214009248607752
29.438815119757418
29.370575821537763
29.45369355616435
29.28685221202022
29.09204765451152
29.37232219910539
29.41573604021735
29.4697343075575
29.365768258338925
29.037357219420493
29.021947405490888
29.361618485126794
29.169786231880387
29.13038892243677
29.219672971150842
29.222012012130893
29.2220393953049
29.316822788500705
29.090491723800195
29.1918057995483
28.91500847429185
29.26584001559059
29.065940378463797
28.96474111721333
29.18930918692319
29.159338063608228
28.926931958718615
29.01333514652533
29.133850356610985
28.95243609898003
28.791097691879564
28.830782106302824
29.09116175052592
29.033596870518533
28.987737002845574
29.0441654698852
29.089029694711783
28.780003423323183
29.07778422419191
28.85984777188326
28.87865930810716
28.79395837730332
28.89243186412262
28.902353553964804
28.86542773209116
28.674285918482575
28.840090980448814
28.925618960657285
28.752763190264492
28.66381213685097
28.86389963729536
28.935319892128728
28.756475016493766
28.785228316504295
28.71163582566592
28.86380555750334
28.775708009380015
28.60396637568477
28.486102087252384
28.603111419921582
28.79432959176802
28.72080486725557
28.823510156549453
28.6691220910319
28.636328959953033
28.753225190362933
28.566459720195336
28.671257411467238
28.805991160065528
28.62758712388446
28.577442846522302
28.4159421405774
28.373188971716417
28.476771213259113
28.47359574636092
28.43195396645521
28.525731331466446
28.52235491961894
28.500234978672776
28.47269526738968
28.488956491855365
28.499239330369466
28.491694359274756
28.35537670390492
28.38338185406362
28.389090081065834
28.500593905156506
28.418508758861474
28.440498411930065
28.43234609609439
28.399575536687237
28.450709079046774
28.37890244572933
28.359828018750903
28.403130044098376
28.32683959228911
28.134159203029903
28.25248544389828
28.31662532414601
28.264034305658885
28.416635675933456
28.301166007701166
28.327771140319772
28.445236084000676
28.30926939510922
28.123564245421335
28.1333117231261
28.10198351041294
28.248679064711645
28.12455252231042
28.312449998368393
28.25353317070539
28.157229621338104
28.19128915354506
28.20007768119295
28.36436252382141
28.410418603555804
28.217998992673056
28.223828126378372
28.16442601200902
27.946959842050667
28.121342258399537
28.019261681324927
27.989501503298133
464.9623249574628
254.40944207682594
196.51341332495562
166.07128681486242
145.63393533182787
131.9075153745744
120.76960264638386
112.44722436721929
106.38995404442366
99.8104686687142
94.99405765091609
91.16533171989454
88.31140297148238
85.07937899928982
82.57165387160396
79.59386737903863
77.77215527312192
75.66966841701642
73.57584230061703
72.0169071753434
70.84594120358555
68.98380728355163
67.90792454304832
66.39544432246834
65.35728439277116
64.17018648424865
62.888460828644156
62.05618485563285
61.588431138245035
60.71699947461315
59.77960426518628
59.380503715775774
58.17690042093591
57.48344240820322
56.68837126989765
56.52943927270856
55.72192761929231
54.764167046110586
54.01281293914919
53.83231486042316
53.06792176605213
52.67693735968297
52.571953117991285
51.74860483211575
51.632614573576475
51.0270029804034
50.84643362689005
50.04496151294653
50.17188916625445
49.86596195591511
49.135137865652084
48.781282252717304
48.11445855263134
48.08211140214022
48.169625626037586
47.60500856079279
47.56711405892099
47.00856405242449
46.854006156727436
46.40299797700968
46.08435691412557
46.235190138237954
45.568784465154565
45.39683714949221
44.98008600359201
45.3851659221508
44.99358743752375
44.531478911585396
44.61853498673201
44.151123406366814
44.26512177125437
43.81080687099469
43.49480059201343
43.544248727540825
43.09568355728005
42.96605813437275
42.6121737523287
42.567628924743495
42.20839551061226
42.581584513345206
42.35101807625364
42.042604776215704
41.789620010224105
41.55602888953907
41.34433890835917
41.342961125866786
41.26936169201022
41.01497945515684
40.823330169400855
40.50985626659924
40.593817667855426
40.66688134429559
40.4254766862741
40.207861469885806
40.017956030201155
39.854425365839305
39.81093190217709
39.823925623037155
39.50936966497395
39.61668944548736
39.2415401272645
39.62796133928585
39.301830079563715
38.96036089475409
38.95727247593929
38.77978479700981
38.85884335511472
38.707878494306854
38.51664132656468
38.51313915629273
38.49190801077804
38.100411385529675
38.09879345591338
38.074407546139966
37.858032432776
37.81694549200396
37.691639260175386
37.55672372562886
37.8794965549701
37.67724439255728
37.791049272150026
37.32434222341521
37.161998121955456
37.16221167312239
36.999276915801616
37.10818119796014
36.86062329644255
36.866453016079326
36.77265274109424
36.74249531794641
36.51086108292317
36.54505450235797
36.462262557069316
36.466498757773586
36.373317796905376
36.24708907765982
36.13677400293853
36.37716975908453
36.030318909953245
36.137234900773805
35.989768032421075
36.18999987418425
35.750894545798246
35.69303102237046
35.722897112470555
35.70632176381372
35.86465749311296
35.40617411051029
35.74986135144863
35.45848083694096
35.37701842512372
35.49112519225038
35.26649898530807
35.26492280618396
35.190838816820154
35.042645583898256
35.251558295660224
35.18365298189068
34.90365840798782
34.74608352726044
34.912208384592454
34.92248277481598
34.933121700949606
34.676331644886
34.54624493920715
34.40093336260124
34.57531128038236
34.57109735886967
34.38845074587797
34.383954199381144
34.16733034659718
34.29725085038316
34.35536967026837
34.26828389917201
34.18291774138227
34.21524334009718
34.037383234462986
33.996925426000466
34.22447938265838
34.15005245656065
33.91960137335242
33.90619389036998
33.85670120183286
33.7209396607389
33.712911728547375
33.76787033952891
33.651396858720474
33.685283329223296
33.577160843076186
33.5533182690969
33.48195659516571
33.382779672171985
33.5906060281232
33.428835069391916
33.16667427626927
33.05991976458987
33.20590891360725
33.103417307503854
33.20649406114065
33.36627310859339
33.43641852810776
32.86628750930558
32.96773803873921
32.91799348200316
32.92511998112329
32.75178504618299
32.836651947356124
33.00879920818344
32.69077471210569
32.75304468496483
32.3742178975614
32.46051743016732
32.784579057568415
32.474359729199826
32.47040852789623
32.502980958075916
32.55460650873815
32.18887992350678
32.423924286573616
32.50837317468069
32.53395714969986
32.31707391415218
32.26013081323358
32.12699631806126
32.24850492815123
32.28684149670785
32.27155457497052
32.14101929744792
31.921480992139248
32.1134633128784
32.03937161420537
32.08123317529573
32.0006978966598
32.02932534320919
32.00877829527859
32.004804882890255
32.05863564322756
31.80765683703145
31.905238906975953
31.741372855436904
31.81511471842784
31.941394456308814
32.101514096663024
31.833527844376917
31.61743623549396
31.655190498856264
31.58079544795374
31.536563004691683
31.477014296152817
31.39096278648051
31.50303546876932
31.451307945995566
31.339683576101134
31.600067217287787
31.390710133912325
31.527898271407082
31.60179450535743
31.488648131275706
31.305496314759473
31.232802148358054
31.189792442665464
31.23851092752671
31.234547407101264
31.052918708953772
31.189471511615718
31.238562986682346
31.208790189505237
31.13763154269423
31.14701699354657
31.093373524982994
31.221918439273093
31.158682344701877
31.19297534221288
31.165238057700773
31.104530095961596
30.753953078342956
30.948442130308074
30.944710293019956
30.88469075387568
30.85612180503654
30.93833913718455
31.054384275402015
30.906954065816034
30.81012143752024
30.958200855707943
30.876195381985195
30.886958468674134
30.833075716914205
30.66893493759926
30.873024198193775
30.517129222109414
30.543973330395822
30.729435216960848
30.597406832967703
30.742627878294098
30.63251815672683
30.507790901366217
30.655339135093982
30.72354518662637
30.43142894769541
30.366399821630026
30.534219137518402
30.395418796566872
30.29800250432956
30.347915015966908
30.505620980763457
30.570256190616306
30.484406353851742
30.276156468001005
30.334239428805816
30.314377279613623
30.366565353443015
30.14414216166106
30.32257887937356
30.332028048176227
30.128914695034105
30.280617139086903
30.11422384138614
30.205464877517073
30.153199441113504
30.333478582689033
30.152883832432867
30.184604052407636
30.28120864736321
30.332022612958216
30.09826098341201
30.099014530552584
30.093898358010343
30.070419495051013
30.022610463349718
30.02919939694345
29.87482934371429
29.89709096809513
30.024518819470686
30.149219126307422
30.03054119143445
29.91534506949224
29.781392863943196
29.872853747581235
29.817545099655327
29.756126000487786
29.874236794405565
29.94346144862243
29.698002901220423
29.597986026656162
29.686820527173325
29.84704265901099
29.954028397163654
29.457796623073214
29.650586873263205
29.64124711378187
29.64584243241631
29.66165202119823
29.85812333147967
29.586368059438037
29.599435048429527
29.769188737246644
29.559409023572005
29.438842728910164
29.609994699545133
29.533597177530904
29.456238613243436
29.52574412148133
29.72204771018358
29.578524410636962
29.845139586521324
29.461419097000903
29.349629993388664
29.28092981806494
29.477627102359538
29.383252814152456
29.42969079577253
29.412268124044168
29.334961398091114
29.348592770480657
29.419820894198395
29.19757617614238
29.303544523008757
29.35438839462566
29.37504217227618
29.417183897201443
29.326685408452285
29.30734476448443
29.11720200053984
29.374846538847656
29.441350297442987
29.541625765516546
29.285241471791853
29.204120019724847
29.120207593643585
29.13396778023817
29.12279003129588
29.06019001769452
28.98594631099429
29.203125669070936
29.123480408893247
29.023035866577246
29.041823668822108
29.339766530420068
29.0966954169622
29.16971922612668
29.06274171958838
28.991725137455177
28.993151916266186
29.109035631019342
28.945000118492544
29.122247263476808
28.962096718180753
28.839535046641995
28.843006519680408
28.896626838988013
28.875253923348374
28.8303393913853
29.133513543864506
29.045562798370685
28.83636372286204
28.670335154166892
28.80765167479002
28.833110461784376
28.74299154950488
28.95737495336595
28.715797824075906
28.754322228298662
28.86613728811343
28.84916912982028
28.761881086249346
28.57521252343582
28.913533124643564
28.756707387920542
28.800866041473245
28.66478679870255
28.759996971134314
28.838672795793673
28.607189461408428
28.61603663590606
28.61012869759361
28.719528162451205
28.67239111664154
28.673423182402967
28.71702531280011
28.5854894069299
28.51626685784368
28.532293920455878
28.629999282166747
28.68830969776186
28.678895415912248
28.32695985322411
28.48625905110163
28.525277157969676
28.542881016349824
28.51545446297014
28.364855286010105
28.31504069155624
28.467743006883055
28.3903526449398
28.56878494403665
28.629337475777398
28.41052965505047
28.36077944805895
28.508104656829723
28.36274564978311
28.58106787319476
28.233731967106095
28.63180954155691
28.40851095578528
28.494102546731845
28.440234442451313
28.256380206863483
28.438912322715925
28.26791074597037
28.437242414429274
28.24217818016447
28.273466544357138
28.281015027008824
28.365385047331664
28.335932997814783
28.256423396133716
28.25446112130532
28.25028406832849
28.291908219874667
28.18047975995247
28.300155900982094
28.192588115730317
28.21201644771015
28.258191404493484
28.418814139755092
28.21956107038511
28.205685483997122
28.303211938730108
28.241762577128224
28.203559942313362
28.162243434848424
28.12121749609937
28.140988943459796
28.10289502887473
28.11259427621051
27.855193171518827
28.11193404067561
28.100303254439815
27.95573139539991
472.8116679928003
255.1871932655106
196.09547642591687
166.30691414315456
145.81717512537568
132.71838881226105
121.62989228568436
112.34328280505446
105.60892003965286
100.28560430624697
94.82316512057321
91.37400924705047
87.6241097142449
84.67202810268758
81.82547604311436
79.82456160355775
77.45322407580154
75.30666742172087
73.48290327653756
71.89587701566158
70.31547563329242
69.36728761623081
67.65221484768819
66.65812330778775
64.87676891294515
64.20104214178248
62.737324906417776
62.047693985043935
61.280858948859645
60.811585598836544
59.384134665593415
59.166902612737125
57.947361447622825
57.2117129522115
56.738128864211895
55.83866238901988
55.45547521104648
55.10978593136718
54.60865370791796
54.10951520988286
53.32857533427503
53.04923532001895
52.478052713950866
52.10355083835911
51.660394823791805
51.45724517897331
50.74391802259944
50.341169757293876
49.908146230701185
49.5023332792036
49.37303603572043
49.054758731392475
48.615579228230786
48.06751686881613
47.77750269704628
47.70006542947582
47.595018786747325
46.96446275342699
46.28788966419021
46.778006063516756
46.30650311606827
46.0081875800362
45.59108868866916
45.66328490489731
45.47969047522584
44.88865662806609
44.95175213307836
44.246687645830335
44.21966246363745
44.13770990105366
43.916672800503974
43.647941236417296
43.72654613161373
43.103853859568865
43.40877817139821
42.8679884717493
42.60727331694418
42.62200565261548
42.58146499541871
42.59718396435001
42.233274117902674
41.88793447525367
41.70690398592093
41.54053325694297
41.60980444124506
41.24674429577762
41.14733986879186
40.923349048816895
41.05286973425426
40.79113277034433
40.57042025173831
40.50380788619871
40.2158938573553
40.44129394386692
40.3238928931052
40.20495007387256
40.06678100189604
39.6553936302631
39.66665759151391
39.71250945253603
39.34612135869859
39.134312184709074
39.60273770275709
39.18062939058923
39.104628615995445
39.069929529981536
38.60174314866116
38.75928448930655
38.42340009212386
38.48178315237728
38.34478556815876
38.14972850301117
37.98007899646107
37.91486653191973
38.04876807700282
38.10965786014989
37.97390841169841
37.842110027422166
37.66114816101251
37.62888362445368
37.590749508724
37.68410672218002
37.225012633318876
37.337675224992125
37.20665466521896
37.14456526943188
37.20047832337602
36.89780528357155
37.086364715302174
36.82309410322465
37.01804705107704
36.82961573816911
36.692592188830474
36.478365936416914
36.63677141194636
36.4432636712262
36.319337780983865
36.317549642917
36.41016315951927
36.18166071470811
36.241077682716195
36.204395115580965
35.850312097276614
35.7120135972453
35.781391112231624
35.7490054640482
35.6966456051339
35.532030999397875
35.39368428101654
35.45845145674835
35.43277513650642
35.14864870956787
35.22669891296583
35.23826224714071
35.18616510289995
35.12550253068288
35.08576270306831
34.94718343662593
34.897305301689215
34.89814724435518
34.94235078688737
35.1595282698714
34.662999028123636
34.8065633442551
34.772139915040576
34.55725786558092
34.549842936567735
34.38613339935205
34.37230250038137
34.375420898415044
34.421697595551876
34.42484940207638
34.16087486448138
34.057300930817355
34.1161679194483
34.033960535578736
34.24737787844316
34.13358957058919
34.124382551960224
33.99455045495497
34.12186688824948
33.97100240368226
33.902486317798605
33.80273053266402
33.7594935286639
33.51868283423777
33.59738685214258
33.57755891109041
33.42931346121756
33.51537628399981
33.679929528009076
33.50188764986242
33.64131679985271
33.36546271648806
33.50410729545536
33.387694861412186
33.24536708372679
33.16920369931721
33.25723485896179
33.29331344918662
32.96907978572408
32.95574626764614
33.298041971056826
32.93687302635373
32.96410867098245
32.853699042902335
32.96082463792942
32.825439268089504
32.845124754614424
32.97924816938146
32.844507202389096
32.72590124664854
32.74539919231781
32.64216637626038
32.643143374937296
32.35105566680562
32.639940869776765
32.59933041229058
32.57448968247212
32.671508003856225
32.399643186143656
32.35861820690381
32.305290124620235
32.39775976314885
32.32813909242169
32.26771054579391
32.34667832145959
32.410300537557376
32.38003932191223
32.29780083529112
32.3507104501348
32.07648511462573
32.020417516695574
32.26444328879839
32.041880448098105
31.95726032405276
31.943804726400877
32.05929085513388
32.10530699601603
32.100305818112346
31.979957512394797
31.71377238334434
32.108767070637676
31.882595152018126
31.912185938869104
31.615668395743846
31.599097269005068
31.73615367851963
31.888021354715427
31.579158975304004
31.628299114782603
31.603982422881757
31.55899763441895
31.574501167755013
31.557632267926046
31.631763574817498
31.568533072241774
31.550069628993924
31.38396616275714
31.489979139610455
31.306277795826084
31.41316823569237
31.39318009038668
31.32363660450127
31.335466141362335
31.115524528828004
31.236002138100574
31.19488019867002
31.275991016252288
31.269957847929525
31.288943271768783
31.18375369854862
31.198935715575768
31.27069685898144
31.191536584074868
30.929633070587997
31.11462705216716
30.976916478380826
31.071628323105575
30.776627022642852
30.975792792675097
30.96048894545256
31.002560896713096
30.723589643275144
30.903643149922782
31.13264843024637
30.62535434889723
30.7576759842784
30.89096424164564
30.746593052765927
30.784747052310102
30.644197802859722
30.641073414519003
30.564835331121763
30.818962768395192
30.849662616600693
30.640818780413593
30.768367708862282
30.79325335383428
30.870317049073627
30.52684651393279
30.464077695505644
30.65195679095525
30.506746325387606
30.624623057694226
30.42987452099186
30.385634344843755
30.53102136702694
30.460741639641515
30.457172517594298
30.31917397085101
30.33007175996427
30.49460722082585
30.22284094512619
30.39872346833991
30.37118677312291
30.235261289341846
30.23209246579015
30.177931143607108
30.2662756186049
30.15107056573236
30.266680541609635
30.052492668842664
30.31587932864515
30.14271259407033
30.157034647248047
30.290141318989736
30.04707029150741
30.227564035872234
29.784434703423436
30.099149132841344
30.02178104033008
30.17791973005764
30.020667636618203
29.948666990365748
30.008711036369977
30.10632032990866
29.97874405118104
29.96907865236736
29.975150696838817
29.751303535465
29.9775981454439
29.725972694518635
30.154621836655345
29.94796949644454
29.85242452524893
29.92919898641407
29.8068555365447
29.761039085521542
29.88041891447442
29.878021961983233
29.65401271709106
29.465046809264976
29.82360322977561
29.81873376296021
29.66224449136395
29.51115654644426
29.68940325617048
29.629804494319355
29.740581117334507
29.721723645353364
29.685982356754405
29.649591099997526
29.6989001339806
29.669534451436476
29.540078501655525
29.483258815208597
29.578991888804556
29.618735069392308
29.4221976933538
29.46193028821282
29.444218032712655
29.539173189913033
29.448770461882592
29.40044100553272
29.463842128766473
29.543622126263518
29.439021024630726
29.441183552635717
29.31430796804071
29.381805922296614
29.520715483506702
29.30585812738913
29.420274217767595
29.370972784598038
29.33961766718605
29.417764974352224
29.424163591777603
29.13171324997693
29.24939691745226
29.55022327841706
29.292159108412445
29.13033866979592
29.113177789096085
29.168989843375872
29.12220229878751
29.08010815882809
29.136140214595766
29.341890012168893
29.06597861954768
29.286506241370486
29.142948853001684
29.18891795454328
29.079995193476815
29.138416574490307
29.21195178326605
28.91822878588199
29.179365996829542
29.023724966292374
29.158751887897925
28.789209583065755
29.205811850572523
29.15623730664804
28.824647636325476
28.939903305152924
29.141354808389796
28.95298807821148
28.854982900488785
29.00303501155486
28.79312812362459
28.819440284403225
28.98937821573236
28.794044576148806
28.713408449474038
28.778001564355296
29.026820148800926
28.922209170927353
28.93522442974603
28.721824818096245
28.86259792090001
28.713441646437623
28.79443245926157
28.781009110447965
28.945081017960785
28.90676576215474
28.73636454146315
28.654406703134768
28.876418231634748
28.76255679697787
28.6795741299674
28.798736756953957
28.70372030405952
28.685010631201973
28.558313695761406
28.544299593208525
28.521570714489023
28.58295601929213
28.522306085049873
28.68140003369592
28.499703888256764
28.48468654433426
28.70643636800467
28.631744935954924
28.700174224397273
28.590576110429534
28.440743122811597
28.455780511750863
28.569780131211527
28.459771490274434
28.530131073026244
28.452282721183327
28.672799980584905
28.411294435024246
28.570661615448596
28.548189803810043
28.35744310694551
28.538652514340914
28.78641931674871
28.382956644572857
28.397646713759645
28.12738240747498
28.3034697639939
28.51158640436445
28.342486269322993
28.418899921942465
28.525838092284996
28.387135422391374
28.508733937433338
28.377031199114704
28.342331310602933
28.270250332415728
28.37344897726867
28.311418259377824
28.284519890606518
28.101795696246874
28.23302885269977
28.13821628904351
28.307737484045514
28.299922574032607
28.307531572868097
28.45533273604589
28.356164504210764
28.212490828797662
28.121864335444783
28.13932370412727
28.04806285934003
28.277010154509146
28.231924844466324
28.005363770629632
28.186511450671606
