509.56935791799555
257.62448255612316
194.71691268028587
165.4855585972489
147.08696489618865
133.74075610365114
124.20712182311256
117.20688401708973
110.72062870642472
106.74506967643349
103.44629432479624
100.7157213576462
97.7952633223052
95.68234030191402
93.40715310262298
91.4314481778507
90.31018554755647
88.93321732294363
87.24015378347409
85.70698680377332
84.90771774564824
83.58966596132595
82.66785551159346
81.99594121406489
80.56964840167423
79.238678050772
78.9338975026834
78.0455514905866
77.32531371707125
76.53868515002034
76.20814141274151
75.10122349153292
74.47988544472378
73.98884798912661
73.3245908637485
73.38552717138774
72.64060729603004
72.17723214995831
71.76980492239126
71.31006483290017
70.92231194311148
70.32274130107504
69.51260183243782
69.43953082719563
69.18448317597372
68.3819496119006
68.29855133622779
68.21467151950289
67.98521198319725
67.3283164598581
67.15787081178499
66.69326115742038
66.31995842189542
66.62582385397761
65.8839852534456
65.97014085461336
65.66187216224293
65.46732637223752
65.02179112100522
64.97472792295196
64.80191754444911
64.5911276424014
64.39506918345909
64.27793288654838
63.892917062987785
63.689997348042766
63.41250898964853
63.58306899271331
62.9908647872431
63.00105466954884
62.93662087939249
62.205628385845955
62.37055228646951
62.359653398165754
61.84320310884649
62.01504519284056
61.650193501285976
60.90351859742191
61.37991526875202
61.324177391660605
61.341454835874835
61.157138388588756
60.88175010550914
60.694498676411705
61.04775433683704
60.53911435837265
60.68221866646092
60.21173120656627
60.15029847309186
59.88348091996169
59.947572209711815
59.78302627142014
59.252427343100166
59.56911448601322
59.08391243340418
59.16528601368669
59.378820511563156
59.515159394892116
59.064915943834926
59.10460237346483
58.819474039414374
58.95046782238588
58.56450004367376
58.376567028426884
58.256845023225985
58.085005905260125
58.16520267332874
58.46038870620269
58.14329458425781
57.986312673364274
57.77161670055991
57.86714544528821
57.788261236937664
57.781229740430256
57.40668070753946
57.686747562226806
57.110661690809884
57.153385290505625
57.32224449884803
57.28165048330477
57.11845060700365
56.62860646900709
56.84660382487775
56.93176703291525
56.45880021591793
56.813904003267496
56.40735196908484
56.621147330603236
56.6148747443068
56.678674158233264
55.99071551008139
56.30943594742312
56.017235674873895
55.92530351534379
56.02407307106898
56.20277413383901
56.30013706854343
56.05702144983694
55.92619861860153
55.80538537204077
55.603484325860315
55.749361512292666
55.67192087195975
55.60915496397377
55.77657547811144
55.32925715809842
55.344218660332665
55.55723897267137
55.282932796251295
55.57845188232655
55.38146384300412
55.144608756053955
55.03044724497543
54.9292982786919
55.02974967360935
55.024285343667735
54.86024792067294
54.76081698850269
54.89533526726873
54.78964545706821
54.85311721902973
55.0433416246511
54.52264459687252
54.45634477365346
54.65972187261805
54.35833943600016
54.65518645748025
54.16957699079501
54.30291462197157
54.196539999667316
54.00697965621097
54.1808080993582
54.24003927819778
54.020462727966795
54.03337491321326
53.77894473660398
53.71093345172653
54.004996013295624
53.96494062600683
53.61691096656262
53.604094922182526
53.38069009647216
53.56530208094823
53.59442237643252
53.342432175186616
53.61112873250879
53.52622597920339
53.305556687793626
53.66343877352467
53.497384393718775
53.50777272219135
53.13245943225931
53.08878253289323
53.183017839741126
53.20699358661257
52.871719540414986
52.960177388916726
53.01827889292067
52.75800588590207
53.084276429567815
52.999272747096576
52.99299407873698
53.029180944830145
52.72068700555756
52.75219018868829
53.02352042116168
52.96925008326756
52.733872201439645
52.641135072108
52.64761356994199
52.625335188175306
52.353300205786596
52.74189793724858
52.49404393448486
52.727855109529216
52.49622485513891
52.31858416422662
52.43528999971115
52.5316933208356
52.14927426885197
52.63790367198416
52.294978111696764
52.276841832942516
52.28563173173351
52.298798556687544
52.307533130482575
51.93335902107698
51.94439439328252
52.18572743974174
52.06148796674055
52.238734517029734
51.93458469817052
52.00128817472859
51.84568754178291
51.92622344446325
51.999169600715405
52.11670265445457
51.64392400453711
51.88710355214035
52.03729783737718
52.002055061479844
51.90773000644194
51.69448512195801
51.72559722936171
51.71827570059272
51.81191686808791
51.628626700319025
51.84837753920607
51.59564487199313
51.445046828665966
51.61602422244119
51.3647109003738
51.68872892310029
51.50961383879032
51.506958084812084
51.38070643525196
51.360119231210746
51.47802502005506
51.448051746014436
51.18252166718781
51.539056841313254
51.405861042381154
51.22231216055814
51.55998506595191
51.42922534024062
51.37786816147618
50.96378247703418
51.287385198955405
51.398192878576616
51.12454215096218
51.05946799449073
50.782863636569175
51.118519449340496
50.83642499356807
51.56643957580464
50.974961192164095
50.92911887124931
50.90329243788953
50.980527238151055
50.998975415854744
50.81177498281682
50.83062128948961
50.70224429596527
50.74158741957699
50.89659478577783
50.68116841094174
50.67726607174194
50.70580706188838
50.60174721939404
50.565844107017014
50.707217140867904
50.791299880351374
50.472304919455866
50.651095326998934
50.54115135116088
50.66545669243282
50.618187003247414
50.86786644889149
50.28273790438012
50.50847926897454
50.641936024455106
50.443718398099726
50.49173621809922
50.46366212940212
50.48639478089746
50.214314573223554
50.325445564326294
50.522750172087825
50.388621144666836
50.16363406451307
50.38183344366998
50.285146257177196
50.2915290256016
50.17588894086244
50.33360462540612
50.224683730761114
50.42774242113765
50.110325589004155
50.30339525217467
50.49054938742433
50.125961640868475
50.170193687752786
50.109619930745666
50.116363415413105
50.17007863506742
50.052196972134034
50.46717606360584
50.098134472863286
49.92838972214569
50.07038089818594
50.022744400117986
50.260299906703274
49.887531847715266
49.789127310976085
50.08750853621265
50.016681858620004
49.950537716933965
50.03043052606194
49.90741220562976
49.387577182556875
49.942739927444194
49.66506291071041
49.73557471797385
49.83774185328158
49.641310632655546
49.67039317942687
49.96341622579008
49.93658857371033
49.749284094578826
49.58389670019535
49.589393757041314
50.013788130373285
49.719743595854275
49.45897301511452
49.68378926630579
49.57280376111252
49.54668707979448
49.58417719864602
49.82214367203377
49.64620712496736
49.468476912381334
49.378263285009766
49.57691056876465
49.662129704308285
49.55443918268017
49.62165413711363
49.540177273928386
49.66645794306169
49.30228218758633
49.525679407793795
49.18583774887598
49.376808815180965
49.766803568600956
49.37790803719245
49.254044398283995
49.2374027541091
49.40531192210294
49.595672296383256
49.40588903349874
49.274818770880756
49.133380242932404
49.292293832397064
49.513165535964504
49.426794372639584
49.419208065425615
49.041277947191034
48.82680021513053
49.33521461671979
49.20857574115607
49.015653700403405
49.30386963211845
49.205079055129055
49.348517444811606
49.360527429943296
49.1227156999756
49.13426585620829
48.97413364387475
49.33372536344911
49.151801114612745
49.01707240052252
49.23660416617048
49.34616949480955
48.77702643549148
49.06615723943223
49.25567540055958
49.03227698229234
48.75278585499629
48.80755227007183
49.0929800560161
49.11407138432663
48.95875265679178
49.076424598509625
49.206494976100636
48.818186014368244
49.28015781391611
48.96976468098143
48.96763838523495
48.82706004015149
48.88304409639259
48.95134257576931
49.075508697498194
48.78781099898322
49.078938490888284
49.15534460711178
48.870395383176565
48.654288551238935
48.98898554538658
49.16259922534227
49.054146178244444
48.99034715877709
48.782179718804244
49.03312187555641
48.729856479204166
48.63452481133246
48.403706729211
48.78365916630277
48.94088565571266
48.73443672888053
48.92362402780116
48.78177389913913
48.74628679823553
48.771626747552304
48.527443538153555
48.8136241378595
48.846716344295785
48.62442878208642
48.65783183370894
48.521529055083704
48.516623746215814
48.524948631893274
48.51617439976914
48.470425367216514
48.66962603434465
48.778404729597746
48.825509050115045
48.79289127894086
48.631042154490565
48.691273558674496
48.6587373508156
48.39907112494665
48.47297899402758
48.58484743065722
48.58860058509247
48.57325551676801
48.56578433086527
48.54389352032876
48.614223726346104
48.57351857736257
48.595316897506386
48.432199060818064
48.38838331166575
48.451993950602564
48.172245095543055
48.36897920400615
48.44270409310514
48.39730722726172
48.699851022174165
48.39770196160682
48.55848987429792
48.55127519875584
48.272981698459624
48.18557198816687
48.173361161565694
48.23317320076687
48.41986183456122
48.28240023438427
48.38541034337523
48.48206317053989
48.261395271380536
48.30061142688039
48.33988343007014
48.57705227234371
48.635428915651524
48.44749519493997
48.418341367219114
48.302247755421014
48.126409476293574
48.14625802196573
48.15094430998116
48.13553408984286
507.2489735644406
255.82638373449078
195.02463395346922
164.93178240718112
145.34965915879684
132.34594778617986
122.89279467376664
116.2113389094674
111.47981504310432
106.16152677197847
102.49143117816463
99.7402332097812
97.88297652947263
95.56048771354406
93.46234996870993
91.49810193654638
90.02288538758783
88.43008936419177
86.90627198507052
85.41185308127446
84.79917578470717
83.45100418222881
82.61042629250419
81.25005735348225
80.46167584575119
79.40040630502557
78.28260911732455
77.61829260090715
77.58819131194262
76.66977756856765
75.8639198045477
75.72323566292732
74.50718946959731
74.06028960982849
73.27127360874186
73.13972180057075
72.51148729969259
71.60258323386036
70.85600317320153
70.6637746858723
70.14779832225831
69.85770934542379
69.89364352364186
69.0774808336032
69.04913927321097
68.35353227626635
68.36124120976758
67.4825020665392
68.02632523794064
67.50349043334047
67.0273013709759
66.46316450221224
65.80298598952831
66.06896150151553
66.11867624702086
65.39217827130126
65.62555365695425
64.97626593417564
64.93583050453476
64.39950039438412
64.26671638557485
64.50914642884491
63.85935457864108
63.59984997665576
63.32081512869644
63.72204494639053
63.46194265839655
63.11014403730714
63.37239131858136
62.74701688271166
62.88322088313431
62.56686060471464
62.16097035443474
62.24657330470955
61.89966844912212
61.737738876967846
61.39511475262158
61.48674684428805
61.02823348486679
61.36753923778287
61.31712872437455
60.79806388605552
60.83312086315785
60.5664217770098
60.20357053248935
60.262014144716595
60.14070727724933
59.982713649607476
59.751938035047274
59.43021300403173
59.74600849528168
59.7081481959023
59.47974870176974
59.347370856407494
59.15688553709619
58.90557700024352
59.02238744109837
58.93063440089993
58.74720205341758
58.786435218193986
58.31567889011338
58.79001759202008
58.651657510678255
58.17979878515438
58.166725322676434
58.053828351348166
58.23809484666111
58.09480013270642
57.973992581057914
57.885173040035106
58.04593098723934
57.47561611554627
57.42066340712691
57.41482109823144
57.208057854482455
57.38460187689895
57.32924478640653
56.88397882360145
57.39607956850925
57.1656264031497
57.37613816831512
56.861291485217265
56.63776094134463
56.65405634102661
56.59982949672889
56.64214332620829
56.44497676449669
56.40107625363318
56.342602124288334
56.28594166566403
55.939388766625285
56.23303693852342
56.14936809377998
56.10352928151145
56.06171989958649
55.91794689419221
55.73153357310353
56.11267523191662
55.61428070888398
55.80619206548728
55.61362777032606
56.00501663968527
55.432952525247806
55.397589310846406
55.471523199137806
55.466350905237874
55.67070324308684
55.086828570983066
55.58404472660449
55.186143464762516
55.21636336911914
55.419977875118924
55.19619459725568
54.951152714972025
54.96578694350262
54.73122224119149
55.29812673856967
55.00259525072053
54.59923047254273
54.50924543376677
54.73858924645749
54.75724327602182
54.8840609413189
54.45914139614223
54.23856514466155
54.15551712065395
54.217499226616674
54.45126069418135
54.150078899386294
54.306738411151244
54.005480116679706
54.11062038508101
54.10931930840369
53.96336658471503
54.10573842751057
54.24934784538689
53.90177238405208
53.95452774125994
54.03825537310058
53.99461401253193
53.685408161756484
53.808650904015344
53.70530320695621
53.649091920545814
53.5005685009898
53.68738543687035
53.584324117221726
53.65812833806927
53.35676458327034
53.44609587569941
53.318830700005755
53.14680000314024
53.34585411614912
53.266680140992236
53.04707322963242
52.86827070557187
53.21350670173171
52.98542649161766
53.13535934031707
53.402906294446915
53.38449313302657
52.73070224023227
52.86382581984444
52.88742742173337
52.75090158721163
52.60163972556785
52.64722704926524
52.95910112220571
52.45305426519219
52.708063432719214
52.17619651939404
52.459426855908056
52.79752859317008
52.402393624823084
52.24404795497116
52.45281204562129
52.44498107018209
52.10688982044
52.246726336084954
52.44392044003865
52.522490828001395
52.19636212742876
52.13291699070508
51.87411007970363
52.1006818877983
52.346274401702296
52.161961792691415
51.9236231112738
51.737071343667324
52.050214797994315
51.71947184555724
51.842758585440905
51.895052873597564
51.93641986716032
51.967630003424965
51.94161251556551
52.046257941113936
51.736815169199005
52.004447340391465
51.61957533402425
51.75178803982971
51.96552345794202
52.087071248897345
51.69885631633457
51.55605461104433
51.60042211281405
51.494741686446496
51.45305741572786
51.53794801743816
51.34503348954951
51.43978866342534
51.42034361674559
51.30659208213413
51.66430931330406
51.31332739672033
51.61485055224471
51.602202969556245
51.52866446470419
51.32635780726534
51.32727091171374
51.169700883055
51.19707531424755
51.26786887939154
51.01660847244085
51.16296950190945
51.189534076277255
51.27367853578234
51.11717179843705
51.200232119127875
51.065650602374454
51.2764578124289
51.106537474111526
51.19628070226729
51.30935209093423
51.07706171256889
50.774527713321106
50.955852469112
51.02320551982403
50.85889943098976
50.6956096877475
50.91194026047454
51.08223605109338
50.9720541463387
50.81176708193586
51.04402231186285
50.8436426319048
50.901687858299674
51.193837247533615
50.70436258126488
50.996426539783236
50.52138053546523
50.78112225912949
50.84907265654189
50.57494558078812
51.022531113826574
50.78901897874662
50.54905229651947
50.63725531882696
50.736860370891314
50.421364402571164
50.33216518478487
50.52864840990212
50.467609665955976
50.2731153357334
50.439900385367004
50.52556621598647
50.623689431773066
50.62838041508089
50.48080034542413
50.3518322013076
50.358050470081416
50.400175496828105
50.13688745243523
50.44423898264618
50.49464196505189
50.258288948373874
50.35626415389833
50.138967795313036
50.20724811994066
50.1655795932998
50.43794601630834
50.100851734409744
50.136307464598346
50.38877033067676
50.431499142663085
49.999037759964196
50.09690523329007
50.24102435687436
50.28035811348818
50.0059728729486
50.0731504560725
49.818006414207986
49.845552304693356
50.117234495820995
50.3164113274062
50.12705955305767
49.90534570164238
49.88433270891249
50.03539063150741
49.824507753299955
49.664639622258356
49.852182277376855
50.06871357059196
49.7221630508488
49.762814227296715
49.75073492368088
49.9624742581892
49.966895331031154
49.519174227568776
49.658358934220445
49.66697502275239
49.62733876542391
49.68752245567966
49.90938874072674
49.712919639566756
49.732995116650976
49.856335438528994
49.64171773890315
49.56997580702033
49.767131736159484
49.598418754701235
49.43283303973622
49.590953110764744
49.9787648997888
49.66073704895334
49.86193881282701
49.43896482657185
49.36623239522454
49.53094537591741
49.51035086734886
49.458949457949686
49.47550428764218
49.528207018905576
49.45243662803646
49.41334303818647
49.58901630702535
49.37211129525389
49.43984590233546
49.40884580807755
49.431216802009516
49.51515265359777
49.35951473691963
49.300620504452326
49.063857996458154
49.460612058644635
49.43484103622827
49.689276843947205
49.41276278852072
49.28725896288875
49.21014945964195
49.29551224083971
49.20987689390844
49.179745880484404
49.10915271463528
49.23776566099662
49.191613736416556
49.149327074143365
48.92629556478421
49.40313137763651
49.178459111032055
49.20210665614512
49.39588782893439
49.13261473817014
49.17478937895292
49.244612871303104
49.05820759604616
49.159917204539845
49.0685845359184
48.892003731258455
48.710867252057355
48.871539808926855
49.03793296156512
48.86207241714499
49.41898875753079
49.13492996588969
49.01485620831911
48.675448983895656
48.76354342188534
48.99506379527223
48.99888527953586
49.25434535484893
48.790146220872835
48.93541076251331
49.06849675000258
49.000136388843934
48.981092410891044
48.77023544598502
49.17633525552656
48.93013659517485
48.93887708419551
48.95106825991445
48.93564594299237
49.07194031618267
48.78189757285981
48.68856208253502
48.75963153097214
48.96854180905932
48.71742483136913
48.81496912007061
48.89422207773766
48.69284014220549
48.62384715709139
48.583456701298196
48.76153978212969
48.74781615179855
48.8873565050478
48.29659630040995
48.59871566974519
48.70721250566797
48.80323990152567
48.59589118458238
48.588761339530585
48.365379614216444
48.45729051252064
48.426173960652704
48.65813012626988
48.833166861994165
48.58686008787322
48.33629108894912
48.61915445297804
48.46535635033509
48.857049670669234
48.47625612173879
48.89424722725286
48.46512616772631
48.68641273803064
48.63748501168789
48.38689716162576
48.626098713777566
48.47866913483015
48.588919026876646
48.4846408954392
48.51991992418688
48.484481596941606
48.52009233052026
48.57540198334785
48.29877138120667
48.286906029438946
48.334100094423604
48.30391335613967
48.31481067089399
48.52409356019393
48.22563880311403
48.37554832042009
48.27222780210243
48.718016983210845
48.17492494499072
48.36570311668717
48.45412969593517
48.38757243911224
48.43097277686802
48.2825213740901
48.2222503062177
48.32454628150208
48.30624951766065
48.195613720253064
47.848198624640354
48.51657291027025
48.251672477316866
48.16295824824809
511.5351619187919
257.72901780258263
194.8302351421251
164.84758816283156
145.0511908577945
133.7410828922208
123.66911751426017
116.36468794688018
111.20164833460416
106.98821678266944
102.92879032577365
100.51219385840909
97.64064172336762
95.65042605204968
93.39829293843835
91.8941041379441
90.188680646116
88.68256637999721
87.33443091113634
85.9469908438454
84.51467845137975
84.06245410706335
82.42713899070854
81.6912183757627
80.19620201651165
79.67482013132943
78.54914173609751
77.85374644564476
77.31017638545363
76.94157864282089
75.67387410435472
75.65414767066378
74.48729229865364
73.80370045761809
73.36822968593518
72.76362006392283
72.40308348304546
72.20373286205896
71.85591896306875
71.46763025849543
70.48056004196522
70.50482509989983
70.16514885139857
69.61460242046792
69.14661013301581
69.0875160519602
68.5543895061367
68.09073368446911
67.81259327753091
67.50943189844581
67.3400121038999
66.95856605396342
66.56638782888442
66.31426507107321
65.88227043326945
65.73174379609583
65.84210622847428
65.23846175034332
64.61621190684448
65.08671781740915
64.62974972214917
64.43065169376968
63.80097581760028
64.2304010437375
64.02261662113983
63.449443447250296
63.44850739201772
62.82141331727609
62.643038826148214
62.747679608375954
62.43525932882161
62.22339884454095
62.407554292600615
61.7075651541583
62.07442050803165
61.62244168170067
61.54798056041426
61.227155738330964
61.34016647089238
61.385423909614
61.006267200247294
60.74918621096655
60.566235201009626
60.4702860226326
60.5671574805701
60.24114298553008
60.07015413548712
59.80355451640663
59.771996606016295
59.77980907327676
59.61485739955804
59.439220482659564
59.211298936898636
59.4499564694503
59.30624318542553
59.345406956967274
58.977751327069385
58.586875655902205
58.814701519206736
58.69613207631626
58.50351596088936
58.302418107615736
58.810977830645754
58.353528984322644
58.20890687399764
58.35261317674616
57.77224814201317
57.97816360731175
57.51869753969902
57.62639632787911
57.58280878999947
57.26706222426463
57.22707536336075
57.15357123055402
57.15391781296979
57.54345598920998
57.169770091588774
57.171055353967795
56.99163829315808
56.79316175899478
56.962720257322324
56.99826362248247
56.67892231614432
56.69086075275087
56.5278444449214
56.59418084045207
56.66576871235581
56.437423219178996
56.615613624894756
56.28744522767471
56.55153152000153
56.40409050978295
56.30934205624605
55.93802405145086
55.99855324161677
55.99981179690307
55.67842250227828
55.82413326078818
55.904092268247354
55.6057209034921
55.688545958164404
55.90012074424132
55.29466905671928
55.05605220776808
55.15218496947145
55.18557992098599
55.186527441257155
55.017081020149206
54.78971195796313
54.92460674922031
54.905988104804244
54.56337375574475
54.72335690142301
54.77428671621334
54.68666184067001
54.65919787875059
54.62720882368864
54.40002359381164
54.331084422359396
54.44762881001763
54.36030492944025
54.754717077145976
54.20026942442969
54.23290376761269
54.35516798183434
54.14645640016812
54.12266549195447
53.727425671066385
53.902318628251024
53.98973701723082
53.93559446602548
54.067936279453626
53.72288666225471
53.71089745323105
53.68322547403698
53.5713776052522
53.77819390862521
53.80516697019014
53.76145887329764
53.61568343025323
53.733599520841445
53.55609882091463
53.59194832359882
53.483811074495144
53.4556488471124
53.297749106898166
53.30655007425341
53.1230457378726
53.064588510458016
53.169067278803674
53.435089256588626
53.31591335985871
53.43802282050576
53.10345604172245
53.26020564259421
53.12214594041671
52.953350746053445
52.8114421957221
53.05706187454872
53.071826667883315
52.74569916975614
52.66289201112821
53.18990090309555
52.7042811647212
52.738396923373536
52.732964275530364
52.7509127384209
52.685902391284735
52.60612507072671
52.76603091369754
52.51838575498097
52.409109588709526
52.45376617053511
52.41131516149942
52.739841522368444
52.034482282650636
52.41594946207006
52.27904311716627
52.4550245954161
52.49409167925584
52.1549566940798
51.98975620708847
52.159332114966745
52.17538861807977
52.00251368070314
52.07805685554432
52.24470167863594
52.22030431027526
52.2087615848216
52.1516715705794
52.03993083183667
51.68512123326484
51.79449857927535
52.03404006471275
51.823999562429016
51.64323963692372
51.675712163848736
51.85617586047241
52.03451202158053
51.90088312199349
51.89978767254977
51.37547066839734
52.016491011119705
51.51124037300066
51.760272236370156
51.188815511906235
51.252085763248175
51.3808016289412
51.775821363853275
51.180071886024976
51.2937996319416
51.45287801767724
51.24688287761099
51.40750739106418
51.46720483143374
51.43575584886751
51.36101357524497
51.61915286046692
51.05584486636434
51.20948069735271
50.92600565485855
51.15846569641091
51.27114486165387
51.00570504985936
51.0045294884776
50.804296263805135
51.10164268543084
51.09686886417522
51.0938815721385
50.991532438053376
51.08498810243337
51.04317783075655
50.99912131254157
51.111386929213104
51.0017674900594
50.70129801740146
50.91009785499927
50.72863650718711
50.863045267774396
50.55287246198079
50.98135627780636
50.77772552439803
50.9360267239062
50.597690413515075
50.88033540350434
51.168691213041626
50.419608337934854
50.5913527911352
50.757954337495015
50.50229600574203
50.803076993886066
50.42011001446802
50.64007097197381
50.46374677804827
50.57712857559748
50.80728032382565
50.40017744447809
50.60936054060734
50.69850557712001
51.0106720468118
50.41465127865462
50.29040978783028
50.602046164803944
50.44212109985558
50.49723512735293
50.12997658189282
50.25975791733858
50.43092297816569
50.32576716384855
50.475469372631615
50.31476696411453
50.27749601298727
50.29056445444956
49.91053412995456
50.28150621708196
50.21745184601837
50.106046509562105
50.02830118624974
49.859980921185745
50.137762919728885
50.00393030662163
50.09224065029556
49.84471874650419
50.174980236006625
49.879672299397384
50.14214553234834
50.311785181616536
49.81753971334443
50.10909258903905
49.79143449783241
50.15276473452123
49.902153006199235
50.11568591226032
49.942395863704135
49.77638913323786
49.98196168869167
50.13947930913691
50.02645340029897
49.840563105775615
49.814536333947295
49.73338327366238
49.91515546086686
49.606019834738795
50.20038404509396
49.80441552169707
49.75576160138261
50.00303306222146
49.79275925921644
49.85507114627643
49.96827345425399
49.83167456211846
49.489813938255445
49.34157874040174
49.72014758362096
49.69793898390816
49.534617392937975
49.35538551187409
49.58787972229629
49.546737833871006
49.667651588566
49.805200498811374
49.64322228472595
49.67452627402076
49.763792618756604
49.56357941714412
49.56330245852328
49.404483237734425
49.508449907831874
49.56207540528711
49.38276493900504
49.350175604838206
49.58444762421707
49.47399101287349
49.43917035121638
49.41745611295292
49.38650389175383
49.67413194103799
49.327867592483784
49.34161603231199
49.281736610547206
49.38590569626791
49.61860123547491
49.266576423933834
49.38003179435383
49.272163477417415
49.36975605567687
49.36741216947976
49.58295138321801
49.02474966524537
49.15061705994754
49.54049278980904
49.27283423393522
48.88005153806745
49.17501103466289
49.04849000632459
48.89930468296774
48.97086667118466
49.187600609622805
49.34870168658505
49.11780813374
49.44250991144144
49.18227907000135
49.326414374905205
48.99062477173585
49.09698937152894
49.17449806114833
48.811206749733806
49.16598204395226
49.16281910187587
49.17850482780633
48.764771469289485
49.33634193339129
49.212418582991525
48.63813865808084
48.83899804770023
49.13442533061194
48.91819497433214
48.85008824963803
48.891463001819176
48.70023918611058
48.75669653674374
48.96078036351497
48.69074473785819
48.74273319882362
48.59658333718552
48.985386695626374
49.01090536330052
48.83387487626387
48.63229549526689
48.86338506508475
48.6544582336813
48.6928930610275
48.5216715862009
48.986953982189824
48.81131445624026
48.83213013721905
48.375099284345964
48.90329322472442
48.68634460748633
48.51315298561845
48.647544900866
48.58461098647297
48.60722141978384
48.44017980663893
48.54721579002071
48.43050262068416
48.49783568462486
48.41952515442184
48.58514408809312
48.42239961840125
48.509760209340726
48.57804144200982
48.60161595469007
48.72967598515303
48.589135511789266
48.43736943550093
48.413439086001716
48.50306974905366
48.48279742535216
48.436121526337466
48.42399965993562
48.688191002748745
48.33987077779224
48.58540353134073
48.520690697492824
48.242826531718485
48.52447511508591
48.95389952829653
48.44215405035742
48.386418546807256
48.08476153151565
48.20751541703808
48.47766649695353
48.390276235203864
48.35608689167437
48.50328197863411
48.31060159437635
48.597479047990724
48.340392345992214
48.327680639698244
48.23419656002814
48.33056854945188
48.38602777757962
48.46294519385231
47.887095639456895
48.12640487968563
47.914318767165256
48.118537140014986
48.3841501087565
48.38585508784404
48.36638907752791
48.31521782841172
48.24379097957345
48.08019513886861
48.03475641263292
47.97445862582539
48.28155058107856
48.22854546945239
47.95548890931864
48.150827734226
