594.6452308943522
312.4829918425367
228.24243598865536
190.25302312464464
166.3885565480044
149.4984230793932
136.97941272795694
127.01134399323654
117.98994253427075
111.86587678269039
106.56175782721996
102.33010480048772
98.12152779639617
94.84628962135476
91.53211696511082
88.80242126512611
86.92763046986143
84.70853764735682
82.52271288289988
80.67336240962631
79.0170974595767
77.54074203257393
76.01483115340379
74.96127199543069
73.61910393009686
72.09972023608289
71.31628782017553
70.29970353075628
69.29162716533604
68.43427958641449
67.61242676347759
66.57598992413303
65.80292270594019
65.11240975787884
64.26899741260686
63.82102895750506
63.35201993104869
62.54944468134602
61.93670527700765
61.36179204103385
60.86101656511633
60.171129486014976
59.49482451297251
59.23698113338873
58.821621215047095
58.065069817383126
57.76508238454106
57.39065671055523
57.086862845593615
56.54833699625449
56.179918101333925
55.691432186758334
55.21768730227121
55.30303003527189
54.76659308502909
54.51108125317433
54.05149954004094
53.91351068705154
53.45525419957577
53.26250329185793
53.13917777399732
52.690614765333436
52.39714003804615
52.10605325230678
51.626285739989456
51.553651445337934
51.17503188517472
51.40193450067925
50.7466043671048
50.60033691737385
50.36187835297163
49.79084398405721
49.684738915669584
49.74140675872982
49.30095386496973
49.34190625197566
48.83507957123488
48.19198699328747
48.49163272647109
48.24495831330777
48.258279446648025
48.22381967867809
47.7235115603454
47.63454149539528
47.61443952872207
47.2238446585734
47.31717635142549
46.914160458731736
46.7866560025421
46.49717913718241
46.462610235501806
46.322181796889964
45.83014173801939
46.009333375944735
45.66684338675448
45.691076063556615
45.76114809947233
45.6471007233932
45.45206719015898
45.59051863299567
44.98341480998802
45.058392071002345
44.88682460857778
44.59586155953714
44.6136250176587
44.35986684581676
44.29606103759054
44.491611808149166
44.32092083896843
44.09064306972369
43.851995325962775
43.95742166553296
43.803241666277955
43.763624144457864
43.39561552874742
43.567781821501924
43.10098368582688
43.048867565670285
43.23239261881329
43.06530266741359
42.95163591076984
42.72372818852673
42.699614456224005
42.70318456005203
42.5185782374548
42.69046733464943
42.332230090530835
42.463867784319206
42.39595050340323
42.246065673846026
41.87771192233351
42.192928571798
41.98336110146776
41.79293494325591
41.834380586946594
41.89584832563352
41.92648744112245
41.75143472242987
41.55186574985069
41.509049209369266
41.22077061324142
41.36973066878804
41.31340489162889
41.16278429093084
41.36962236095143
41.148821074828
41.077909425871866
41.07509728574378
40.74878291225627
41.013692288544256
40.89697912204641
40.767388422799314
40.57856688794103
40.581105999703524
40.558211747237934
40.57610021641941
40.322337591652776
40.32631504903974
40.37613880400341
40.17874176653334
40.27149522818721
40.41687702611051
39.97891731594759
39.961374582672164
40.11175933704045
39.90054768723063
40.23162972984969
39.73478587813126
39.957353065032756
39.70241833747341
39.60202173250319
39.55034005491244
39.716739506476976
39.58208669065397
39.50009387198799
39.44710896145615
39.30635701707721
39.45719931681906
39.36954972394594
39.2058285815083
39.063431334472746
38.9526119065874
39.001712822026995
39.05873553490038
38.914416840205085
39.164069650143794
38.91581897077374
38.84441641820198
39.11615072744538
38.89623272122116
38.918462008051584
38.779047489282
38.657426661137166
38.623219675656316
38.66669110795094
38.45274174337756
38.49403585644609
38.516298206540384
38.33887297227053
38.47873148642659
38.34840922413123
38.4085777331959
38.402262353913855
38.338644306404035
38.13981384656797
38.42114765211286
38.35258926580207
38.042107862791084
38.00792975212526
38.13230560972482
38.062614970311074
37.859536147342446
38.061796396875444
37.81451640073458
38.05762757010756
37.82586153152542
37.70674308046779
37.87887075219636
37.89917761297265
37.68129274578834
37.932935758584904
37.64607705123472
37.74981586842583
37.743607846642824
37.72705603419076
37.70697584266598
37.499296933380585
37.40880351125919
37.52965331450476
37.429717569822536
37.50240314702169
37.29685984135158
37.417629409084434
37.17143138153515
37.3557512621401
37.39525664844925
37.36968488838518
37.17414657542148
37.26640609732253
37.25200967651109
37.27237139033964
37.26078868308261
37.00472738022289
37.06027877970111
37.09727254385683
37.156286556133495
37.07716092000757
37.06227056056474
36.9970336831749
36.91221485040078
37.04044335853766
36.70704249399776
36.92887066921011
36.82182956090389
36.763533402462144
36.82404589631155
36.67296276019339
36.88624981255689
36.72902389887667
36.63408739358111
36.78065774247437
36.69167564287495
36.6031485222911
36.69550687318388
36.71140261703806
36.735856504497555
36.436840196735176
36.551607719499316
36.63404811737726
36.47618412730894
36.40416308184729
36.09970438400328
36.4981062401944
36.29332083245715
36.728504378002704
36.246999583685096
36.35316346921192
36.320396634375165
36.43481482560921
36.429267661730805
36.31238077410198
36.18798717535733
36.09502345960792
36.17551171332848
36.23066709962171
35.9548431727647
36.041004554744184
36.11562451054888
35.96424368094834
35.989366335087844
35.965416451321175
36.12505831457095
35.84283116085045
35.99466060779298
35.99840061031325
35.9410438848939
35.896908752719696
36.045204838280476
35.72700263281956
35.890191254483106
35.989759160533595
35.74432788165886
35.852934920192006
35.823110329788605
35.825477924698774
35.66230151669071
35.6889799162444
35.85089320821706
35.76330142777413
35.48263684166334
35.722653799451386
35.60137493025237
35.52983125738588
35.591467170052596
35.6681109826756
35.695366179003294
35.66276025289813
35.360038364094734
35.60367860172304
35.69577211822614
35.36151514850325
35.50167568181959
35.36126948990918
35.38098988950959
35.453584725711984
35.354001599689596
35.70792088380395
35.45893276574915
35.33866344286992
35.32084180998526
35.42753751115325
35.44313298128292
35.20086502271077
35.04232960770377
35.332519613904374
35.398055073603004
35.34711599434322
35.27352969115797
35.328252610508386
34.87256577680329
35.20977433984477
35.018186024706104
35.12606961174038
35.15678316276698
35.14644902649812
35.005058702515285
35.10461992784331
35.236395645327505
34.95347535932406
35.06602333098937
34.95027888948865
35.27363680799809
35.119233955799565
34.9158844442836
35.065312792375096
34.912277579714136
34.80035442163938
34.79957690580618
35.07374506571729
35.04801659862772
34.81640791809899
34.77246310734798
34.868543324539374
34.92869902887374
34.93753810858299
34.881445370477664
34.96835366995789
34.86064909820702
34.645531804248336
34.993258581922206
34.58800137544834
34.745801134112135
35.03979133633158
34.7799063409295
34.60021638773908
34.608369912873606
34.7716899335585
34.76117623016078
34.91491370253988
34.70579136159522
34.47407140148525
34.707920789539735
34.80699698959789
34.727461386641835
34.694820902208974
34.39764210734274
34.34923574060748
34.767723414527936
34.5672547915263
34.47753496340967
34.630924898901675
34.54564867841301
34.52666058022967
34.65659799132759
34.461098198377
34.51752946673701
34.38888969336846
34.644538111104865
34.399457095187095
34.384234531794284
34.5310134118895
34.70740946202032
34.28821452107209
34.42308886163893
34.53808778910507
34.37578356198755
34.20462243616845
34.191364014339676
34.357455473375246
34.43919195877525
34.27641422215453
34.32866433434694
34.58618114069641
34.06222251177808
34.361691265024696
34.16444722190932
34.2127818896331
34.09908277040115
34.20220254680424
34.20422196210772
34.191167836231884
34.14877877828758
34.14102180965475
34.37574697296881
34.17248704815761
33.89970203023443
34.11294418889511
34.23584311888549
34.14605670378283
34.13376023713687
34.12850256972518
34.20480642582166
33.98185939434308
33.91482730394105
33.809256858144884
33.96879085797442
34.137341904210864
34.06471107321969
34.15411891770901
34.08511620303589
33.99826541858991
34.1561526258952
33.896030202722834
33.965946749140535
34.091519380691956
33.883287135787725
34.01317482494628
33.79549540903429
33.63936282112535
33.78164048412235
33.79674378722806
33.79235893578085
33.78809572390046
33.893602979291316
33.928512316826456
33.95227812020137
33.85374673552485
33.87487840215726
33.9456569027581
33.64942317257719
33.66601716518252
33.86219054311148
33.81731076406873
33.70722542799071
33.76404976328424
33.72657828366017
33.68756546427791
33.821021434169964
33.69197017164551
33.743956655765494
33.779823319746946
33.62333389994912
33.39824708932665
33.59859789725945
33.72804688021996
33.6062154956929
33.87738411461073
33.75167337355615
33.70736635905416
33.68270551295644
33.63986772018612
33.50581860290291
33.477600023535246
33.49495997389454
33.58153519829853
33.47809748106309
33.665891767639025
33.65568354900768
33.48115828472134
33.60399387517799
33.57863362991665
33.66005759975506
33.82113992049144
33.529851434353354
33.611046380647096
33.477167838645045
33.3247772668809
33.44773797971472
33.382484613165225
33.37334020451901
575.4809775025118
287.6057851359115
213.5257543912999
178.8705982795598
156.8012443718896
142.37556702585135
130.6459436053116
121.68412152340247
115.36358011310027
108.43073621643312
103.31624014863283
99.41266181731079
96.4655330141718
93.10707109427909
90.54386798183843
87.5209905345582
85.64783069280257
83.47419987322908
81.52008306582248
79.83528709900612
78.78864339838744
76.98885464658947
75.7978215459315
74.22914807950731
73.08350996375988
71.80835712984037
70.57859950126758
69.7130466744501
69.4119533820287
68.4082565129343
67.35505942234384
67.1234718632612
65.82176043791338
65.0944932922119
64.38916847611438
64.0703366839197
63.31653592712498
62.38115575222373
61.54827086104347
61.40451034764979
60.58449398654692
60.189124855732686
60.024996769898
59.05699591544987
59.033053125087974
58.37002801430396
58.07888843091207
57.17382389671735
57.48008650617423
57.08227049909673
56.443212697655746
55.96479309657978
55.290794616488256
55.24409315608131
55.36902952729728
54.590209864098895
54.63706814877977
54.068594647275006
53.8273680704871
53.279751054182704
53.0451633814144
53.16524747654447
52.414353850059335
52.141237139326314
51.77222275218978
52.03213936514248
51.653191351425555
51.36698874581689
51.231283046291075
50.80466955114966
50.83478404467714
50.41193630015038
50.07822063943715
50.08449693070451
49.51041299134049
49.49285362744192
49.15872773332197
49.07831368795777
48.652611217244925
48.995665114952594
48.71005269995859
48.280013518009014
48.21103113514932
47.91133489162489
47.63909591299764
47.613544482251484
47.6097295086066
47.17697272912184
46.96501676592231
46.810543300739575
46.84435553917177
46.88077787551164
46.640612291457145
46.369016378266004
46.18121547888825
45.88040505417571
45.996463718241294
45.879166167849704
45.51909207417115
45.716483163729535
45.21397672577809
45.61500652916439
45.318406420064136
44.95126787707922
44.93064245744846
44.70846471199261
44.84409549760812
44.65485534990684
44.38573474241288
44.53087149651034
44.40752306355905
44.01240061384025
44.02391184362607
43.90536171010311
43.68963222373132
43.72600538682988
43.631203947944364
43.334960462533246
43.75685765701256
43.460008772149564
43.726386557202396
43.16605703167626
43.0090405197671
42.872419528880414
42.75525244873791
43.0274969750128
42.664570234087705
42.58292135833153
42.44726289483351
42.57461774461052
42.22235908248705
42.38815101145133
42.30333462309822
42.302688980273146
42.0923992306271
41.969999223891996
41.86627185468701
42.16486847922748
41.769381193721884
41.93257552770502
41.586234591294534
41.97958049093252
41.432033597716
41.43360741883901
41.333217261676445
41.30360183571236
41.5963421088579
41.01967607826578
41.35431324161782
41.02695817856474
41.102796914553224
41.26395692135984
40.91883375357126
40.891676543062076
40.828276071015615
40.743672976340875
40.97370890927175
40.82745583910835
40.469411896905086
40.34143508766343
40.564485399598034
40.56949209637484
40.635795553300895
40.35627673643281
40.17696386566823
40.070507842387656
40.20401075570713
40.191638903501186
40.118723982870655
40.03448018884981
39.7658962086261
39.892347430594185
39.890366816864315
39.89557870405588
39.811848215736006
39.9927034111898
39.68926165655861
39.678453091871035
39.915673298766166
39.6748558817786
39.494245832754785
39.60778113009706
39.505343458289744
39.32025093281803
39.261613718297525
39.4047017439046
39.378794761851196
39.37797145065814
39.18680083636325
39.20429588553545
39.138466620390794
38.968276091659796
39.18036690792796
39.04107857081279
38.83326945384327
38.69747143065408
38.8637973794347
38.74780582091474
38.76204527551781
38.93589734230451
38.954468398015614
38.47945882134349
38.54603026240598
38.56805727168528
38.5777489809165
38.39570045299308
38.423336452186895
38.7754318299731
38.341059095993685
38.376148680911
37.98182810432927
38.010646926536296
38.41482911734983
38.18359260162841
38.05984551190821
38.106806398125215
38.11022290748374
37.74852025319293
38.03148920350021
38.10220814906242
38.1750080027446
37.847205063110565
37.88612708302351
37.68565493433801
37.824031413788965
37.920515790575834
37.9267141505582
37.72795438752275
37.57785451727867
37.77996007728147
37.57841960138094
37.70432141273892
37.57917587569201
37.5261942748546
37.56391658809223
37.58519599810757
37.7311209802656
37.44595878413234
37.47023647033809
37.3115235382682
37.437458392086654
37.5069738807581
37.66223095460356
37.445432500605115
37.193939192980565
37.20932819649335
37.182542055072396
37.14457107599613
37.09448500677202
37.02222695812813
37.06237734921775
37.05168063076241
36.96748571369638
37.35534594568031
37.0061818734125
37.196873732673104
37.25141109997385
37.04032962123732
36.91982233996363
36.82316253530045
36.77823432957078
36.85377286142334
36.798820164193614
36.60684437129655
36.81289965836506
36.84733985162709
36.91052598206295
36.75120161873604
36.8500747770415
36.658401021485815
36.9037477648273
36.82427799591881
36.846256837000624
36.78575763411566
36.75760483538384
36.41622188842042
36.45921426226482
36.57433848736756
36.510036993409614
36.38817434909028
36.607458705340854
36.65761276952298
36.52627163388117
36.36709732173744
36.54764172910672
36.38093129327917
36.522440671489704
36.53714523701394
36.2852991338715
36.3898224823749
36.23649234517258
36.300421137962644
36.38000905455737
36.10064882068967
36.37936576304836
36.321106665919174
36.12304731691427
36.19220248296376
36.37274888441507
35.981338329420716
35.97479229995153
36.17067424070933
35.937914713292514
35.847385347049624
35.99123726660528
36.086580730994136
36.06049202541673
35.99938875170221
35.86458124380744
35.86770570712206
35.86863811647663
35.91735222088382
35.7446878480336
35.910449727911825
35.885838021451406
35.773880011057734
35.92192378323443
35.715539350314145
35.7919845219713
35.739015556234385
35.903977088907
35.618195798230325
35.79008114973307
35.92051278404243
35.932855282760194
35.57311441823303
35.68636440628609
35.782701217602785
35.77607244947204
35.56275880689706
35.671368603540174
35.3801003209714
35.5115839526251
35.70924083404608
35.79018590263259
35.613555850764094
35.427957657365894
35.336598720637056
35.46349752464883
35.28465731750578
35.28577651238952
35.40376039624503
35.48120767644644
35.28333875387662
35.29567948033898
35.225951291540206
35.484296290852896
35.508184377533944
35.12286477773102
35.35962744949118
35.14413467605492
35.2092685459951
35.2299506056806
35.46708051794805
35.122430543386
35.249629517298864
35.33047370714115
35.09866107619249
35.088914649854196
35.12423546565813
35.037423482078474
34.96551150593102
35.03193413443734
35.33734662493341
35.06779632285876
35.37627092733924
34.974475125613274
34.880089276898595
34.93608717029211
35.04487356624634
34.899519551627634
34.998888360434464
34.95540782811657
34.82260539674673
34.91727779650602
34.80571243016543
34.80648339771715
34.84947504907835
34.853092596436355
34.82175740389701
34.99502544904835
34.82661017496852
34.8648581176691
34.590398243749476
34.946746828964
34.986510861864275
35.168375724303836
34.72427115386147
34.78217385738243
34.70192314402799
34.74836200891402
34.6867708101326
34.578825444300534
34.53607957591863
34.676923239543974
34.612351659006656
34.62120531698009
34.5438284536633
34.84211620038909
34.66779275825043
34.701820825295265
34.63016621435189
34.626778806104596
34.58758888801446
34.778326878499705
34.459551120568165
34.73914798565803
34.56572392124392
34.26196056355356
34.27033427499372
34.44844228127091
34.45005738041981
34.35184616054266
34.719400506128245
34.58114099651083
34.44201404650706
34.14151673724499
34.221428763413265
34.34620185412701
34.325726774152635
34.592375914574504
34.169244516604785
34.29141926342124
34.36301870127691
34.45757656347136
34.22838242676326
34.05242322360302
34.41838029579777
34.292816524855844
34.325532812502665
34.19469976311259
34.333177652957936
34.36957618425098
34.18141648938799
34.200375624987885
34.17046624696478
34.257449743513284
34.1458839686622
34.272878022676856
34.224679983550864
34.08953423603732
33.99317206853592
34.04668632437772
34.23115846539446
34.058590237237865
34.31482614521045
33.87733167258825
33.93926884150497
33.96618940051914
33.991716510641695
34.00618996113558
33.941261902885586
33.77599166159425
33.965644862574145
33.9020901343952
34.1117088143392
34.148585666873885
33.906910597469626
33.84282832396265
33.95717643245828
33.84838390932242
34.12878002673437
33.77223590468887
34.17286683610788
33.85878233540344
33.93446274512201
33.90705336732647
33.68805705734467
33.943474163421136
33.794207454975684
33.96630741133605
33.76789339406643
33.85151877286283
33.80841360485415
33.87593431966428
33.88844985869833
33.69001610148994
33.68475207376843
33.797250799107054
33.68715854470862
33.70543835462745
33.76773652962089
33.618896795410784
33.71983717785415
33.81557412960347
34.021214137069066
33.64417003251399
33.804377808376394
33.835170535952635
33.709092069354135
33.71007507155374
33.644939200238696
33.69624777245719
33.66510794549899
33.68648880241105
33.63275178794954
33.3449209874743
33.601167935179134
33.5936848773903
33.46789357333698
523.0401546392571
285.91328526858723
216.92424351361322
183.20758739299862
160.74545089214627
146.33569661219974
134.30521166853342
124.17998278469966
116.92529849556293
111.12755834956536
105.26602488174854
101.69217694271927
97.41006944072721
94.22941993322758
91.22993093333594
89.0534991569445
86.46884957431901
84.26132950957317
82.36096033937069
80.63403393736836
78.7832263995716
77.87303999601323
76.0602802539226
74.88792580737432
73.13731825493947
72.32749538344322
70.79330442692049
69.90618128487652
69.34895561644846
68.74204649406806
67.33156365342026
66.9860350508276
65.73454264735552
64.899614739741
64.3283559121881
63.42871243580573
63.05415847493839
62.82677715530601
62.21172371821608
61.75640944564428
60.7254682048982
60.4512987097398
60.09394366373719
59.546394780050164
58.83710878456781
58.61228698908091
58.02641679939776
57.53246031914027
57.18641904301313
56.5907203434289
56.473688004103295
55.96898809488447
55.528069698059184
55.158057611169
54.806048052446215
54.594273606619566
54.48509036065092
53.845716304292374
53.19778118026212
53.504398257291804
53.03091293273597
52.76315588212832
52.26925314969545
52.22475209207043
51.973390277225704
51.515244141804985
51.38693756622195
50.77665239030972
50.59575677958188
50.56106575936738
50.302113497598135
50.06449894419603
50.11057827054382
49.50243885741566
49.66117805859836
49.11931059159702
49.03192174296216
48.78101888602374
48.76628060827636
48.80644958899275
48.393072787974766
48.08164252286473
47.8313654125969
47.64266443237907
47.47000265333394
47.32159707582622
47.100246078877255
46.882154737711616
47.00263188952791
46.713327854372956
46.476670500148984
46.385715623976786
46.2023445932698
46.29970603771083
46.186125315441075
46.087316665846316
45.91382129011529
45.421427494723076
45.500868246039616
45.48430706202527
45.2148904088731
44.97688449433579
45.336257092050865
44.96933708333622
44.857112158073285
44.7865420898843
44.34635461893069
44.51770179894491
44.189100657063825
44.15773295951025
44.05439617719625
43.778408707318285
43.71485816006698
43.565080858576394
43.70396368301863
43.76482696736817
43.55676632833907
43.43083607856121
43.25859479649845
43.249234119846044
43.14582904683814
43.278807033320156
42.848422707236594
42.95661985420795
42.804526871294144
42.82800147000512
42.74213836922003
42.5253888751893
42.632431649050105
42.50113312316124
42.443719323690814
42.498659958254635
42.23219933331422
41.96428583235534
42.13015107094487
42.01725359594738
41.759417749191506
41.888697625017066
42.00039114104123
41.64443093074435
41.71373023327607
41.81269435133858
41.36383424575484
41.35488546024934
41.29340507699585
41.24823576902078
41.17429111209769
41.064745235605955
40.835545265199535
41.10639879828813
40.94147712985558
40.65157158630756
40.61253778057182
40.63380239454717
40.64624065876359
40.60979670887034
40.60876572833348
40.310687072575696
40.34889750316402
40.487866874990225
40.52260718544151
40.5576020649952
40.09910169641349
40.326998578280225
40.15770510695861
39.98608421131043
40.028301319717016
39.77996175615539
39.804795873751395
39.940465415537666
39.967530681377625
39.82118584002407
39.698536117324224
39.543615033469415
39.59358075680941
39.5487147582543
39.81338584997314
39.605315987256425
39.62783614663141
39.535833658350256
39.610968902557126
39.45789792558171
39.40613189252564
39.28630769150567
39.227528015969064
38.9668684545362
39.060480545716935
39.05515518055956
38.94946990835281
39.067527721021406
39.215591047743594
38.98266456668541
39.10422681681207
38.85505641237923
38.98187239136583
38.746482261523916
38.79854154976324
38.64138321774947
38.68256350575488
38.68314939863397
38.3711033831738
38.26247542101359
38.71065944166227
38.388330764539646
38.513724269108344
38.37041080728814
38.499263593269035
38.357632621863246
38.186627682831045
38.512618025063674
38.318913638038765
38.187329074251615
38.176089406549174
38.080194108483504
38.24188187510284
37.860579415789026
38.04026947029371
38.04677728961485
38.09261920148309
38.17905750160732
37.87064797981743
37.76013738618339
37.929139839182675
37.970059066292286
37.81540440200797
37.78080187650158
37.89840372441604
37.903577113789154
37.80657774615322
37.804575355947826
37.740225283378614
37.50843028005174
37.454035207019444
37.867479597644646
37.53070185531263
37.46310656963071
37.43459118489777
37.54192329882486
37.68234738120453
37.67609986256926
37.483287667064396
37.165078438233635
37.68302809117502
37.32038191229161
37.38687513459365
37.06374074571882
37.06441199924775
37.31771334033806
37.447555196048846
37.04393262661679
37.097786117377936
37.183299354547074
37.04495097637708
36.963338588939784
37.09409942852811
37.138414989899736
37.0269978787727
37.12260719301699
36.76598766817919
36.8809237399214
36.7381736523261
36.866893409175404
36.87594489969713
36.84430453414988
36.796936307217386
36.53784662444058
36.76463067843413
36.72177738285086
36.74128479643919
36.724455218438365
36.79527504309052
36.70177793939613
36.699022725045964
36.65498070070434
36.61648084841938
36.279657173432824
36.554007295026985
36.43747869942408
36.47703242215639
36.18442784603496
36.435073191408506
36.430924210617135
36.49427565046302
36.22891629143842
36.44863277090249
36.63409908570218
36.00618470859224
36.21232855491582
36.411405294854745
36.260937991548204
36.32003444181266
36.20112007022555
36.12464013313059
36.03168085115517
36.13014599389203
36.32059644484929
36.09628469387002
36.12511964891992
36.23045498532601
36.3966326059537
36.053944048713376
35.97380231343078
36.11181253949124
35.894805400480614
36.03202259154918
35.88593998586602
35.84059201785181
36.02890761739636
35.93131688528764
35.89616155874091
35.66039930040473
35.77979343740658
35.94735665042263
35.63500231891439
35.92162359789261
35.758703739732724
35.8014375484797
35.6122684722933
35.62255874811918
35.76058188762692
35.50105201917339
35.691253357632526
35.560571640624765
35.62014901686278
35.53822021961684
35.58266411377484
35.87916569173917
35.33554596409371
35.69545366740629
35.312943185944
35.68012036042708
35.47864139887952
35.6563946158901
35.550371016803986
35.41310494230365
35.32991995412639
35.53016610216962
35.415941149649036
35.401824352273614
35.33357476088684
35.25439276546013
35.39670849141908
35.06564307651534
35.60050066884706
35.27344470171597
35.27901165130941
35.39588323359825
35.196649821538585
35.07148402430169
35.28047314258426
35.32636176248247
35.02483932713098
34.890911334195934
35.307254932669004
35.20070044330706
35.025191805925424
34.88686881435712
35.13219530363307
35.14430640781271
35.22467176768586
35.11682703955532
35.235154984863804
35.12260797959138
35.127530626561466
35.0550949054182
34.91972484064208
34.90553961045209
34.92307365934729
35.03748246755193
34.87626316416731
34.834707782696974
34.89118875712829
34.96248390987972
34.78176643130209
34.92817329794107
34.95005554436208
35.06005732932646
34.81583673129918
34.82769230322853
34.66109453000997
34.78035974397311
35.03340042927062
34.64011477404251
34.89116620350591
34.80330953482396
34.774931529456545
34.83497740233409
34.972259811562374
34.5739499886182
34.65991856101867
34.966543423279546
34.69627728970051
34.50809338286796
34.62531854092876
34.47775735938702
34.53806750852003
34.514785128548766
34.53909631527696
34.75954287356696
34.53210548061426
34.719689753454766
34.61962566774979
34.61387346358484
34.50134675548396
34.608024939045926
34.58820368646271
34.385850450166615
34.58086687844125
34.54300635526816
34.65166377078151
34.18437889002496
34.707264704220016
34.607653237066145
34.146964178710824
34.404076852457884
34.50725594411234
34.40574326119639
34.21297574200498
34.41482819582609
34.22276431179131
34.23969405006177
34.493559185906896
34.2230646850293
34.13934707574247
34.11285496206699
34.37953188141874
34.48204222379865
34.344058873546054
34.14255523964122
34.282911938136955
34.18482977407731
34.24365332792982
34.09320541251682
34.28432193691685
34.28427581980454
34.19696735555912
34.03577175395812
34.36283199316068
34.10509895517535
34.05350364282213
34.19345718754905
34.03075277387117
34.05522586907711
33.956579505972215
33.89686630416612
33.84748656252691
33.99066423545022
33.93541937059136
34.07282702624655
33.95496078484309
33.84864842861548
34.044843354077315
34.02302409003237
34.11477281478365
33.9291665292076
33.78861364793327
33.82068027340021
34.088127106211644
33.78348048018313
33.89248521344861
33.75373894704989
34.06001072920767
33.68256778935216
34.075731905947286
33.948087203562686
33.68541755811918
33.904283662577626
34.24247111191118
33.856819834983845
33.770532999621636
33.44391078292882
33.701154466135776
33.88778350602591
33.751660446840035
33.86599341199568
33.97412311376655
33.74163347471547
33.94419864413437
33.83470493328587
33.658239837215916
33.485551706343465
33.81014955884195
33.60736812436027
33.72550237189885
33.50630133680683
33.62713346124359
33.439196588212106
33.668238198478385
33.731505296014376
33.588680044850335
33.757712185443715
33.62648272688058
33.44330894043604
33.39435573132165
33.411379209050075
33.396132394738835
33.627169920607855
33.60432580898028
33.33487065524789
33.619625046080486
