656.3094689342203
339.3093924728207
260.5727575280398
221.97480906199175
195.45038922197472
178.8341186436208
164.22712513852576
154.1796893597023
144.58491876576463
137.528998407373
131.79523736523691
126.47833473720893
122.19095080198687
118.74076841551101
115.58803594137966
111.66471731694044
109.72309740293866
106.71562778494358
104.72061238970625
103.0116222812841
101.34290000396383
99.93452425014894
98.57378356232724
96.77588360010375
95.49260841895337
94.65016413257399
93.39796157483111
92.1661753200658
91.48446718861236
90.04809545604273
89.53986285630205
88.59440926738658
87.46048237189926
86.79089310918006
86.29406017664225
85.45098961695727
85.0294777579382
84.28346715781475
84.14701242243136
83.17249417774457
82.41208119212773
82.19644665493085
81.82820480665688
80.86669702316156
81.01260787875714
80.19718620771042
79.67892133014536
79.35335200099365
79.23649354153876
78.394296614317
78.11453492981504
77.83223842557376
77.44308871979852
76.73776632874953
76.49452691258706
76.22884969464316
76.32416494034081
75.86260451018555
75.24384416186956
74.9300556624832
75.07932923207991
74.68250244920374
74.37390251113182
74.01875935465198
73.54719546429963
73.44849998522649
73.35585731073361
73.50356058838265
72.57149981967297
72.82127904930927
72.29134741383967
72.2419319532473
72.24965871407645
71.51163962194632
71.77944961063552
71.68021739153713
71.48580231224771
70.60916140892068
70.35050791878206
70.63504886673724
70.6832773647865
70.12129704186675
69.50147556987851
69.57460662593978
69.73834102325037
69.26493136743477
69.33873600073588
69.03273645292431
68.69833381015276
69.06015860989262
68.67451290425211
68.35798858918928
67.74561612848363
68.27849301401292
67.9801334808164
68.33094289501035
67.57000840445022
67.77935154063692
67.71193961325969
67.20645581155075
67.06230304016412
67.20681828848984
67.18895265417197
66.4159483931748
66.84870424306075
66.5323716752563
66.61385270874325
66.33147249302651
66.11152152024464
66.1109098919312
65.90303953070222
65.51702238246627
65.84885849675213
65.84547212133107
65.78153851620402
65.47102780121219
65.16938518316145
65.48348537655279
65.08082653281583
65.20529310151821
64.68392935599543
64.93768012544872
64.7787550567638
64.7249991211526
64.70694911834916
64.62267097419861
64.278456417402
64.44725362141338
64.20430485130261
64.07645674056438
63.94026576441603
64.04019682940779
64.20016752628094
64.16528913576288
64.02453292291733
63.71817929932412
63.89824089032142
63.62567282250206
63.12074262683368
63.08809995045483
63.18472336979138
63.46653064191441
63.5200962674575
63.11204048028879
62.835700694856115
62.92897215011786
63.09954124190975
63.204288149337344
62.60003596148683
62.7924384570603
62.855860706250326
62.48031696382014
62.29343792214842
62.5812611139922
62.31023499629029
62.65266301893089
62.36894854794733
62.26931016964367
62.1909761803121
61.9242657273552
62.15245829017007
61.93757751627725
62.023174842036795
61.81145453304823
61.913588387396516
61.49881327945332
61.90960145870034
61.537746255091214
61.72257856693716
61.204395787102406
61.41149374899486
61.49613168191551
61.48884470494741
61.110554594995115
61.211154492509074
61.17779479890478
61.23784696937758
61.02765170806068
61.242576084028975
60.75124640611917
60.83927061524847
60.829558180422126
60.816820446816244
60.66165802477564
60.6804954523916
60.79392940107055
60.503815186169774
60.60252394868361
60.55192553629833
60.541866126371595
60.55076369875287
60.50882525634858
60.33768040378922
60.61633610126083
60.36054262516637
60.1814097228376
59.976137417869445
60.238908348212796
60.054198859794106
59.73194016399873
59.87312298717199
59.965880590216564
60.10469372507801
60.081165509931004
59.8058629154612
59.59285280007562
60.028764394238564
59.95616012102703
59.69044352343308
59.54830157572619
59.443674866433824
59.77959850004652
59.417824700310966
59.610675652304025
59.44441365922545
59.580488319260105
59.31262435191313
59.41541691690193
59.68173604413778
59.51355603959595
59.099391291593896
59.492578445230684
59.329849364626185
59.37417559796381
59.195513799424816
59.15268054586029
59.28766651020182
59.41944435782185
59.34837242871172
59.14550125413072
59.01017136207925
59.0034017526523
58.93801559776804
58.64874299027903
59.319899716007185
59.14264470182541
59.02433899408829
59.173575896534444
58.778655856529994
58.81229136815722
58.68225816060799
58.80899591134411
58.69694591062371
58.46016916117054
58.83667424767856
58.5251795520078
58.114703823196955
58.68406500958758
58.50696896406117
58.5399191843572
58.60759674950052
58.436743146054624
58.18707576104393
58.57240257749952
58.06462469657686
57.7999486672915
58.02989462742999
58.55235314013878
58.22559759708737
58.31424894939649
57.75569401107705
58.052489895747094
58.00790625803033
58.1832957511665
58.18996700111776
57.89973573551496
57.77641973521166
58.0840686859103
57.77469669059422
57.881635530282615
57.67676031264905
57.76747965372334
57.85780655118088
58.064941074313076
57.97271465029612
57.3261182477558
57.436869080716285
57.56591918837224
57.49563354365497
57.15236055829938
57.40726534878838
57.525725602503314
57.35749177198445
57.75449635844934
57.75504498963722
57.76176665242633
57.733761607292756
57.31024005335188
57.640432397807146
57.59405902449321
57.699750789130746
57.81100832063093
57.35260828844539
57.86576334725278
57.21118458917265
57.08358185991262
57.38241972206071
57.384219520849236
57.31414595827257
57.112576630203186
57.13327861359144
56.94525529804941
57.22248525846922
57.27013199156045
57.150484897777694
57.263027707302314
57.0916578157972
56.9593904283988
57.071402277620116
56.91418772439081
56.815558421613446
56.98981909475301
56.61147958707244
57.0640992506624
57.22967905939088
56.709783144192265
56.60776118406472
56.79911310589135
56.71010426210956
56.58212961624351
56.60261238230809
56.84005075966076
56.76411141841509
56.748217906254304
56.427917294790504
56.553401590386834
56.84236945846058
56.824463613414615
56.48775989728825
56.28742060401599
56.42724815678451
56.24581009458448
56.453464023176586
56.2607989360254
56.424118439436356
56.261396064871334
55.91032381818948
56.40556857775628
56.07045320139184
55.98283758157074
56.08702682015691
56.08014842427977
55.974167804836064
56.160118401540316
56.10910506234143
56.43700743242007
56.13136461061889
56.54094956370005
56.13039177659751
56.10491852227791
56.14709442156612
56.03497578608743
56.544762793067754
56.06171754576978
56.1900917467599
55.972206762099276
56.41674988557727
56.411327692360025
56.28321467344044
56.4114091125316
56.021049607378465
56.32721928471095
56.08974729546429
56.047141641833285
56.221837347711094
56.32372592824883
56.432250738015625
55.969872981812244
55.948051704258205
56.01784679210547
55.932487196670166
55.96623945619576
56.02430678837438
55.73881119701716
55.85289432287847
55.584135465382246
56.1714808093324
55.8375321188469
55.84027832774785
55.78926771413234
55.75457380549764
55.77411839927314
55.923893746738784
55.93618627242152
55.50781053597533
55.67352374345294
55.67887090258378
55.98663010683544
55.78657469372253
56.00059575672551
55.46117350199505
55.95788516153775
55.63966324266142
55.73227979858774
55.65851424231558
55.758051501898045
55.53251208098112
55.69572127878355
55.49015236725
55.62129732814366
55.52793996475982
55.49500851532973
55.52943455906924
55.554480698990595
55.248784451267106
55.42778113932527
55.11025502173368
55.356506515222264
55.50760842762199
55.16038309524208
55.228303833284365
55.534852027396774
55.49015693604165
55.66333752022024
55.39616261491358
55.32550382704639
55.3389609417143
55.44155176789377
55.181852646377244
55.09579697008977
55.28609535008762
55.22315674086307
55.296388109626896
55.40551344738408
54.95001317010233
55.312863551140936
55.287612278064735
55.40398074650478
55.35483113537346
55.6633173076246
55.27282172027133
55.12466433938559
55.033328778081504
55.137760920876616
54.92917389908375
55.04371162195936
54.89758441652373
54.96106336000796
54.917929404751206
54.748252520827
54.71816585475913
54.86412310025522
54.67401484802646
54.8740495702413
54.811310158960836
54.6835039807544
54.79114514850321
54.40578530074349
54.52427023522549
54.47257963435299
54.575195654578685
54.66868536513582
54.796126628428524
54.679029132441556
54.591939628637796
54.69190048103389
54.46629571835705
54.53756368758975
54.67275076073589
54.65081562414833
54.389426771635826
54.86047439816279
54.647343598230066
54.61682659012347
54.562003906717294
54.688378401301705
54.750582068991385
54.7172774187622
54.73288266972733
54.657660214339536
54.51040411276335
54.904125174520686
54.67019800628243
54.43779417882637
54.56695681947924
54.72681283104143
54.924971254598226
54.698196629547446
54.559245918858835
54.13633709001384
54.42931555583512
54.592994240338804
54.41852897134175
54.31562608664347
54.29725074541877
54.57190665855652
54.45204431204347
54.643253045650255
54.46122436372085
54.485367500980296
54.75640203468194
54.82940703760492
54.85600570810226
54.59883388640377
54.748382445244296
54.255839745072635
54.389294392715826
54.43986342690435
54.11291368555303
54.54593371040589
657.8696491729252
339.06583025727474
263.0685024162657
223.3893462560523
197.09867558570147
178.99859792213877
166.46999605742425
155.96267278290077
146.49890456448074
139.5211839618723
133.09390010790486
127.64526440648879
123.67651051535377
119.84799261490122
115.76679155695903
113.665027859621
110.21935321712763
108.59700614744183
105.71316659138017
103.93072711194286
101.87398890691284
100.05581395235917
98.53855209251284
97.33255538497791
96.5480516885396
94.83758780511339
93.39092108627415
92.43217127363901
91.12184689091299
90.7590672859492
89.67849003955979
88.80998266309557
87.91655936171615
87.21621824886611
86.12429832850266
85.55549203407634
84.99905030319387
84.46249507726354
83.68179826384765
83.39685588321319
82.3853383670534
81.96493575296712
81.65854177156822
80.68843986210918
80.6311473691134
80.13295381906947
79.98666797217108
79.30293037369364
79.1856643812229
78.70983915819771
77.7415545035486
77.70997880866081
77.30282503376023
76.73916048754815
76.79150202132223
76.30906294716273
76.24162228628664
75.42891193212583
75.45516376428898
75.11955816556764
74.76124246278123
74.6601719597493
74.00418790321069
74.09123204901803
73.58255895349812
73.4163208976482
73.37597933355131
72.79718759818687
72.51607670396612
72.47939013430306
72.51838362365648
71.92947037004426
71.79357665352582
71.39010253587374
71.07579203851985
70.80989366646101
71.00192981364587
70.77204193876663
70.55887412549602
70.78352693392077
70.65651176167233
70.10510223974389
69.91568612533588
69.40087369327397
69.49506106947618
69.3917201998753
69.13635399846639
69.1024731751722
68.69945459038036
68.2852663849124
68.26352534929129
68.53808080530062
68.19356136561419
68.49786524713357
67.89296012031868
67.92406592169169
67.76181944390558
67.66465314432178
67.46453906592377
66.86031597115704
67.21528065663654
67.29031898259264
66.75178300728035
66.56661470002052
66.75299908823914
66.40558654393963
66.7781263692332
66.20767614011191
66.2319149778421
65.99531918037643
66.05302493310434
65.82518807483746
65.5007404358523
65.97888483582511
65.49184605323524
65.54801729425337
65.19704469427393
65.26720219987739
64.82821280876917
65.02004539642815
64.84942351333034
64.37733397016596
64.70777215120488
64.60936146988064
64.52441569359279
64.27246684998576
63.92121460863574
63.945264795922874
64.17102384358417
64.08424027238836
64.00947334241339
63.73282852138554
63.73693019044523
63.52596644378428
63.3985883652588
63.50427752852822
63.47341518939497
63.35374319705614
63.10350593093548
63.20985570183095
62.75585872714423
62.98287476518119
63.05162417316243
63.06199262888894
62.88134313828771
62.482284290462765
62.58182105454532
62.59266815797667
62.41439248122204
62.0076385129868
62.03943998620254
62.49361858106471
62.34146358590147
61.819873240009564
61.74398849890707
61.93488437715251
61.744280445524616
61.99449700162247
61.6928388469311
61.78144111079492
61.477680107846794
61.53975869259507
61.440050956635794
61.415994499898964
61.4429999781269
61.22856171159155
61.256657341461576
61.427263155755995
61.38291762448548
60.96130794056456
61.04491212914274
60.53486974366129
60.84313759833498
60.71917489716395
60.95915186951381
60.763384249159664
60.77175040068833
60.62017322345178
60.70358970624771
60.54994425403053
60.07873783085751
60.18771933709882
60.51252592933879
60.47390972935807
60.13899527722277
60.33892349933762
60.098723031553305
60.01112958005903
60.289578494014194
60.03348469636405
60.087642979712975
60.19583907040582
60.059616705836106
59.40584239823941
59.76267900966906
59.922713054295876
59.616447633968036
59.589966535130735
59.34406775475932
59.57414846819997
59.61632058064686
59.52930694893702
59.63442836900946
59.70687896694747
59.603224880008824
59.40167245310329
59.088358294068236
59.45430411532492
59.33977602890894
59.30135432597416
58.83422723983667
59.07585910928893
59.29548695630713
59.167723189999954
59.19253690305922
58.71248807498491
59.17401000536235
58.75961921718724
59.02967097506194
58.834947184236086
58.85974350252028
58.84613482359022
58.88251982806863
58.67221328742487
58.75669750423364
59.01460617428736
58.626879410068995
58.74678605964397
58.7570849168018
58.49597283281092
58.681688594244996
58.90223465002798
58.50346749476693
58.96776224621577
58.55826842002788
58.73092972315329
58.82291248336087
58.51048298315603
58.22810938255003
58.050821013259124
58.48486352849351
58.39922497281309
58.478834994713594
58.16779168301805
58.21135532273894
58.09788618916776
58.17936371882573
58.10676823343205
58.33222686254127
57.847259037813636
58.0762898662527
58.188298563190585
57.83620815818755
58.06199254713029
58.093909725250604
57.84096275401486
57.94546570232182
57.94806795523768
57.454255193123494
57.819279123671656
57.95547026510171
57.346724762584145
57.73651126742591
57.73235292885323
57.53605030766741
57.593841402022
57.68680880673699
57.644910082588375
57.66388788253842
57.57745170058113
57.50956543447514
57.324080859758766
57.44743735179453
57.557993362293885
57.44831002020152
57.22921069707718
57.312781501434955
57.2546675422281
57.54863742445355
57.21333521988039
57.2160632144192
57.53806936915262
57.47245728252934
57.247463052491184
57.41442244801884
57.60756238795779
57.03571575910086
57.33037917379633
57.3294398799161
57.14985717368174
57.20108357854567
57.143912212065864
57.259549174601176
57.34273248938044
57.35621890488821
57.10083765857479
56.93747412433326
57.17605370037403
56.87632182544952
57.03076899243157
56.76172249688435
57.00745243677543
56.8982946402694
56.40052148631479
56.759291591130584
56.895062690357534
56.651352872528506
56.647648575830964
56.860079331545705
56.93575537070369
56.47720016433955
56.387475794802
56.225842870446165
56.07695432717309
56.4789905912994
56.39606483273765
56.38112307571541
56.31573988953095
56.39170262303143
56.48522825410833
56.57367722304861
56.25020931058525
56.56312933452806
56.33554933626215
56.375126519734025
56.48516027811298
56.283148615746086
56.39783573331865
56.21245248895481
56.36544808050961
56.25513134720109
55.87996017287041
56.17588357978999
56.44759351849551
56.50346162935534
56.28942543519072
56.345821992238896
56.10859608141469
56.485828438687406
56.25198927717995
56.38004155561391
56.36869772810228
56.523714351464186
56.305208114610664
56.26382735715997
56.33379459956476
56.20423521147175
56.13040822156177
56.23001592553935
56.1877353018602
56.077710388795325
56.39434516035098
56.39875839804372
56.05149816323865
56.43324010098755
56.31248579135958
55.93953545428966
56.14508488073626
55.79798808441373
56.280651683331435
56.166192154764765
55.80621280006458
56.455883445742515
56.076117278110814
56.088767286369574
55.78974516088963
55.74558672157199
55.74261290049418
55.75566351110847
55.8748164093224
55.8028566381488
55.81281960574724
55.74876954585949
55.51594629065358
55.772763948390406
55.706469282762086
55.85169094444101
55.99803335327445
55.680321113604336
55.84153640238519
55.693083960508844
55.546221356847724
55.4994910504837
55.49524161687361
55.552344207089554
55.522152407559204
55.50657220793057
55.78413089540459
55.49581296076528
55.17507846367397
55.09662941730364
55.677554397038875
55.50300813499028
55.265107330466996
55.34462850150549
55.17582363454884
55.43134293098106
55.241203132951526
55.234338150885556
55.44941413958748
55.71679905428408
55.210240962167106
55.52583616676114
55.23866210341101
55.17117569209481
54.73032559117071
55.37805809116267
55.208499923548494
54.80670990873999
55.20897976399254
55.10882772769859
54.88344953644525
55.04203500939015
54.91913906186098
55.082473051343406
55.11975149222285
55.423276450147746
55.00668610709461
54.93761008066627
54.94852777876157
55.07466613623929
55.026428731019315
55.18343879438336
55.14224277098479
55.043631426422166
55.07186269123307
55.061076115741294
54.87151138391666
54.851869332793626
55.0825359242425
54.88170325266536
54.88488342731157
54.86671687327474
54.756272304907334
54.79271187600072
54.905174598462274
54.76981678284215
54.79977731744332
54.73607773056181
54.723769650782245
54.885990343936996
54.561385862232946
54.681798203839335
54.88926118474667
54.859868268336434
54.81083020605647
54.474569260088664
54.58259327425188
54.8284151907927
54.69311311761848
54.899280638238906
54.58049323986014
54.293711919694545
54.420596121229835
54.62989076220989
54.87883335669273
54.69733658621369
54.45251882320038
54.827742880951334
54.45118987190215
54.63593816914203
54.89026360432295
54.849203217576346
54.230254207689754
54.59884334647371
54.26440377026538
54.64035995138918
54.729904854134325
54.39525684143442
54.51096435836714
54.527721892376306
54.37698759450541
54.580749190277395
54.738549030570034
54.66759828375153
54.77850014367271
54.37674082374224
54.60594399877677
54.323439242147515
54.576453035485905
54.87848489962833
54.874600407977745
54.69469333485984
54.389968652367045
54.57208821186413
54.67649954632968
54.548101289068896
54.10628891605634
54.66048183297462
54.479938814981125
54.812111568849986
54.414990924039486
54.1734953259537
54.1478913199648
54.046482817857175
54.36715293438172
54.46997039226877
54.51633156676642
54.38134177564412
54.18232028011283
660.348949404205
340.39880000274735
261.2042090113789
221.40977181309415
195.46411517546719
178.34523503060464
163.7503552097495
153.68517625479717
144.668269245067
137.55633298256163
130.63260247015043
126.63833976910784
121.84158655007403
118.05345861313634
114.94121627534194
111.97665031510071
109.32526398560624
106.72362791792581
104.44472872480968
102.80026294671045
100.72839965800952
99.1718789033343
97.44536715016373
96.64563572699201
94.71259742892906
93.91877757247117
92.37665964553955
91.29683287201
90.33334927615805
89.67347876672781
89.26554775744184
87.47426712446818
87.302710782174
86.33087288936223
85.15453325754659
84.33001384205365
83.85094316842515
83.40129282273185
82.51178848432656
82.90591233969887
81.58653435920691
81.37852004089771
81.16116982452546
80.27929830268772
79.67461870156218
79.92706367908775
79.1526335280576
78.92894256567213
78.14734523387465
77.96812472409458
77.53428030569275
76.43638609437401
76.65421096328615
75.86243429744819
75.69093863276531
75.5672003805149
75.18537279167064
74.48498124535911
74.25146891591288
74.45539272446013
74.25113882388317
73.89290807820365
73.79280324792194
73.27385036958427
73.38364780455225
73.04430038597737
72.79070405867826
72.6589556348193
72.12834614348543
72.12084624184847
72.0011430282873
71.10753272175589
71.27575522984861
70.97238529319715
70.66435720637412
70.5931232555747
70.60886935060451
70.1120716056416
69.91744934844817
69.99806420511804
69.25607011746148
69.39301640389337
69.3448049330524
69.27796119062035
69.44547482940949
68.68102633345188
68.5946195871344
68.92312692087108
68.17876108355291
68.72914848690044
68.33919307077686
68.22932072087082
68.02698136500712
67.78519587123438
67.73734147427953
67.40617015227848
67.69543900805677
67.43337779855673
67.30615555099048
66.9724029877753
66.87291553506468
66.9061385501847
66.82024054648836
66.38410510918702
66.60611111914304
66.21871702709969
66.46763323730809
66.25194414840041
66.23368711160418
65.62844388808155
65.53953355489959
65.74379300646807
65.32764887677953
65.53095428381722
65.50487880518797
65.26825527806788
65.42407592597192
65.21544734661164
65.02829167362906
64.80875345338976
64.92883845222819
64.6116501123956
64.99900831189748
64.71564616695836
64.79085836726094
64.52848774994233
64.97120153449177
64.39174464315587
63.96286500359142
64.17361714996332
64.04004921896323
63.94373687774455
63.8426367357651
64.05340191802986
63.2742863247692
63.6818812104561
63.49129998067784
63.174572390478296
63.21869712213122
63.412348346315056
63.54366645219321
63.14796836658773
63.1042889050763
63.0141972384162
62.98344041786041
63.37136146470883
62.89303677037336
62.824974154856946
62.541067236376435
62.415697980425925
62.64818846877991
62.429499434790436
62.24138849412928
62.73698708915841
62.18806792581092
62.145890576144076
61.754406601143465
61.94380652761116
61.99803562797298
62.05740361667837
61.84414757771191
61.6170936774302
62.0288823917754
61.66353337913268
61.65417506234208
61.691711667628695
61.50258032022474
61.43145111727032
61.70181679383476
60.91354749039956
61.23584068008472
61.33896423670148
61.03716447320646
61.087630467761095
61.1179052222062
60.99159259087981
61.08886164605523
61.27263421707734
61.038311624396826
60.90076283696476
61.181407426642124
60.80455152068999
60.78906002801464
60.71248307666811
60.400313286676415
60.46368191012046
60.60916391288373
60.27994855977414
60.65988108922635
60.6980450544142
60.34586444832476
60.48998504396425
60.61388542781433
60.56918864613387
60.24818893359272
60.02809013265373
60.281248595820195
60.287864883568105
60.191872778351716
59.888083137126095
60.07870465491335
59.88367200267417
60.08349878048594
59.52088598144845
60.309861827480354
60.0161875177463
59.968930844602056
59.3839328395133
59.7246675007872
59.661852205425454
59.747424644590645
59.37098298877076
59.41196656897023
59.46913098824369
59.539153815245186
59.065172187185226
59.450931078004665
59.32409839792802
59.323120683999285
59.04161291146809
59.156489452609755
59.45808930194514
59.527282005839744
59.0763546129044
58.967140078616836
58.77033619834804
59.14088690417525
59.112252538462414
59.03138797021689
58.58065344049233
59.07693808610263
59.09132954770066
58.85459080663457
58.81213138557701
58.811758631133245
58.50624027323175
58.81569191032423
58.52974345962157
58.78050354991464
59.130460945839005
58.52049263962916
58.48759362169987
58.66614568302478
58.578549775666794
58.73364375777688
58.19213023540427
58.6606643595062
58.60335505113839
58.64854774360032
58.25573734482263
58.032693520379546
58.243951663731025
58.293508385771645
58.14783983719718
58.423497874854014
58.386193502843106
58.24166111998307
58.35053990093446
58.23066740583633
58.01714531784798
57.87301803643547
58.00860751564094
58.201295723412734
58.02823265634909
57.964381817068414
58.09168282395532
57.6912071137495
57.8447188367216
57.89006059594688
57.73851967814691
57.964747489349946
57.726176194478064
57.92715423674763
57.80484375322938
57.704119136084664
57.83969783175969
57.428374409546116
57.699985153247866
57.61922702604284
57.3438893494249
57.538295910085886
57.43482012655318
57.67572775360389
57.693628244979514
57.75470787024171
57.489586595027
57.123302423358304
57.68352097552782
57.47475531091016
57.50889462782027
57.54904808574921
57.05926692680142
57.36670863124553
57.125476281585975
57.42765611960621
57.25592630884029
57.376540536598554
57.34439402928876
57.26299464796484
56.913478494912226
57.364023696950916
57.146949532032345
57.16005622808685
57.10800777844301
56.92396528050897
57.05591539201761
57.01053499177399
57.16555898404406
57.04529726798672
57.15059486554217
57.02868627683423
57.14029185679334
56.92013134700352
57.29247720733849
56.694891892680594
56.741370444220955
57.02372735628932
56.76613520649617
57.20061770489905
57.11801107551702
56.90879451000377
56.84644585506397
57.140989676715414
57.15832544693376
57.04645865506935
56.57507290763335
56.648875002033755
56.91928378011842
56.8548770916258
56.97475552235038
56.440897972086326
56.692657945905694
56.79468907517889
56.53942553877967
56.58160883370758
56.68304987384058
56.826230795047536
56.6493278965264
56.6264870550521
56.50792334651824
56.654694066333356
56.63421785465862
56.65980942838662
56.18787777308945
56.69509510165861
56.557269101405396
56.54893857520513
56.59533596290575
56.65265151398862
56.41575853592005
55.928040367617776
56.488583167541194
56.6500069690118
56.26499323831517
56.42048438653802
56.64695641269887
56.51449869370992
56.37453339831988
56.111549038775095
55.88598095930375
56.3930338301777
56.160716121508166
56.29835637366341
55.99435574843571
56.167376335173714
55.850303587775585
55.91558545580108
55.82095553226587
55.999883637304784
56.29391949964552
55.89847940605106
56.08570788017735
56.06498651016342
55.811210152670895
55.84012517228285
56.00822162553003
55.92495879147073
56.06386774038558
56.12588412689353
56.01978000066464
56.082753047383456
55.925858023242114
55.6286464512458
55.96694808126089
55.79644201917725
55.79880211296674
56.372124195877994
55.7377719122979
55.66749121912623
55.55132788440152
55.7876516431686
55.294878454087986
55.42165608583234
56.14423283128393
56.10742496107952
55.79561485789114
55.77900320129066
55.75732460388432
55.82050619953569
55.73540302890695
55.914869631039245
55.8816802506902
55.8448972085085
55.72101889717863
55.802292218240574
55.66190739619948
55.61625996134097
55.57076675657471
55.34310463995208
55.71082477259009
55.702434349044616
55.614627083512886
55.35273119072065
55.72040043264454
55.408904858911605
55.37335859964828
55.47409831667146
55.468889237238464
55.816216706250756
55.23871866278574
55.32994068437335
55.28542280604299
55.27429639832661
54.917608678843784
55.44317546426986
54.92413053450525
55.62706022442551
55.211422108221264
55.20514637029671
55.497677481963834
55.138889659605724
55.3243289728911
54.96349458725074
55.43696759902563
55.32022733210841
55.04195251446333
55.17220263693137
55.59380384942712
55.02520368717679
55.36833928100485
55.281534673631796
55.10634512440523
55.664454449896716
55.25422388969683
55.44334774088805
54.84667758964751
55.19227991288674
54.70849650226381
55.001773570665925
54.97530169396396
55.2863555121587
55.06841414209807
55.29002447289996
55.14118638718446
55.24444958485876
55.26757544227307
55.083520868067815
54.520873544840704
54.95117404921078
54.81878730870559
55.1846010112972
55.28802919067478
55.28965625085675
55.476747471110464
55.22906631701755
55.55945100607863
54.81412606892306
54.73531478075128
54.85400191119816
55.040149444970915
54.906360390760106
54.988435808720304
55.1671793022275
55.247432820887084
55.22716569123383
55.087543784291746
55.24893516822726
54.894945947379
55.1911336359031
55.00348325781171
54.92353526836189
54.70254665331807
54.87971677691053
54.80034419791524
54.64878606875133
54.779541240020734
55.02721595162996
54.49064992097957
54.714832333544884
54.858122967905736
54.729335227169344
54.8192170807025
54.55886436929531
54.5647598701517
54.682432285550924
54.68543351158693
54.59753207954216
54.40742739468339
54.438111090589295
54.83383215670678
