606.6620464673797
280.10815687231076
210.42801151537853
178.57105858822848
157.32739896498944
142.01215075659778
130.50323684750205
121.87386608262005
113.97001849087381
108.42454597053387
104.06725087332148
100.4226146089523
96.90740585034655
93.97586792510212
91.29637634865024
88.83147953574809
87.22351006256199
85.47452793477878
83.35831087133143
81.71719728934238
80.62952442995358
79.19573497592881
78.1473009557727
77.14509520519115
75.83547507137033
74.27481706470256
73.92911801072833
72.79718819354727
72.19054555367889
71.37944712418286
70.70992085555402
69.77698033080047
69.04044656605184
68.53120036826192
67.70857498573197
67.63464266630578
67.04183548206282
66.31546144333306
65.88349843071782
65.3920664179331
64.82231071273556
64.24759713389625
63.55143599676667
63.411883423974864
62.981857946268846
62.29105658124451
62.037218242261076
61.804715624709225
61.63138073643294
61.00966082836446
60.80712314556015
60.25512011150789
59.844675142779714
60.1208163264508
59.6107868329045
59.37069067104214
58.88669708574918
58.84793821737427
58.32695409120898
58.36971629194317
58.10607765190024
57.784546381625695
57.647434232797536
57.214158167970304
56.98450041803765
56.69292496294769
56.49374220601116
56.54400894154748
55.871744704233485
55.924736451978994
55.70634560756915
55.1351069411818
55.14207461371106
55.0035545620404
54.61989107779448
54.91328878975838
54.431956278445575
53.67582411034284
53.91898241992167
53.880979544578516
53.86340099788957
53.52579129110367
53.33968393103239
53.309742659584764
53.216458210890494
52.99372890750175
53.03050949890072
52.502655580712705
52.46537045827327
52.14562414042011
52.086647671947624
52.035774774542055
51.509132280171116
51.736580963383595
51.37852730947427
51.36219127264611
51.52352309424992
51.44541469771513
51.17830950039239
51.31884794924567
50.851199539142456
50.91591251917365
50.691106791397615
50.36255563530935
50.4828483386723
50.07599138268717
50.07998708079348
50.24839622285311
50.280605687558584
49.860772037048825
49.646561663847635
49.787179734841814
49.70103982357095
49.53552593284278
49.25912131411216
49.402861046443526
48.98796955728577
49.06052297052407
49.12459475281996
48.94165281672131
48.948487456230495
48.51909552440989
48.590465932872334
48.7908479195331
48.13160636237589
48.58679764994828
48.28066466165294
48.26009781780516
48.32866567745833
48.30587772558019
47.831793823004546
48.03825744398475
47.819031868060236
47.64044882863628
47.813541151001886
47.758496938835066
47.90927290038682
47.669441690087034
47.45255779650988
47.33679500488859
47.18385837392917
47.4477581029627
47.18092805935506
47.10486690829856
47.226534412546805
46.94991497351006
46.82222745083598
46.96767102199279
46.6734371744285
46.89752597222801
46.74202555935875
46.54982409139393
46.28860818984384
46.54388611618597
46.40264098577885
46.44355104124223
46.21353557136334
46.226933269267874
46.28949659385386
46.13761382398923
46.099016584366424
46.39797270317216
45.8921129144469
45.86103030436963
46.09502298111086
45.78703442299254
46.13581769702068
45.67162436030838
45.8282650130613
45.55428986434054
45.408638408552676
45.5042312796286
45.69702167195497
45.29406518142601
45.39902579870335
45.267486775100544
45.0874867720058
45.274588357730785
45.328046446652095
44.95911089416546
44.89599943361336
44.80550458692597
44.86402903154173
44.91362170302262
44.74384945706974
44.95615346903983
44.84996760901876
44.673029537259644
45.0604617781509
44.657695766721844
44.86707150095881
44.41123584375344
44.63503229877473
44.519059918644736
44.45011909863539
44.25409880540327
44.317839362883554
44.337902109354566
44.20808173381271
44.33510966260834
44.34996857172607
44.29714995754894
44.205081595732665
44.036266475428235
44.06688558726972
44.25034927364941
44.148055865930345
43.92178409218295
43.84322246035861
43.929217576048
43.89673146781122
43.557732194092935
43.83223379871677
43.72233951802358
43.867476997939754
43.50711345649851
43.554458994876974
43.628059572077326
43.697506715120845
43.344595640944185
43.79231849670652
43.5227720813097
43.51570170594425
43.53695309005526
43.51248395880703
43.58312526858305
43.28021498482466
43.21758519620103
43.217091952627214
43.179476042318754
43.376609202828995
43.02268732931916
43.07853502525336
42.95169514844515
43.031039686327695
43.046775555558014
43.19487142301413
43.01402546263003
43.017223334600466
43.028918050362954
43.071260050927656
43.09084549185498
42.73200942043386
42.894632304843185
42.82720386454077
43.005652955075874
42.79193508435698
42.908337146860084
42.8098847871645
42.54181769444224
42.82134240789286
42.49598725953712
42.757897990760554
42.51878440915329
42.60650305436821
42.57550550197375
42.427111723342094
42.638424993684524
42.4153954655564
42.220672039404384
42.49718213610375
42.39929857136387
42.24616974976368
42.464632416677155
42.39182084529966
42.46095358190453
42.105728691063334
42.372170510877844
42.37507425606527
42.077512470866445
42.12495879412767
41.80860439417509
42.11055289927856
41.934848704771156
42.47139294331241
41.92341980208145
42.00786689912015
42.13232702098528
42.056420411785886
42.164497453723385
42.04784434649544
41.85931799464597
41.81814154460839
41.68627939058969
41.992527293272815
41.675519189689005
41.7211101858713
41.868580193880796
41.563230956122595
41.750254776960986
41.75543316739163
41.871940637160435
41.45568768415396
41.78417931654732
41.759865335521454
41.6280601524763
41.61530852276735
41.76804995725528
41.400949210414936
41.53449245210712
41.516449284128626
41.33853321666998
41.584744441122396
41.521602333398484
41.501776631242166
41.38483451411008
41.45443789138307
41.5711928179507
41.42757814872945
41.221564681149175
41.445775604812034
41.24009977073959
41.23399955653888
41.206570292310886
41.26889665391873
41.25959816832542
41.31783070846339
41.003300584759174
41.23510160813488
41.4885940850941
41.146250091849296
41.08005036955818
41.02369733708518
40.98383445397501
41.22316149451708
41.146571021366945
41.4077080989926
41.027310507125854
41.074496202731844
41.05314684757021
40.95581095090357
41.17263715620738
40.78795595971622
40.63860767238579
41.028116523317955
41.063503654798396
40.961778428362926
40.98967077340294
40.919510515313924
40.522281856338694
40.732511790448314
40.60038083938042
40.822716287198205
40.85139682010527
40.69497621083972
40.5277447975222
40.78557387213194
41.01184851344391
40.64248276455442
40.64727130902432
40.697915898512925
40.88874350297279
40.71047472490438
40.464137392036854
40.605999943382166
40.51966215704849
40.448732119819525
40.4919889348783
40.771830326890004
40.57371417624669
40.37644027804396
40.39291502296354
40.45104441883643
40.57457606009611
40.5455729518784
40.505589902006065
40.61558221759071
40.48662525817532
40.18270373018146
40.54472086947701
40.214448361606095
40.26931536213278
40.625850091198075
40.369065958430234
40.29361161266991
40.133028667852166
40.35313714083955
40.35271253906061
40.44039262612489
40.267007738737576
40.07408528370967
40.37161481454609
40.413442475111424
40.30965467799228
40.27079539457043
39.82879007678054
39.8126358062262
40.22197188900959
40.17377664018686
39.97333415125983
40.0691762548287
40.08213482515899
40.0955463188532
40.23097494869997
39.89659193632993
40.095105169951566
39.989526836111075
40.10573842547526
39.82470709495527
39.830304561879856
40.05219513851459
40.167712308628424
39.77287332140341
39.89745359834636
39.92335693068044
39.91996268818847
39.80682660598442
39.672049806969355
39.94945772297515
39.855719865036754
39.83744511274596
39.82231472170105
40.10444341654383
39.6833291216137
39.89847340044567
39.86542721666891
39.7826944025914
39.66750832847082
39.6744140636647
39.76715272618965
39.704510132190414
39.46714608619473
39.740638036135834
39.926053343249514
39.56120265304735
39.36442385591976
39.77229490188972
39.8596082014406
39.69221828966227
39.69330953824983
39.69699063249558
39.79488956274072
39.54680356433775
39.49686769930236
39.32847260145287
39.58788024892883
39.621623001539064
39.52182964246106
39.69411948010271
39.63114713891018
39.554675392728925
39.46018552707472
39.36958208053223
39.54598109050666
39.61983673306158
39.47983475519799
39.42089739476017
39.209566249536536
39.24793768545796
39.26216276858054
39.30308989611652
39.2584072310403
39.373137892434436
39.41375030966799
39.38194258415848
39.459887955638855
39.293680613946584
39.33908441025319
39.425342177647956
39.09093111846474
39.07539118482574
39.249128430871814
39.3329867816051
39.171332412353216
39.23900687764187
39.20210343723179
39.19185008638619
39.47852656574781
39.16638297774644
39.175708724547626
39.298558882476634
39.218368022379586
38.97588720559279
39.124009079228436
39.15810682698406
39.10358508040765
39.3030538279046
39.156319750583606
39.29296684254538
39.235268850188945
39.11258682932917
38.89874828461689
38.98000639025161
38.92157069236252
39.23076830380907
38.896469256728935
38.98436518412068
39.08665629020182
39.02612502928773
39.06218584664582
38.99224437186282
39.18004111632203
39.25566093801431
39.044384672333145
39.05916766830724
38.86070968143937
38.76560608625692
38.872301792886205
38.732773309991835
38.84127494347146
611.6468497986964
282.42103434661493
214.98877587350182
181.69153734624595
159.62825921880108
144.91538299610284
133.0431730670075
124.06697395880991
117.70011593657482
110.56994164109847
105.50233856204365
101.71234196344598
98.73266934287247
95.46263425737504
92.7065481048334
89.96640411385424
88.04047735135671
86.2972108656806
83.96255129695028
82.3846135370373
81.42430516035749
79.75316125270436
78.79317956627565
77.25546735620162
76.45710467575485
75.21457507082965
74.07935041221182
73.34589049136525
73.19742926367341
72.180193129949
71.00103301534168
71.01367618075311
69.71216575382616
68.97132730588919
68.25523245262147
68.10079139183397
67.59270200517128
66.48502917514395
65.98031479492552
65.69795581562337
64.9304953281524
64.69264067268826
64.42192407148978
63.76814464169633
63.685334965076905
62.96353127015434
62.84225469945503
61.902122430363036
62.42099322620595
61.89660393225151
61.23484246091435
60.77869145885123
60.121210312677675
60.19526437882551
60.153764613272315
59.5161282591022
59.49021375945039
59.05865614548909
58.77812432951459
58.45459067857707
58.059995478945105
58.30964737079301
57.8887619731622
57.340874909621135
57.17939390682757
57.427347275394176
57.070259191567494
56.59105020207102
56.759279156054006
56.24041735817128
56.276914235974814
55.861281250743914
55.459157683258816
55.50032739871395
55.08243194451885
54.94560878548521
54.636642840665104
54.54304999437292
54.18950176215552
54.487177027951994
54.39470065502312
53.964783537020374
53.95825035078196
53.50501099736856
53.379972245896894
53.35062869531513
53.311910539903785
53.02114265017584
52.80917240538773
52.415940793753606
52.45667894964936
52.54328455237139
52.30874958603401
52.218080524644044
51.90976163182401
51.817321575909766
51.80963233483108
51.64233913832994
51.43536695420474
51.4464267377774
51.17460742445307
51.41895865935802
51.17543254209599
50.76929781058216
50.67427439641723
50.57685437423678
50.61078040964104
50.381340122010855
50.26342800532236
50.3658904576974
50.40080885202367
49.81735716719241
49.91128609813476
49.72287471963832
49.579944060840866
49.552913276372585
49.833400690998815
49.312130963376475
49.79696238643189
49.32825005203683
49.468457758947416
49.02332209628939
48.88028368542779
48.83079471716397
48.70843296299777
48.80086772648719
48.76213028194821
48.563007601194954
48.442593066546046
48.532176608191556
48.134733515988216
48.27586625847708
48.300869157742426
48.175395335692194
47.976913497302576
47.9940062761722
47.79523786424488
48.118870482919306
47.81037593088992
47.798742578167605
47.54924586530038
47.98462071091512
47.34867133174189
47.309803210051165
47.368381335431955
47.260005806546545
47.453710612554104
47.01345445525159
47.440452732722015
47.14680436417689
47.084847988262915
47.16377277260382
46.78189327691686
46.815091364545665
46.682414402394286
46.62558443417921
46.923976555844334
46.677375585702904
46.43877051894772
46.259658402955594
46.51491056531677
46.42952699447381
46.520958282865436
46.24349692588208
46.07898158910757
45.86857129587285
46.078229072441765
46.19581707956351
45.9610765962868
45.981595220765406
45.64775149785978
45.7130601328244
45.83793681027022
45.79646269001748
45.79538790961335
45.75002054932074
45.712967566710745
45.64009477559133
45.7739800954958
45.58192886612481
45.370610972680055
45.34433531236517
45.4335384360439
45.13039899088237
45.10252141074762
45.27045963419353
45.26582702190392
45.26400373294024
45.04691046505679
45.153684327017274
44.88756967615049
44.73109205210594
44.9692761251848
44.87632830329613
44.74810469693998
44.490934598598564
44.68171822436898
44.60597418964383
44.70180617807747
44.910639367164215
44.85542579918849
44.366142587339155
44.507724604891656
44.37100797756619
44.276396775735115
44.197460322530894
44.29878475122775
44.459420610183415
44.104763042080656
44.2623468183921
43.651609578680855
43.929381950238245
44.23232055962569
43.75174724126371
43.73538750225971
43.91486565688205
43.89813976060198
43.631589559844095
43.81877207674366
43.8491539888632
43.90982046119855
43.55082804587573
43.66536972226145
43.54576610187696
43.554774194401226
43.70441626329156
43.646717770629365
43.49003882732982
43.233805743244254
43.39972919674328
43.267925394227596
43.543347065579425
43.32898703457765
43.491689045675564
43.35449373892186
43.44156362627287
43.477142701958236
43.234174758152975
43.326226487247325
43.14911991630483
43.121757744396504
43.36827350083618
43.45197858587923
43.16813454084819
42.85041097552631
42.89176198805611
42.95343908563076
42.808287224592526
42.83566826527384
42.71833620971985
42.78789376382948
42.70357663959003
42.58565774368736
43.01510361150862
42.68593576630133
42.86652464051575
43.128243269550545
42.73077422608902
42.57342322574627
42.46853934905622
42.51723381211703
42.51035855991954
42.52914920125326
42.186859147925745
42.443630240855704
42.55290853755246
42.569835452913246
42.32526187555449
42.5426209441382
42.33601688730558
42.46312911618932
42.43172788869588
42.55588524125885
42.404055612962956
42.34036498635197
42.149616817247114
42.069136256522505
42.343810700932444
42.15652113085227
42.031239566455596
42.12895775042626
42.371167401011455
42.09149380049481
42.06208242095811
42.20748071462142
42.16372039823722
42.29073849724309
42.263514172829716
41.9011024963951
42.008624784048884
41.83083984833079
41.929905076717134
42.070791037180406
41.82876077086681
42.06998038044994
41.94732386290588
41.68452075274454
41.86675152083121
41.988103050167354
41.6746602057245
41.45269439652356
41.752081336900645
41.70567241449142
41.490721958298366
41.637537140673935
41.64310009867479
41.811404426040774
41.6215832105334
41.623468720245825
41.55490299366037
41.4347223546751
41.55849833950367
41.413039965861806
41.54062397422543
41.59555169662232
41.313706448607164
41.603430577848776
41.34967621437946
41.437000625640685
41.37795903667941
41.58173568630444
41.192351569117264
41.3309191696986
41.505412464483484
41.63101125224574
41.18876623453413
41.27104543631353
41.38651135283662
41.2959955644722
41.16654410996046
41.18032826885242
41.053509350825856
40.98669094776172
41.20189747494671
41.36559650743069
41.26945217490582
41.012143976602836
40.828870590409004
41.020201901933646
40.870710476203094
40.78714057860986
40.997845559838964
41.109285934468524
40.825078635460265
40.70459268505429
40.77926567761947
40.980360907648375
41.12059781564377
40.668272004429035
40.74797321431693
40.67433280366711
40.70826824076838
40.59014225341552
41.06786319062095
40.7383536884193
40.788890552373694
40.88084669257746
40.5961695682753
40.646005960548905
40.73028132143403
40.57382942796905
40.63582422933222
40.68803766302205
40.85039274558534
40.69934067722152
40.94272632747306
40.548200905817446
40.44656635516022
40.41473446802946
40.51190821911543
40.4231554500096
40.49487296883161
40.535481660518506
40.395801743863295
40.38772464778586
40.443619946917245
40.33631167737567
40.31707468694243
40.39081512406116
40.433859431422164
40.470618578176314
40.2943598448569
40.374395156845026
40.02846448277806
40.494250426323674
40.655720219182534
40.57299047050055
40.39017994387854
40.248265194584796
40.12809418493827
40.20018173748838
40.18865650050025
40.00558986757004
40.00369567620304
40.27415698496777
40.12679587568464
40.02368902951757
40.03734443398875
40.40100107997249
40.12313367902872
40.13340303780188
40.216910805719216
40.04188927712017
40.20605501396472
40.22128766674985
39.935855869243845
40.113999919835884
40.12436350682973
39.759997426076254
39.605307576025545
39.89234709832951
39.951075178517556
39.935201145752075
40.23501307380319
39.988928379105396
39.88350642525582
39.58974934217848
39.70867842956132
39.82144680125974
39.88170864793256
40.05681745600906
39.8145853324186
39.755777191688644
39.93538557372202
39.78343157477831
39.723950712101114
39.50409282505618
39.85666068525311
39.744440261465805
39.74926085022329
39.68422989328763
39.731830955250004
39.83456634476536
39.60878851232356
39.58996135815859
39.56133256035431
39.79514624227453
39.55769806503752
39.6946558595674
39.69586168079241
39.527530746815295
39.49813464138694
39.52723442096412
39.644591718437376
39.536888442203555
39.68600008431345
39.331390141186276
39.35383897535709
39.467805214285825
39.47806464875054
39.57194977847185
39.366874089718735
39.36792987733664
39.43743229151518
39.4304270227703
39.472257866833935
39.60322001307324
39.50236953404378
39.33351783992474
39.490765885369015
39.28866932944609
39.539214181166095
39.10749695795345
39.67171981648993
39.35086351063245
39.48408896602068
39.34300167456406
39.20605278737314
39.40284768604652
39.207581066978705
39.456569927059554
39.298196658359416
39.22014227772189
39.24926098468625
39.34130680276802
39.355133106810925
39.14350238056148
39.16029251447994
39.11845861208876
39.157964488778525
39.06851927788284
39.38564875825813
39.181955935509485
39.12832900620938
39.2547985981854
39.41910066618441
38.98868456432225
39.125993119656435
39.292898411259664
39.152433535060766
39.13984152952678
38.98362222925444
39.05059586573638
39.128419259754644
39.051820237922186
38.941629923466095
38.65814560783623
39.03663410117087
39.038864486817936
38.91619114012503
631.3463726284735
288.9521798022213
215.4717717283968
181.99251886098054
159.41237154310994
145.70907351766618
133.2569428436865
123.69035044012222
116.52746379953479
110.92136403678795
105.27268302607655
101.96429294671098
97.7910027356334
94.77631938903316
92.03935745247533
90.351783672329
87.80151739018501
85.67520212680469
84.09351464826021
82.51887459960454
81.01893168702236
80.20542727920193
78.57437411369357
77.66553864125687
75.80281887821793
75.24256956332326
73.944897729573
73.10990175759522
72.63122303054024
71.93398165819163
70.65536492687819
70.82487280294556
69.47148900510582
68.5787669263249
68.19604601892196
67.40162098814268
67.06467419384714
66.88697852667025
66.30313921786158
65.9464450678363
64.94142518013277
64.80288761711738
64.36044264698174
63.85199543402394
63.461022912770275
63.23392662221824
62.62457584628383
62.1368182673517
61.8867773037342
61.48458576257553
61.397656771616575
61.008176448583754
60.527977987828045
60.038531695593484
59.84047289755971
59.54305605793658
59.39117538420282
58.89794340272176
58.103397176536454
58.618614656431404
58.11800439854528
57.872227935206176
57.456343622245534
57.50801304413472
57.38895949335655
56.84111650101097
56.689253679295874
56.155930164936976
56.00407202488625
55.89582085591657
55.64644182249473
55.404127714869965
55.50714291798659
54.8004045920563
55.17519940579135
54.74451937109877
54.580348546545736
54.321742502478955
54.36853209597619
54.468258965375405
54.0334605859364
53.693024643346604
53.50347511183821
53.38672761495024
53.40283840549237
53.099733892471114
52.72493453627465
52.587581171012374
52.86889342961423
52.43557489354721
52.22255220660663
52.19776181928384
51.9744660150016
51.96158334337131
52.041937480473784
51.799802403730475
51.58284609511182
51.301131244485106
51.20673256852305
51.20875280368786
51.026091623085485
50.84261651794071
51.366781261337145
50.78715289405713
50.65294655283216
50.55900604707167
50.268334565025484
50.38108832787992
49.9790524189434
49.974384886205875
49.72340402245176
49.70980429183821
49.556884054137214
49.40473381142496
49.61095511490186
49.81519915923485
49.43272430691364
49.28476602794718
48.99897055957796
49.121023455351875
49.01656902036385
49.07373008553677
48.74722180939401
48.90015463858094
48.56719833966091
48.70787509772898
48.629917568241915
48.486898091770186
48.426160775228915
48.18375824662235
48.37828810762186
48.43147891081429
48.0632824655032
47.9529820431475
48.01886804136807
48.06218377925781
47.739119474614476
47.71692135910039
47.89870406192383
47.51395945632225
47.562052929144706
47.59867463350377
47.08950499970386
47.09306200441398
47.10893319263366
47.085089901982776
46.947722158617076
46.87977848708012
46.782711734509554
46.99125008711368
46.85188235692529
46.36386478250985
46.5115505550166
46.40458788753214
46.396085635619144
46.42868591212241
46.435904646613686
46.20678862230476
46.06871402231396
46.16679045846138
46.39334761797278
46.5332505113996
46.08598829251239
46.03194394329239
46.08873933201064
45.787957861458715
45.71976563394509
45.598764958391634
45.662743086040976
45.73663057209588
45.74691165622868
45.644476628221
45.4539588663948
45.34233845564681
45.40828481440131
45.337003211676944
45.45233868296928
45.376793502088475
45.38390879905007
45.222500904094396
45.405653736140295
45.16435475117598
45.196442876468005
44.90762735433453
44.85321268449086
44.798837679031465
44.762079602299224
44.68364900449338
44.57917894904417
44.77299679375347
44.908182418004166
44.780621961935616
44.92590927617453
44.643408164676735
44.74115939956698
44.588835435416556
44.434893293568464
44.355562609210324
44.432273327835645
44.416263112061834
44.15178329017808
44.17464816388195
44.55799613530712
44.075274035122845
44.20310333619113
44.04033881557471
44.1308962620523
44.17523178920496
44.0225856660791
44.106808249874
43.98352453035179
43.66894568705817
43.83539942344375
43.83377891586786
43.97324555692924
43.50649002580892
43.86711074394991
43.74843775944009
43.69693587453644
43.858130287819655
43.436870545162684
43.4337372540607
43.5646943192435
43.562373567515124
43.49671066023765
43.54197497976145
43.52148166358657
43.59937576890843
43.58310573944994
43.43274934916232
43.37177616348008
43.15579994682641
43.12835597712245
43.56841739170584
43.27598511814843
43.159644405488294
43.09195831282109
43.16680496958361
43.292201711380585
43.24670925892295
43.17568105526826
42.71513159481285
43.31784652503171
43.04038918009709
43.078727447536906
42.63162808348427
42.67168030702759
42.766106691425875
43.1271152377768
42.62705348339533
42.74616896739188
42.69277263414568
42.70712869650548
42.60944321592257
42.68976155794338
42.87404962285241
42.68870131799311
42.7381959128362
42.33793278441845
42.62340456734761
42.41346175946289
42.65311166942495
42.53722033352683
42.43903875487094
42.42476965725788
42.23555957735949
42.17733072770588
42.31748023292083
42.37690392937519
42.36311465206568
42.42365008223884
42.300831538729156
42.19447816036888
42.39276178713217
42.16243606991522
41.96179847154532
42.1346818848715
42.070734944591564
42.08917803896529
41.88901173353536
42.177493317939856
42.095348278244686
42.103206466166206
41.78230893586458
41.98321951848773
42.286456647705336
41.49599963008045
41.88169060435399
42.007363093913405
41.687374121085924
41.9028652057839
41.726355780680514
41.713144226780145
41.5857927562187
41.80337841147323
41.95037146446417
41.64829261039086
41.835122850910906
41.97058055678915
41.97593600362988
41.53183171316794
41.52047991763371
41.68282342364185
41.48737991953824
41.67325751520897
41.41708505089792
41.365116733760786
41.60714342112035
41.42840138358564
41.40522273695038
41.28340063908719
41.32115950522706
41.49491047008821
41.24275296295856
41.481439865154954
41.43374547959109
41.24109610665191
41.327332694930426
41.20622576824123
41.214521434546405
41.065916944526016
41.13534017249372
41.00916046340882
41.13051506237714
41.04609554270147
41.2521547270639
41.45275050550036
41.00624232110866
41.23912799667789
40.76982711350212
41.05597267372321
41.042568149803415
41.265653769612506
41.044078078901016
40.83294238384461
40.90784273537511
41.01087703133444
41.03385854272407
40.946470034996516
40.8937593774608
40.7504220320111
40.92988682650467
40.58675294332126
41.181418437450354
40.887633092385954
40.71482488520176
40.93633527936372
40.76722629829249
40.76172154687025
40.69413175053955
40.84689480410349
40.45720384662726
40.36413844473733
40.726260033123936
40.71537215733841
40.63336233871322
40.35374673366952
40.72629835965615
40.676478015224546
40.66240583834263
40.61742699285707
40.70538815769042
40.49697736042973
40.62441179185609
40.6556792263263
40.44377846626513
40.40817353682417
40.49854900892942
40.56501639900942
40.354740787331735
40.27495417517536
40.340264262611235
40.41775928143346
40.26404394102766
40.4100850624312
40.3352491390444
40.512170155217476
40.29441260420523
40.32527254507215
40.03445217794779
40.32902973835585
40.470275744710456
40.27815264561996
40.27011245892354
40.121329942928526
40.209298141001405
40.39819645569235
40.37083565867862
40.01159394545406
40.09605471762966
40.41931829220059
40.102332776749904
39.870564764450506
40.081210185197214
40.05250286235323
39.99422187853658
39.99244381118436
40.03910974985154
40.1698697560768
40.025196209553876
40.116484759723654
40.04561154477594
40.10009042406666
39.99367830454869
40.03107349062955
40.06835541473312
39.88316114270291
39.987806440929425
39.92341091641399
40.1247371519217
39.58840009634299
40.053254865906744
40.07873856767006
39.593112589261395
39.7580732818301
40.05238756174212
39.76484395601206
39.57404941052438
39.814178864170024
39.60015375289719
39.712338323023054
39.83576349465311
39.62804332267203
39.53999333529743
39.559459181605135
39.78684584826661
39.82937858874719
39.820017931602585
39.62717147168474
39.69363792467837
39.51038264573085
39.60750856355625
39.50279321052619
39.75482932749343
39.69021786004551
39.6103305005609
39.23242785671661
39.67579389266871
39.47998618357844
39.486049251407415
39.676100471700764
39.44879612373585
39.476498452733445
39.32138752548103
39.31908827430043
39.31803424817197
39.484405568160696
39.26495648770111
39.46867555867527
39.239838135988045
39.25381314084514
39.43076374211258
39.4803634510736
39.41083123058524
39.41996735652491
39.192636639122945
39.184326294301634
39.341469365520645
39.293079480667885
39.354687075801316
39.20849451265574
39.43116220556578
39.20152298034671
39.3277358659726
39.2744085546368
39.073609337335874
39.31594067089781
39.59463188216919
39.20422187890365
39.10784613588274
38.862915184009374
39.01376954003573
39.28208103617627
39.05298588408618
39.26123467328643
39.32975136839767
39.09944509221634
39.26301518576351
39.05312629530032
39.13351956206804
38.95155168597516
39.18243575251804
39.089400206532105
39.08781981887521
38.82631574496128
39.102780066019406
38.671087388239684
39.07071791246265
39.13982718713979
39.12882146357423
39.22207192133446
39.05590143327981
38.94854635700181
38.83566557496435
38.89704662955493
38.850312143426194
38.95796702426933
38.9840427135863
38.77080766857736
38.813377522664744
