0.000 304363.656
163.000 248433.969
326.000 214214.297
489.000 178862.344
652.000 173354.453
815.000 159913.500
978.000 150440.438
1141.000 134741.938
1304.000 128671.469
1467.000 127061.875
1630.000 121810.094
1793.000 122136.391
1956.000 117411.375
2119.000 103515.320
2282.000 105811.773
2445.000 113215.492
2608.000 105516.969
2771.000 105866.008
2934.000 100317.883
3097.000 103920.266
3260.000 98600.586
3423.000 105170.180
3586.000 105766.102
3749.000 99230.570
3912.000 94265.031
4075.000 95918.438
4238.000 98158.844
4401.000 90272.523
4564.000 99815.109
4727.000 91164.195
4890.000 96518.125
5053.000 97777.234
5216.000 87678.703
5379.000 90328.148
5542.000 86265.547
5705.000 99473.055
5868.000 84228.523
6031.000 86143.383
6194.000 93015.633
6357.000 90567.812
6520.000 91720.539
6683.000 88361.734
6846.000 88423.930
7009.000 91227.039
7172.000 96633.258
7335.000 87392.172
7498.000 85347.828
7661.000 89634.867
7824.000 90780.516
7987.000 85702.211
8150.000 94508.930
8313.000 86436.234
8476.000 89448.805
8639.000 88636.820
8802.000 91903.297
8965.000 90415.750
9128.000 87046.859
9291.000 84816.930
9454.000 85875.922
9617.000 89034.906
9780.000 83851.734
9943.000 89534.133
10106.000 96605.578
10269.000 85185.375
10432.000 85887.453
10595.000 85435.359
10758.000 82510.820
10921.000 88929.156
11084.000 81792.992
11247.000 88195.625
11410.000 83686.133
11573.000 92024.383
11736.000 87603.328
11899.000 90697.641
12062.000 81785.109
12225.000 85776.719
12388.000 86435.680
12551.000 91035.469
12714.000 91080.391
12877.000 89155.672
13040.000 87227.281
13203.000 80642.781
13366.000 92923.281
13529.000 92339.438
13692.000 90328.625
13855.000 78995.680
14018.000 83365.047
14181.000 84279.977
14344.000 91012.188
14507.000 93712.812
14670.000 97752.680
14833.000 86572.516
14996.000 88103.961
15159.000 85164.469
15322.000 88749.297
15485.000 86103.203
15648.000 84110.953
15811.000 90082.875
15974.000 84282.812
16137.000 91393.141
16300.000 92844.891
16463.000 84093.977
16626.000 91482.133
16789.000 84754.859
16952.000 86522.484
17115.000 90780.047
17278.000 86983.000
17441.000 82916.078
17604.000 81924.727
17767.000 89904.070
17930.000 86936.789
18093.000 87884.438
18256.000 90744.734
18419.000 90597.203
18582.000 87098.664
18745.000 94046.555
18908.000 91704.633
19071.000 89173.016
19234.000 86618.430
19397.000 93283.281
19560.000 85273.859
19723.000 85548.211
19886.000 86352.312
20049.000 84254.133
20212.000 89965.992
20375.000 88049.906
20538.000 89937.023
20701.000 83931.320
20864.000 87700.867
21027.000 92331.031
21190.000 87966.648
21353.000 88943.641
21516.000 85421.367
21679.000 96127.500
21842.000 91833.586
22005.000 85741.312
22168.000 86857.250
22331.000 88216.812
22494.000 86533.844
22657.000 87327.883
22820.000 87898.312
22983.000 88889.562
23146.000 86355.266
23309.000 89499.109
23472.000 90783.047
23635.000 88253.422
23798.000 85286.000
23961.000 88076.992
24124.000 84180.047
24287.000 91906.312
24450.000 88283.773
24613.000 84695.273
24776.000 80513.352
24939.000 92575.273
25102.000 90774.219
25265.000 93642.422
25428.000 85981.266
25591.000 85598.227
25754.000 85455.289
25917.000 84892.086
26080.000 91822.805
26243.000 85969.922
26406.000 91574.070
26569.000 93350.859
26732.000 91464.891
26895.000 86926.461
27058.000 83131.914
27221.000 88993.820
27384.000 85795.219
27547.000 89565.547
27710.000 86166.875
27873.000 87847.180
28036.000 94215.781
28199.000 90945.000
28362.000 84377.047
28525.000 86268.406
28688.000 91533.523
28851.000 88318.828
29014.000 90668.281
29177.000 88465.992
29340.000 85175.156
29503.000 87929.172
29666.000 89606.836
29829.000 88089.625
29992.000 90392.180
30155.000 93796.125
30318.000 87517.969
30481.000 89476.562
30644.000 85639.453
30807.000 82094.727
30970.000 86749.070
31133.000 86823.070
31296.000 93730.609
31459.000 94193.641
31622.000 83946.398
