0.000 100818.938
164.000 53904.887
328.000 36118.750
492.000 28183.273
656.000 23719.480
820.000 22992.617
984.000 21283.996
1148.000 20520.977
1312.000 18462.086
1476.000 18049.951
1640.000 18386.697
1804.000 17158.701
1968.000 16180.551
2132.000 17462.012
2296.000 16889.098
2460.000 17962.943
2624.000 16635.734
2788.000 15659.538
2952.000 16496.688
3116.000 16174.817
3280.000 15491.814
3444.000 16288.730
3608.000 15564.945
3772.000 16484.980
3936.000 17254.414
4100.000 16781.354
4264.000 16530.441
4428.000 17127.457
4592.000 16480.777
4756.000 15654.747
4920.000 16962.443
5084.000 16459.928
5248.000 15647.383
5412.000 16477.172
5576.000 16563.045
5740.000 15139.193
5904.000 14354.688
6068.000 15877.557
6232.000 16559.410
6396.000 15161.471
6560.000 16296.736
6724.000 15576.999
6888.000 15562.733
7052.000 16001.553
7216.000 15183.915
7380.000 15412.502
7544.000 16213.911
7708.000 15248.072
7872.000 16246.914
8036.000 16833.160
8200.000 16210.491
8364.000 16061.307
8528.000 13798.604
8692.000 16075.582
8856.000 16640.295
9020.000 16224.005
9184.000 16165.848
9348.000 16879.930
9512.000 15966.916
9676.000 18336.852
9840.000 16134.392
10004.000 15796.876
10168.000 17757.865
10332.000 16304.506
10496.000 15160.240
10660.000 15559.130
10824.000 15723.893
10988.000 16432.238
11152.000 16262.582
11316.000 14924.018
11480.000 15974.330
11644.000 15340.209
11808.000 15196.359
11972.000 15559.450
12136.000 15735.873
12300.000 15220.332
12464.000 15353.983
12628.000 15504.402
12792.000 16615.506
12956.000 16443.404
13120.000 15546.760
13284.000 16096.543
13448.000 16472.320
13612.000 14808.373
13776.000 16230.281
13940.000 15609.010
14104.000 16527.658
14268.000 14833.021
14432.000 15680.058
14596.000 16223.223
14760.000 15930.400
14924.000 14039.774
15088.000 15314.455
15252.000 15799.303
15416.000 15938.410
15580.000 14686.209
15744.000 14881.121
15908.000 16696.625
16072.000 14705.372
16236.000 15614.885
16400.000 14539.763
16564.000 15788.039
16728.000 16687.678
16892.000 15135.914
17056.000 16122.307
17220.000 16117.591
17384.000 15441.312
17548.000 15502.713
17712.000 16481.045
17876.000 15854.464
18040.000 15126.445
18204.000 14364.435
18368.000 14619.400
18532.000 15722.902
18696.000 15564.166
18860.000 15349.141
19024.000 15127.215
19188.000 15662.068
19352.000 14069.379
19516.000 15369.993
19680.000 16219.395
19844.000 13635.085
20008.000 15478.203
20172.000 13424.592
20336.000 15355.515
20500.000 15374.650
20664.000 15067.882
20828.000 14875.220
20992.000 14364.480
21156.000 13518.114
21320.000 15414.846
21484.000 15056.554
21648.000 14988.361
21812.000 15767.165
21976.000 14800.326
22140.000 14914.467
22304.000 14478.840
22468.000 14773.857
22632.000 14255.405
22796.000 13918.661
22960.000 15262.487
23124.000 14548.005
23288.000 15580.755
23452.000 14565.325
23616.000 14761.174
23780.000 15221.014
23944.000 14076.088
24108.000 13856.338
24272.000 14280.347
24436.000 15804.890
24600.000 15770.097
24764.000 14437.585
24928.000 15204.817
25092.000 15393.672
25256.000 14877.860
25420.000 14898.473
25584.000 15089.640
25748.000 15060.955
25912.000 15531.819
26076.000 15118.124
26240.000 15283.356
26404.000 14115.189
26568.000 16132.563
26732.000 14343.020
26896.000 15786.146
27060.000 13341.698
27224.000 16204.122
27388.000 14147.119
27552.000 13573.737
27716.000 16211.266
27880.000 14644.906
28044.000 15799.949
28208.000 15380.059
28372.000 15665.873
28536.000 13234.461
28700.000 15809.131
28864.000 13790.805
29028.000 15784.977
29192.000 15905.945
29356.000 14122.971
29520.000 14209.207
29684.000 14835.771
29848.000 16101.803
30012.000 15166.692
30176.000 14072.465
30340.000 13973.090
30504.000 13842.482
30668.000 14876.212
30832.000 13519.483
30996.000 14405.639
31160.000 14396.513
31324.000 16637.199
31488.000 16249.400
31652.000 15095.736
31816.000 13140.775
