Train Loss	Valid Loss	Train Acc.	Valid Acc.	
0.002418	0.476678	15.168000	10.250000	
0.001288	0.003920	16.514000	14.690000	
0.001005	0.002035	25.230000	29.070000	
0.000914	0.001827	31.408000	33.930000	
0.000868	0.001769	35.540000	37.850000	
0.000837	0.001730	38.450000	39.300000	
0.000802	0.001721	40.446000	41.070000	
0.000775	0.001589	42.802000	43.950000	
0.000755	0.001477	44.510000	46.370000	
0.000734	0.001551	46.142000	45.100000	
0.000715	0.001571	47.708000	45.450000	
0.000698	0.001401	49.330000	49.830000	
0.000685	0.001393	50.234000	51.030000	
0.000669	0.001447	51.298000	49.930000	
0.000652	0.001319	52.586000	52.220000	
0.000644	0.001280	53.154000	54.220000	
0.000627	0.001389	54.540000	52.280000	
0.000623	0.001267	55.174000	55.380000	
0.000613	0.001291	55.714000	54.740000	
0.000597	0.001269	56.952000	55.340000	
0.000585	0.001170	57.736000	58.030000	
0.000574	0.001241	58.540000	57.420000	
0.000565	0.001141	59.118000	60.220000	
0.000562	0.001237	59.296000	56.980000	
0.000548	0.001277	60.422000	57.210000	
0.000541	0.001275	60.940000	56.470000	
0.000539	0.001035	61.378000	63.800000	
0.000521	0.001046	62.548000	62.730000	
0.000513	0.001135	63.196000	61.030000	
0.000514	0.001057	63.158000	62.800000	
0.000499	0.001050	64.172000	63.850000	
0.000497	0.001195	64.256000	58.790000	
0.000494	0.001032	64.710000	63.880000	
0.000488	0.000990	64.832000	65.720000	
0.000474	0.001002	65.932000	65.170000	
0.000471	0.000979	66.340000	66.080000	
0.000467	0.000999	66.690000	65.000000	
0.000462	0.000948	67.074000	66.460000	
0.000453	0.000992	67.892000	65.540000	
0.000452	0.000962	67.572000	65.810000	
0.000451	0.000917	67.766000	67.830000	
0.000446	0.000921	67.894000	67.340000	
0.000442	0.000894	68.442000	68.740000	
0.000434	0.000918	69.058000	67.660000	
0.000429	0.000942	69.432000	67.410000	
0.000428	0.000870	69.336000	69.710000	
0.000423	0.000884	70.200000	69.280000	
0.000418	0.000904	70.086000	68.500000	
0.000418	0.000863	70.184000	70.040000	
0.000415	0.000910	70.376000	68.720000	
0.000413	0.000873	70.624000	69.390000	
0.000408	0.000865	70.926000	70.420000	
0.000405	0.000924	70.994000	68.250000	
0.000402	0.000853	71.272000	70.420000	
0.000400	0.000883	71.578000	69.230000	
0.000397	0.000856	71.672000	70.400000	
0.000394	0.000886	71.912000	69.730000	
0.000394	0.001004	71.876000	66.140000	
0.000395	0.000871	71.866000	68.670000	
0.000388	0.000818	72.382000	71.810000	
0.000382	0.000819	72.736000	71.830000	
0.000382	0.000831	72.928000	71.550000	
0.000375	0.000833	73.416000	71.000000	
0.000375	0.000790	73.288000	72.570000	
0.000371	0.000835	73.518000	72.060000	
0.000367	0.000794	73.858000	72.850000	
0.000367	0.000762	74.060000	73.310000	
0.000365	0.000788	74.022000	72.440000	
0.000363	0.000757	74.322000	73.570000	
0.000361	0.000901	74.278000	69.460000	
0.000361	0.000773	74.316000	73.420000	
0.000357	0.000736	74.632000	74.280000	
0.000353	0.000758	75.056000	73.590000	
0.000352	0.000754	75.034000	73.780000	
0.000350	0.000767	75.118000	73.760000	
0.000347	0.000759	75.554000	74.230000	
0.000347	0.000758	75.404000	73.660000	
0.000342	0.000761	75.706000	74.030000	
0.000342	0.000714	75.896000	75.050000	
0.000337	0.000737	76.012000	74.680000	
0.000326	0.000681	76.978000	76.310000	
0.000321	0.000680	77.414000	76.810000	
0.000322	0.000676	77.182000	76.800000	
0.000319	0.000673	77.506000	76.700000	
0.000319	0.000676	77.202000	76.600000	
0.000321	0.000678	77.346000	76.500000	
0.000320	0.000675	77.226000	76.600000	
0.000318	0.000672	77.496000	76.480000	
0.000320	0.000674	77.262000	76.820000	
0.000319	0.000675	77.370000	76.460000	
0.000318	0.000670	77.602000	76.540000	
0.000316	0.000673	77.606000	76.720000	
0.000317	0.000672	77.568000	76.750000	
0.000316	0.000671	77.538000	76.610000	
0.000316	0.000671	77.702000	76.510000	
0.000316	0.000675	77.568000	76.700000	
0.000315	0.000670	77.660000	76.760000	
0.000314	0.000673	77.810000	76.740000	
0.000315	0.000673	77.720000	76.800000	
0.000311	0.000677	77.976000	76.590000	
0.000314	0.000673	77.772000	76.780000	
0.000315	0.000670	77.668000	76.490000	
0.000313	0.000674	77.818000	76.600000	
0.000313	0.000668	78.040000	76.860000	
0.000314	0.000668	77.748000	76.860000	
0.000313	0.000665	77.858000	76.900000	
0.000315	0.000674	77.786000	76.920000	
0.000313	0.000666	77.850000	76.870000	
0.000314	0.000667	77.758000	76.870000	
0.000311	0.000666	77.934000	76.870000	
0.000312	0.000663	77.866000	76.860000	
0.000311	0.000666	77.936000	77.070000	
0.000311	0.000666	78.006000	77.030000	
0.000311	0.000663	78.058000	77.110000	
0.000310	0.000662	77.966000	77.020000	
0.000310	0.000663	78.196000	77.270000	
0.000311	0.000663	78.130000	76.940000	
0.000308	0.000666	78.040000	77.120000	
0.000309	0.000663	78.426000	77.250000	
0.000309	0.000662	78.064000	77.170000	
0.000308	0.000660	78.312000	77.090000	
0.000307	0.000660	78.366000	77.200000	
0.000307	0.000658	78.284000	77.140000	
0.000305	0.000658	78.166000	77.180000	
0.000308	0.000659	78.254000	77.230000	
0.000309	0.000659	78.166000	77.150000	
0.000307	0.000659	78.320000	77.190000	
0.000309	0.000660	78.272000	77.230000	
0.000305	0.000657	78.512000	77.130000	
0.000306	0.000659	78.480000	77.180000	
0.000306	0.000659	78.522000	77.100000	
0.000306	0.000658	78.400000	77.250000	
0.000306	0.000659	78.668000	77.190000	
0.000306	0.000658	78.208000	77.280000	
0.000306	0.000659	78.598000	77.210000	
0.000306	0.000658	78.242000	77.080000	
0.000307	0.000658	78.296000	77.350000	
0.000307	0.000657	78.352000	77.220000	
0.000305	0.000659	78.366000	77.160000	
0.000307	0.000657	78.490000	77.110000	
0.000307	0.000657	78.220000	77.130000	
0.000307	0.000657	78.326000	77.220000	
0.000307	0.000657	78.244000	77.220000	
0.000307	0.000659	78.318000	77.200000	
0.000306	0.000658	78.126000	77.160000	
0.000307	0.000659	78.350000	77.220000	
0.000308	0.000658	78.252000	77.190000	
0.000306	0.000659	78.294000	77.030000	
0.000306	0.000658	78.416000	77.180000	
0.000306	0.000656	78.464000	77.200000	
