Train Loss	Valid Loss	Train Acc.	Valid Acc.	Grad Norm	Noise Record	
0.001060	0.002024	22.754000	25.540000	7.377115	0.001000	
0.000839	0.001590	37.006000	40.980000	4.221554	0.001000	
0.000757	0.001541	43.534000	43.400000	4.158725	0.001000	
0.000684	0.001373	49.736000	49.800000	4.833258	0.001000	
0.000612	0.001238	55.386000	55.350000	5.241494	0.001000	
0.000562	0.001206	59.212000	57.960000	6.139367	0.001000	
0.000513	0.001104	63.180000	62.170000	5.481504	0.001000	
0.000465	0.001102	66.690000	61.470000	5.176280	0.001000	
0.000421	0.000936	69.660000	68.140000	5.108319	0.001000	
0.000387	0.000835	72.660000	71.450000	4.854396	0.001000	
0.000349	0.000947	75.216000	68.920000	4.396255	0.001000	
0.000334	0.000871	76.432000	70.820000	4.699003	0.001000	
0.000313	0.000774	77.864000	74.020000	4.592539	0.001000	
0.000294	0.000851	79.332000	72.310000	4.597641	0.001000	
0.000280	0.000777	80.054000	74.640000	4.530342	0.001000	
0.000263	0.000622	81.414000	78.840000	4.347475	0.001000	
0.000245	0.000658	82.582000	78.150000	4.137771	0.001000	
0.000233	0.000766	83.720000	75.640000	3.956548	0.001000	
0.000220	0.000717	84.470000	77.760000	3.961814	0.001000	
0.000212	0.000554	85.018000	81.330000	3.939764	0.001000	
0.000201	0.000633	85.892000	79.760000	3.887498	0.001000	
0.000192	0.000675	86.538000	78.510000	3.740281	0.001000	
0.000186	0.000621	86.964000	80.670000	3.770898	0.001000	
0.000183	0.000555	87.222000	82.030000	3.787954	0.001000	
0.000172	0.000638	87.912000	80.110000	3.707034	0.001000	
0.000170	0.000558	88.030000	82.450000	3.756099	0.001000	
0.000168	0.000537	88.284000	83.050000	3.786850	0.001000	
0.000158	0.000607	88.972000	80.680000	3.579524	0.001000	
0.000155	0.000471	88.960000	85.040000	3.683867	0.001000	
0.000150	0.000521	89.442000	83.470000	3.576220	0.001000	
0.000148	0.000496	89.434000	84.370000	3.681807	0.001000	
0.000143	0.000712	89.736000	79.930000	3.613475	0.001000	
0.000138	0.000476	90.290000	84.550000	3.424798	0.001000	
0.000134	0.000531	90.566000	83.640000	3.511673	0.001000	
0.000132	0.000570	90.724000	83.320000	3.544450	0.001000	
0.000125	0.000495	91.082000	84.820000	3.358186	0.001000	
0.000123	0.000472	91.214000	85.190000	3.358917	0.001000	
0.000118	0.000693	91.566000	80.580000	3.308771	0.001000	
0.000116	0.000464	91.948000	85.590000	3.261832	0.001000	
0.000114	0.000494	91.920000	84.910000	3.315744	0.001000	
0.000115	0.000538	91.858000	84.170000	3.560825	0.001000	
0.000112	0.000465	92.084000	86.230000	3.432108	0.001000	
0.000108	0.000462	92.512000	86.380000	3.265736	0.001000	
0.000105	0.000517	92.662000	85.080000	3.223637	0.001000	
0.000101	0.000464	92.898000	86.490000	3.179507	0.001000	
0.000100	0.000581	92.922000	83.770000	3.273027	0.001000	
0.000102	0.000571	92.776000	83.720000	3.341488	0.001000	
0.000099	0.000441	92.906000	86.420000	3.345088	0.001000	
0.000095	0.000502	93.246000	85.550000	3.222032	0.001000	
0.000095	0.000494	93.204000	85.720000	3.290322	0.001000	
0.000094	0.000539	93.350000	85.130000	3.229078	0.001000	
0.000092	0.000550	93.416000	85.210000	3.318586	0.001000	
0.000087	0.000487	93.836000	86.010000	3.056131	0.001000	
0.000086	0.000531	93.884000	85.290000	3.093859	0.001000	
0.000091	0.000522	93.506000	85.680000	3.379303	0.001000	
0.000088	0.000574	93.768000	85.410000	3.308027	0.001000	
0.000085	0.000540	93.856000	85.620000	3.251161	0.001000	
0.000084	0.000593	93.988000	84.460000	3.129504	0.001000	
0.000083	0.000572	94.032000	84.930000	3.210527	0.001000	
0.000080	0.000540	94.212000	85.320000	3.123838	0.001000	
0.000078	0.000440	94.500000	88.090000	3.062600	0.001000	
0.000077	0.000504	94.458000	86.700000	3.119414	0.001000	
0.000076	0.000462	94.546000	87.280000	3.005271	0.001000	
0.000072	0.000513	94.934000	86.500000	2.942693	0.001000	
0.000074	0.000467	94.656000	88.050000	3.088851	0.001000	
0.000074	0.000555	94.674000	85.380000	3.018053	0.001000	
0.000073	0.000469	94.700000	87.420000	3.089941	0.001000	
0.000071	0.000457	94.884000	87.760000	3.072818	0.001000	
0.000068	0.000501	95.126000	86.930000	2.974840	0.001000	
0.000069	0.000512	95.042000	86.560000	3.071195	0.001000	
0.000069	0.000587	95.086000	85.890000	3.056018	0.001000	
0.000067	0.000545	95.194000	86.010000	2.978520	0.001000	
0.000064	0.000531	95.444000	86.430000	2.866510	0.001000	
0.000064	0.000527	95.342000	86.550000	2.902640	0.001000	
0.000065	0.000523	95.336000	87.040000	2.994185	0.001000	
0.000063	0.000558	95.492000	86.340000	2.879883	0.001000	
0.000063	0.000509	95.412000	86.870000	2.999951	0.001000	
0.000063	0.000456	95.474000	87.570000	2.960029	0.001000	
0.000060	0.000495	95.622000	87.560000	2.833224	0.001000	
0.000060	0.000487	95.704000	87.240000	2.928442	0.001000	
0.000046	0.000398	96.766000	89.570000	2.309383	0.000100	
0.000040	0.000388	97.256000	89.810000	1.992774	0.000100	
0.000037	0.000389	97.510000	89.880000	1.945290	0.000100	
0.000036	0.000394	97.612000	89.920000	1.944443	0.000100	
0.000035	0.000395	97.650000	89.720000	1.946042	0.000100	
0.000035	0.000393	97.670000	89.780000	1.931505	0.000100	
0.000034	0.000389	97.746000	90.010000	1.944058	0.000100	
0.000033	0.000393	97.748000	90.040000	1.919845	0.000100	
0.000031	0.000394	97.928000	89.980000	1.874393	0.000100	
0.000032	0.000397	97.836000	90.030000	1.944128	0.000100	
0.000030	0.000397	97.978000	90.000000	1.889113	0.000100	
0.000030	0.000401	98.038000	89.900000	1.861472	0.000100	
0.000029	0.000403	98.028000	89.810000	1.868518	0.000100	
0.000029	0.000404	98.138000	90.130000	1.848360	0.000100	
0.000028	0.000407	98.108000	89.830000	1.827085	0.000100	
0.000028	0.000404	98.150000	89.880000	1.865825	0.000100	
0.000027	0.000411	98.186000	90.030000	1.864790	0.000100	
0.000027	0.000406	98.170000	89.930000	1.853896	0.000100	
0.000027	0.000406	98.208000	90.040000	1.881148	0.000100	
0.000027	0.000406	98.232000	90.120000	1.862936	0.000100	
0.000026	0.000409	98.296000	90.070000	1.820517	0.000100	
0.000026	0.000413	98.218000	90.000000	1.869959	0.000100	
0.000026	0.000415	98.192000	90.090000	1.869165	0.000100	
0.000025	0.000412	98.266000	90.040000	1.852966	0.000100	
0.000025	0.000415	98.318000	90.150000	1.843472	0.000100	
0.000025	0.000419	98.318000	90.120000	1.858687	0.000100	
0.000025	0.000419	98.282000	90.100000	1.908455	0.000100	
0.000024	0.000421	98.386000	90.140000	1.854965	0.000100	
0.000024	0.000420	98.422000	90.020000	1.837407	0.000100	
0.000023	0.000428	98.496000	89.880000	1.825074	0.000100	
0.000024	0.000430	98.442000	90.080000	1.856864	0.000100	
0.000023	0.000426	98.536000	90.040000	1.823303	0.000100	
0.000022	0.000427	98.574000	90.090000	1.772608	0.000100	
0.000022	0.000429	98.570000	90.170000	1.808892	0.000100	
0.000022	0.000432	98.570000	90.100000	1.824057	0.000100	
0.000022	0.000430	98.544000	90.160000	1.815950	0.000100	
0.000022	0.000431	98.572000	90.050000	1.821211	0.000100	
0.000021	0.000437	98.588000	90.130000	1.814071	0.000100	
0.000021	0.000445	98.604000	89.940000	1.807072	0.000100	
0.000019	0.000436	98.736000	90.110000	1.744254	0.000100	
0.000020	0.000437	98.706000	90.040000	1.750637	0.000010	
0.000019	0.000434	98.750000	90.110000	1.717668	0.000010	
0.000019	0.000437	98.798000	89.990000	1.703743	0.000010	
0.000019	0.000437	98.732000	90.060000	1.716068	0.000010	
0.000020	0.000435	98.720000	89.980000	1.735908	0.000010	
0.000019	0.000435	98.762000	90.020000	1.723100	0.000010	
0.000019	0.000437	98.756000	90.060000	1.722605	0.000010	
0.000019	0.000434	98.778000	90.090000	1.701077	0.000010	
0.000019	0.000432	98.856000	90.030000	1.663971	0.000010	
0.000020	0.000435	98.732000	90.050000	1.734774	0.000010	
0.000019	0.000436	98.734000	90.070000	1.733033	0.000010	
0.000019	0.000435	98.740000	90.130000	1.725884	0.000010	
0.000019	0.000437	98.814000	90.060000	1.702396	0.000010	
0.000019	0.000435	98.778000	90.080000	1.671843	0.000010	
0.000019	0.000435	98.762000	90.040000	1.735422	0.000010	
0.000019	0.000436	98.772000	90.100000	1.721094	0.000010	
0.000018	0.000435	98.848000	90.020000	1.695388	0.000010	
0.000019	0.000437	98.794000	89.950000	1.697825	0.000010	
0.000019	0.000435	98.830000	90.120000	1.704085	0.000010	
0.000019	0.000435	98.738000	90.000000	1.741568	0.000010	
0.000019	0.000438	98.802000	89.950000	1.717445	0.000010	
0.000018	0.000436	98.836000	90.050000	1.691081	0.000010	
0.000019	0.000436	98.786000	89.980000	1.737887	0.000010	
0.000019	0.000437	98.756000	90.030000	1.728345	0.000010	
0.000019	0.000436	98.780000	90.080000	1.703484	0.000010	
0.000020	0.000437	98.714000	90.100000	1.798439	0.000010	
0.000019	0.000437	98.714000	90.050000	1.752633	0.000010	
0.000019	0.000436	98.728000	90.110000	1.706011	0.000010	
0.000019	0.000437	98.742000	90.010000	1.735670	0.000010	
0.000018	0.000436	98.854000	89.980000	1.675387	0.000010	
