Train Loss	Valid Loss	Train Acc.	Valid Acc.	Grad Norm	Noise Record	
0.000487	547.073219	13.708000	10.000000	22.865417	0.000000	
0.000351	12.380988	10.954000	10.460000	2.545802	0.000000	
0.000324	0.601040	13.104000	9.500000	1.353305	0.000000	
0.000305	0.014375	18.112000	9.440000	1.191637	0.000000	
0.000291	0.004156	21.098000	17.170000	0.954160	0.000000	
0.000283	0.002708	23.200000	20.110000	1.058922	0.000000	
0.000276	0.001997	24.796000	25.490000	1.111664	0.000000	
0.000269	0.001903	26.242000	26.910000	1.343460	0.000000	
0.000264	0.001864	27.408000	29.360000	1.952463	0.000000	
0.000256	0.001846	29.610000	29.330000	1.690240	0.000000	
0.000253	0.001811	30.932000	30.900000	2.365633	0.000000	
0.000247	0.001798	32.474000	31.170000	2.079004	0.000000	
0.000246	0.001930	32.732000	29.060000	3.480666	0.000000	
0.000244	0.001889	34.094000	31.750000	3.302782	0.000000	
0.000237	0.001890	35.608000	33.450000	2.564246	0.000000	
0.000230	0.001733	37.694000	36.300000	2.298702	0.000000	
0.000229	0.002047	38.538000	30.980000	3.034722	0.000000	
0.000225	0.001664	38.358000	37.790000	3.185418	0.000000	
0.000218	0.001608	40.630000	39.530000	2.575975	0.000000	
0.000213	0.001611	42.486000	39.290000	2.293629	0.000000	
0.000212	0.001541	43.800000	42.590000	3.106101	0.000000	
0.000204	0.001492	45.336000	42.890000	2.846586	0.000000	
0.000200	0.001548	47.022000	42.470000	3.172151	0.000000	
0.000196	0.001466	48.554000	45.020000	3.451292	0.000000	
0.000192	0.001412	49.142000	47.670000	3.214438	0.000000	
0.000190	0.001495	49.726000	45.550000	3.683337	0.000000	
0.000189	0.002004	50.376000	38.280000	4.117426	0.000000	
0.000186	0.001488	50.830000	45.900000	3.588328	0.000000	
0.000180	0.001472	52.752000	46.590000	3.289784	0.000000	
0.000178	0.001346	53.600000	51.640000	3.805733	0.000000	
0.000171	0.001389	54.828000	49.720000	3.471816	0.000000	
0.000170	0.001435	55.634000	48.000000	3.681205	0.000000	
0.000165	0.001588	56.728000	46.110000	3.445818	0.000000	
0.000174	0.001341	54.422000	52.640000	5.557334	0.000000	
0.000164	0.001217	57.096000	56.300000	3.258644	0.000000	
0.000157	0.001293	59.006000	54.610000	3.344383	0.000000	
0.000154	0.001261	60.420000	56.090000	3.496079	0.000000	
0.000151	0.001419	61.188000	53.780000	4.198590	0.000000	
0.000148	0.001246	62.082000	55.500000	4.172109	0.000000	
0.000145	0.001135	62.714000	60.170000	4.182823	0.000000	
0.000141	0.001192	63.748000	58.640000	3.804771	0.000000	
0.000138	0.001488	64.728000	50.530000	4.143393	0.000000	
0.000130	0.001165	66.806000	60.950000	3.013559	0.000000	
0.000151	0.001584	61.532000	47.230000	5.734454	0.000000	
0.000146	0.001305	62.488000	53.950000	4.171022	0.000000	
0.000133	0.001252	65.578000	60.100000	3.611232	0.000000	
0.000127	0.001227	67.902000	61.620000	3.161142	0.000000	
0.000120	0.001197	69.358000	60.990000	3.034581	0.000000	
0.000119	0.001128	69.662000	61.520000	3.998505	0.000000	
0.000113	0.001120	71.238000	63.050000	3.361755	0.000000	
0.000111	0.000997	71.834000	65.290000	3.623467	0.000000	
0.000109	0.000884	72.264000	69.130000	3.818876	0.000000	
0.000106	0.001097	73.162000	63.730000	3.712058	0.000000	
0.000105	0.000891	72.942000	69.430000	4.059175	0.000000	
0.000101	0.000878	74.260000	70.230000	3.502615	0.000000	
0.000099	0.001098	75.236000	64.870000	3.642342	0.000000	
0.000096	0.000877	75.346000	69.830000	3.832355	0.000000	
0.000095	0.000882	76.052000	70.020000	3.807593	0.000000	
0.000093	0.000775	76.738000	73.500000	3.650360	0.000000	
0.000090	0.001041	77.088000	66.730000	3.585725	0.000000	
0.000089	0.000912	76.986000	70.840000	4.006342	0.000000	
0.000085	0.000908	78.656000	70.420000	3.193495	0.000000	
0.000084	0.000848	78.842000	70.720000	3.466724	0.000000	
0.000081	0.000763	79.690000	74.590000	3.060415	0.000000	
0.000080	0.000772	79.694000	74.690000	3.541127	0.000000	
0.000077	0.000950	80.724000	70.370000	3.297934	0.000000	
0.000075	0.000787	81.416000	74.460000	3.335659	0.000000	
0.000074	0.000789	81.374000	74.730000	3.098243	0.000000	
0.000074	0.000871	81.860000	71.580000	3.251806	0.000000	
0.000073	0.000766	81.576000	75.140000	3.530480	0.000000	
0.000071	0.000924	82.298000	71.490000	3.185202	0.000000	
0.000069	0.000684	83.148000	77.120000	3.152404	0.000000	
0.000067	0.000737	83.320000	76.280000	3.230618	0.000000	
0.000065	0.000802	83.818000	74.430000	3.238969	0.000000	
0.000066	0.000629	83.706000	79.620000	3.311166	0.000000	
0.000062	0.000647	84.392000	78.670000	3.130872	0.000000	
0.000062	0.000699	84.362000	76.920000	3.263322	0.000000	
0.000061	0.000711	85.052000	76.790000	3.034387	0.000000	
0.000059	0.000721	85.218000	77.440000	3.125098	0.000000	
0.000056	0.000624	85.868000	79.690000	2.886650	0.000000	
0.000054	0.000486	86.534000	83.670000	2.824273	0.000000	
0.000049	0.000482	87.808000	83.840000	2.128676	0.000000	
0.000047	0.000469	88.442000	84.350000	1.937731	0.000000	
0.000045	0.000449	88.672000	84.800000	1.749947	0.000000	
0.000045	0.000457	88.926000	84.710000	1.706227	0.000000	
0.000044	0.000451	89.034000	85.070000	1.743161	0.000000	
0.000043	0.000446	89.202000	85.190000	1.733006	0.000000	
0.000044	0.000446	89.352000	84.810000	1.846851	0.000000	
0.000043	0.000449	89.336000	84.940000	1.932401	0.000000	
0.000043	0.000456	89.556000	85.220000	1.792867	0.000000	
0.000042	0.000450	89.636000	85.290000	1.897138	0.000000	
0.000042	0.000451	89.628000	85.120000	1.815719	0.000000	
0.000041	0.000451	89.736000	85.410000	1.808720	0.000000	
0.000041	0.000456	89.966000	85.120000	1.892761	0.000000	
0.000041	0.000452	89.974000	85.290000	1.983742	0.000000	
0.000041	0.000444	90.112000	85.500000	1.996264	0.000000	
0.000040	0.000454	90.110000	85.360000	1.852880	0.000000	
0.000039	0.000447	90.144000	85.480000	1.944849	0.000000	
0.000039	0.000450	90.260000	85.060000	2.013391	0.000000	
0.000040	0.000451	90.184000	85.530000	2.152101	0.000000	
0.000039	0.000448	90.278000	85.590000	2.144516	0.000000	
0.000040	0.000452	90.104000	85.260000	2.128980	0.000000	
0.000038	0.000452	90.360000	85.370000	1.978382	0.000000	
0.000038	0.000456	90.612000	85.280000	1.988005	0.000000	
0.000038	0.000455	90.562000	85.370000	2.038182	0.000000	
0.000038	0.000452	90.670000	85.540000	2.039919	0.000000	
0.000038	0.000453	90.584000	85.520000	2.144950	0.000000	
0.000037	0.000456	90.860000	85.210000	2.168040	0.000000	
0.000038	0.000459	90.634000	85.110000	2.309632	0.000000	
0.000038	0.000459	90.656000	85.510000	2.377343	0.000000	
0.000036	0.000453	90.916000	85.460000	2.176429	0.000000	
0.000036	0.000464	91.142000	85.380000	2.282740	0.000000	
0.000036	0.000457	91.092000	85.360000	2.193707	0.000000	
0.000036	0.000463	91.250000	85.520000	2.237894	0.000000	
0.000036	0.000451	91.138000	85.910000	2.291816	0.000000	
0.000035	0.000458	91.266000	85.540000	2.206133	0.000000	
0.000036	0.000466	91.260000	85.530000	2.261855	0.000000	
0.000035	0.000467	91.328000	85.370000	2.408955	0.000000	
0.000036	0.000450	91.268000	85.770000	2.414530	0.000000	
0.000035	0.000460	91.448000	85.410000	2.315163	0.000000	
0.000033	0.000449	91.696000	85.720000	2.084003	0.000000	
0.000035	0.000444	91.706000	85.850000	2.156445	0.000000	
0.000034	0.000444	91.794000	86.020000	1.950248	0.000000	
0.000033	0.000444	91.818000	86.000000	1.938031	0.000000	
0.000032	0.000444	91.918000	85.950000	1.875513	0.000000	
0.000033	0.000444	91.780000	86.050000	1.988420	0.000000	
0.000033	0.000443	91.826000	86.020000	1.996027	0.000000	
0.000033	0.000442	91.924000	85.980000	1.976024	0.000000	
0.000033	0.000441	92.016000	86.010000	1.948328	0.000000	
0.000033	0.000442	91.932000	86.020000	1.962000	0.000000	
0.000033	0.000443	91.956000	85.950000	1.970864	0.000000	
0.000034	0.000444	91.762000	85.900000	1.946201	0.000000	
0.000033	0.000444	91.972000	85.830000	2.016578	0.000000	
0.000033	0.000444	91.950000	85.830000	1.878258	0.000000	
0.000033	0.000444	91.888000	85.900000	2.043532	0.000000	
0.000033	0.000444	92.062000	86.020000	2.034360	0.000000	
0.000033	0.000445	92.002000	86.050000	1.934960	0.000000	
0.000032	0.000444	92.086000	85.940000	1.922360	0.000000	
0.000032	0.000443	91.990000	85.900000	1.897034	0.000000	
0.000032	0.000442	92.072000	86.010000	1.917907	0.000000	
0.000032	0.000444	92.006000	86.140000	1.923478	0.000000	
0.000033	0.000444	91.934000	86.050000	2.070812	0.000000	
0.000033	0.000445	92.044000	86.020000	1.966762	0.000000	
0.000033	0.000446	92.142000	86.050000	2.006939	0.000000	
0.000031	0.000444	92.064000	86.170000	1.833074	0.000000	
0.000033	0.000444	92.094000	86.110000	2.017760	0.000000	
0.000033	0.000445	91.906000	86.060000	1.980744	0.000000	
0.000032	0.000445	92.252000	85.970000	2.021509	0.000000	
0.000032	0.000445	92.054000	86.050000	1.976309	0.000000	
0.000032	0.000444	92.054000	86.130000	1.964722	0.000000	
