Train Loss	Valid Loss	Train Acc.	Valid Acc.	Grad Norm	Noise Record	
0.000715	26.680307	13.992000	10.030000	14.631252	0.000000	
0.000558	0.033546	21.428000	11.640000	2.223821	0.000000	
0.000517	0.002164	24.660000	23.030000	1.649383	0.000000	
0.000496	0.001965	28.330000	26.310000	1.655447	0.000000	
0.000472	0.001810	31.498000	30.900000	1.694512	0.000000	
0.000445	0.001745	35.380000	33.400000	2.049201	0.000000	
0.000427	0.001877	38.034000	33.930000	3.343940	0.000000	
0.000409	0.001756	40.856000	35.040000	3.188805	0.000000	
0.000395	0.001641	43.770000	40.690000	4.037514	0.000000	
0.000382	0.001557	45.158000	44.000000	3.821643	0.000000	
0.000365	0.001500	48.132000	44.330000	3.545326	0.000000	
0.000355	0.001598	50.028000	43.300000	4.049935	0.000000	
0.000340	0.001651	52.080000	42.750000	3.928049	0.000000	
0.000333	0.001252	53.404000	54.810000	4.426686	0.000000	
0.000327	0.001547	54.578000	45.750000	4.555190	0.000000	
0.000311	0.001307	56.220000	53.590000	3.791156	0.000000	
0.000297	0.001267	58.694000	55.560000	4.822584	0.000000	
0.000279	0.001311	61.242000	54.680000	4.617893	0.000000	
0.000271	0.001133	62.652000	60.590000	4.347524	0.000000	
0.000254	0.002139	65.178000	44.020000	4.470540	0.000000	
0.000271	0.001217	62.796000	57.480000	4.756796	0.000000	
0.000241	0.001295	67.062000	57.890000	3.589778	0.000000	
0.000228	0.001058	68.856000	63.100000	4.006657	0.000000	
0.000216	0.000889	70.350000	68.840000	3.605408	0.000000	
0.000212	0.000941	70.704000	67.940000	4.229460	0.000000	
0.000202	0.000862	72.510000	69.580000	3.784209	0.000000	
0.000197	0.000865	73.182000	70.530000	3.839383	0.000000	
0.000250	0.001097	66.206000	62.590000	5.406206	0.000000	
0.000216	0.000957	70.346000	66.900000	3.861984	0.000000	
0.000193	0.000976	73.916000	66.500000	3.339943	0.000000	
0.000181	0.000810	75.276000	72.190000	3.666544	0.000000	
0.000169	0.000821	77.030000	72.050000	3.349093	0.000000	
0.000163	0.000790	78.016000	73.400000	3.455740	0.000000	
0.000157	0.000742	78.648000	75.020000	3.578507	0.000000	
0.000151	0.000771	79.620000	74.630000	3.812522	0.000000	
0.000145	0.000649	80.214000	77.400000	3.639856	0.000000	
0.000142	0.000744	80.780000	75.380000	3.505666	0.000000	
0.000136	0.000691	81.536000	77.200000	3.573287	0.000000	
0.000131	0.000677	82.058000	78.030000	3.612061	0.000000	
0.000127	0.000670	82.710000	78.070000	3.710109	0.000000	
0.000123	0.000724	83.342000	77.130000	3.601247	0.000000	
0.000119	0.000580	83.814000	80.580000	3.650778	0.000000	
0.000116	0.000612	84.404000	78.900000	3.721112	0.000000	
0.000108	0.000607	85.240000	79.410000	3.237518	0.000000	
0.000104	0.000591	85.884000	80.460000	3.432542	0.000000	
0.000104	0.000661	85.868000	78.250000	3.707510	0.000000	
0.000098	0.000574	86.664000	80.880000	3.340838	0.000000	
0.000095	0.000736	87.100000	76.350000	3.322774	0.000000	
0.000093	0.000664	87.288000	78.470000	3.450518	0.000000	
0.000090	0.000612	87.922000	80.510000	3.503392	0.000000	
0.000089	0.000626	88.132000	78.980000	3.520668	0.000000	
0.000087	0.000610	88.040000	80.790000	3.569134	0.000000	
0.000083	0.000581	88.900000	81.860000	3.336100	0.000000	
0.000079	0.000591	89.270000	81.500000	3.309892	0.000000	
0.000077	0.000529	89.622000	83.790000	3.385386	0.000000	
0.000072	0.000569	90.346000	82.510000	3.150440	0.000000	
0.000070	0.000662	90.490000	80.410000	3.259324	0.000000	
0.000068	0.000492	90.728000	83.790000	3.163409	0.000000	
0.000064	0.000658	91.272000	80.750000	3.230853	0.000000	
0.000065	0.000567	91.188000	83.120000	3.348382	0.000000	
0.000063	0.000565	91.356000	83.700000	3.237308	0.000000	
0.000059	0.000530	91.892000	83.590000	3.250064	0.000000	
0.000058	0.000566	92.158000	83.750000	3.253507	0.000000	
0.000055	0.000513	92.516000	85.180000	3.100548	0.000000	
0.000052	0.000563	92.980000	84.260000	2.877996	0.000000	
0.000049	0.000578	93.368000	83.600000	2.969689	0.000000	
0.000048	0.000576	93.550000	83.700000	3.072916	0.000000	
0.000049	0.000566	93.286000	84.060000	3.243314	0.000000	
0.000049	0.000571	93.266000	84.560000	3.289280	0.000000	
0.000045	0.000556	93.842000	84.470000	2.964096	0.000000	
0.000044	0.000650	94.008000	82.680000	3.207176	0.000000	
0.000043	0.000544	93.944000	84.880000	3.123809	0.000000	
0.000038	0.000581	94.802000	84.990000	2.872842	0.000000	
0.000039	0.000564	94.760000	84.680000	3.008660	0.000000	
0.000037	0.000631	94.750000	83.750000	2.932020	0.000000	
0.000037	0.000628	94.810000	84.080000	3.080880	0.000000	
0.000036	0.000669	94.958000	83.450000	3.073098	0.000000	
0.000034	0.000574	95.368000	84.630000	2.795829	0.000000	
0.000036	0.000568	95.108000	85.130000	3.100239	0.000000	
0.000032	0.000540	95.528000	85.830000	2.684695	0.000000	
0.000024	0.000461	96.732000	87.550000	2.104974	0.000000	
0.000019	0.000428	97.644000	88.410000	1.606424	0.000000	
0.000016	0.000422	98.074000	88.610000	1.438628	0.000000	
0.000015	0.000427	98.212000	88.340000	1.388269	0.000000	
0.000014	0.000430	98.364000	88.610000	1.328888	0.000000	
0.000014	0.000431	98.440000	88.400000	1.366243	0.000000	
0.000013	0.000435	98.466000	88.640000	1.302049	0.000000	
0.000013	0.000436	98.538000	88.490000	1.350815	0.000000	
0.000012	0.000440	98.582000	88.400000	1.333428	0.000000	
0.000012	0.000441	98.652000	88.530000	1.339848	0.000000	
0.000011	0.000441	98.698000	88.460000	1.299291	0.000000	
0.000011	0.000451	98.768000	88.450000	1.284213	0.000000	
0.000011	0.000450	98.842000	88.530000	1.272420	0.000000	
0.000010	0.000450	98.990000	88.660000	1.231396	0.000000	
0.000010	0.000452	98.892000	88.590000	1.298927	0.000000	
0.000009	0.000455	98.990000	88.700000	1.274077	0.000000	
0.000009	0.000461	99.028000	88.350000	1.186910	0.000000	
0.000009	0.000464	99.036000	88.510000	1.265955	0.000000	
0.000009	0.000461	99.012000	88.420000	1.290027	0.000000	
0.000008	0.000464	99.072000	88.580000	1.212025	0.000000	
0.000008	0.000466	99.130000	88.430000	1.194855	0.000000	
0.000008	0.000467	99.098000	88.540000	1.265232	0.000000	
0.000008	0.000469	99.114000	88.760000	1.261882	0.000000	
0.000008	0.000474	99.186000	88.610000	1.209843	0.000000	
0.000008	0.000476	99.244000	88.720000	1.240532	0.000000	
0.000008	0.000476	99.178000	88.650000	1.234976	0.000000	
0.000008	0.000481	99.210000	88.620000	1.281718	0.000000	
0.000007	0.000476	99.298000	88.620000	1.227795	0.000000	
0.000007	0.000480	99.278000	88.460000	1.257647	0.000000	
0.000007	0.000483	99.240000	88.640000	1.276102	0.000000	
0.000007	0.000487	99.202000	88.520000	1.199686	0.000000	
0.000006	0.000488	99.348000	88.560000	1.173822	0.000000	
0.000006	0.000497	99.318000	88.570000	1.186462	0.000000	
0.000007	0.000495	99.268000	88.440000	1.264038	0.000000	
0.000006	0.000496	99.330000	88.550000	1.232676	0.000000	
0.000006	0.000496	99.322000	88.570000	1.268775	0.000000	
0.000006	0.000500	99.362000	88.600000	1.205037	0.000000	
0.000006	0.000501	99.410000	88.670000	1.150758	0.000000	
0.000006	0.000501	99.412000	88.550000	1.243358	0.000000	
0.000006	0.000500	99.468000	88.580000	1.142812	0.000000	
0.000005	0.000498	99.460000	88.600000	1.093142	0.000000	
0.000006	0.000499	99.460000	88.580000	1.144486	0.000000	
0.000005	0.000500	99.480000	88.630000	1.109367	0.000000	
0.000006	0.000500	99.470000	88.600000	1.177576	0.000000	
0.000006	0.000500	99.478000	88.660000	1.121030	0.000000	
0.000006	0.000501	99.502000	88.660000	1.157559	0.000000	
0.000005	0.000500	99.514000	88.690000	1.080099	0.000000	
0.000005	0.000500	99.550000	88.630000	1.043985	0.000000	
0.000005	0.000500	99.518000	88.680000	1.080753	0.000000	
0.000005	0.000502	99.544000	88.570000	1.079262	0.000000	
0.000005	0.000502	99.500000	88.640000	1.072547	0.000000	
0.000005	0.000502	99.526000	88.620000	1.087113	0.000000	
0.000005	0.000503	99.534000	88.640000	1.098705	0.000000	
0.000005	0.000503	99.530000	88.620000	1.069604	0.000000	
0.000005	0.000500	99.518000	88.610000	1.054532	0.000000	
0.000005	0.000501	99.516000	88.660000	1.089525	0.000000	
0.000005	0.000502	99.540000	88.690000	1.096963	0.000000	
0.000005	0.000502	99.574000	88.600000	1.016325	0.000000	
0.000005	0.000504	99.522000	88.650000	1.063695	0.000000	
0.000005	0.000502	99.556000	88.610000	1.024128	0.000000	
0.000005	0.000503	99.550000	88.610000	1.053677	0.000000	
0.000005	0.000504	99.562000	88.730000	1.056782	0.000000	
0.000005	0.000503	99.554000	88.530000	1.022978	0.000000	
0.000005	0.000506	99.522000	88.550000	1.068298	0.000000	
0.000005	0.000502	99.556000	88.660000	1.033750	0.000000	
0.000005	0.000504	99.606000	88.700000	1.078956	0.000000	
0.000005	0.000504	99.560000	88.620000	1.049600	0.000000	
0.000005	0.000502	99.542000	88.540000	1.069100	0.000000	
0.000005	0.000502	99.542000	88.720000	1.081272	0.000000	
0.000005	0.000503	99.578000	88.670000	1.015148	0.000000	
