Train Loss	Valid Loss	Train Acc.	Valid Acc.	Grad Norm	Noise Record	
0.000764	1191.272500	11.992000	10.000000	14.147358	0.000010	
0.000660	0.030039	11.768000	9.470000	2.045521	0.000010	
0.000562	0.002727	18.284000	16.870000	0.985435	0.000010	
0.000527	0.002277	21.236000	16.930000	1.839315	0.000010	
0.000503	0.002205	24.698000	19.740000	1.387437	0.000010	
0.000488	0.001902	26.548000	24.270000	2.417752	0.000010	
0.000474	0.001894	28.754000	25.300000	2.673067	0.000010	
0.000458	0.001961	31.314000	28.110000	2.445940	0.000010	
0.000468	0.001842	31.818000	31.350000	2.745133	0.000010	
0.000437	0.001768	35.842000	33.610000	1.833325	0.000010	
0.000420	0.001801	38.602000	35.180000	2.204719	0.000010	
0.000408	0.001575	40.880000	40.450000	2.474229	0.000010	
0.000392	0.001497	43.532000	44.440000	2.611814	0.000010	
0.000380	0.001562	45.750000	42.700000	3.008541	0.000010	
0.000371	0.001495	47.456000	45.120000	3.448394	0.000010	
0.000372	0.001869	47.336000	40.710000	4.258227	0.000010	
0.000363	0.001490	48.844000	46.300000	3.409741	0.000010	
0.000340	0.001403	52.164000	50.270000	2.770585	0.000010	
0.000328	0.001327	53.858000	53.080000	3.389351	0.000010	
0.000315	0.001288	55.918000	53.990000	3.113014	0.000010	
0.000311	0.001348	56.920000	52.700000	3.700220	0.000010	
0.000298	0.001185	58.406000	58.360000	3.467244	0.000010	
0.000283	0.001247	60.548000	56.510000	3.427047	0.000010	
0.000272	0.001256	62.422000	56.940000	3.408198	0.000010	
0.000264	0.001166	63.440000	58.390000	3.753793	0.000010	
0.000254	0.001140	65.136000	61.210000	3.726557	0.000010	
0.000248	0.001193	66.134000	58.330000	3.798936	0.000010	
0.000241	0.001105	66.976000	63.010000	3.821786	0.000010	
0.000227	0.001071	69.034000	63.050000	3.232904	0.000010	
0.000230	0.000980	68.656000	65.920000	4.152970	0.000010	
0.000213	0.000999	70.812000	66.300000	3.278178	0.000010	
0.000206	0.001038	71.928000	65.330000	3.334947	0.000010	
0.000200	0.000947	72.808000	67.570000	3.389200	0.000010	
0.000190	0.000903	73.868000	69.080000	3.335784	0.000010	
0.000182	0.000894	75.020000	70.090000	3.398080	0.000010	
0.000172	0.000870	76.656000	70.230000	3.073835	0.000010	
0.000172	0.000770	76.622000	73.490000	3.760041	0.000010	
0.000162	0.000897	78.036000	70.460000	3.204915	0.000010	
0.000156	0.000719	78.790000	75.790000	3.091561	0.000010	
0.000149	0.000785	79.804000	73.320000	3.130622	0.000010	
0.000146	0.000702	80.332000	75.960000	3.212976	0.000010	
0.000141	0.000707	80.976000	76.390000	3.059071	0.000010	
0.000135	0.000685	81.798000	76.790000	3.041488	0.000010	
0.000129	0.000635	82.428000	78.270000	2.848182	0.000010	
0.000123	0.000807	83.440000	74.010000	2.784723	0.000010	
0.000121	0.000654	83.584000	78.960000	3.000325	0.000010	
0.000117	0.000664	84.408000	78.370000	2.845137	0.000010	
0.000113	0.000592	84.828000	79.990000	2.789984	0.000010	
0.000109	0.000821	85.138000	73.370000	2.990841	0.000010	
0.000105	0.000658	85.856000	79.160000	2.802531	0.000010	
0.000104	0.000563	85.986000	81.910000	3.111788	0.000010	
0.000098	0.000548	86.560000	82.020000	2.773492	0.000010	
0.000095	0.000624	87.072000	80.000000	2.822101	0.000010	
0.000092	0.000618	87.540000	80.380000	2.658980	0.000010	
0.000090	0.000617	87.712000	80.920000	2.768972	0.000010	
0.000088	0.000580	88.268000	81.750000	2.875366	0.000010	
0.000088	0.000587	87.870000	81.260000	2.834716	0.000010	
0.000082	0.000528	89.038000	82.570000	2.555765	0.000010	
0.000079	0.000496	89.184000	84.000000	2.555003	0.000010	
0.000076	0.000545	89.718000	82.930000	2.664890	0.000010	
0.000076	0.000517	89.538000	84.290000	2.884789	0.000010	
0.000074	0.000546	90.084000	82.860000	2.683607	0.000010	
0.000069	0.000494	90.570000	85.030000	2.542849	0.000010	
0.000067	0.000543	91.012000	82.840000	2.687695	0.000010	
0.000066	0.000601	91.048000	82.090000	2.571434	0.000010	
0.000062	0.000525	91.550000	83.700000	2.529275	0.000010	
0.000061	0.000588	91.786000	83.340000	2.654367	0.000010	
0.000062	0.000501	91.636000	84.640000	2.678241	0.000010	
0.000058	0.000566	92.110000	82.860000	2.549735	0.000010	
0.000057	0.000580	92.212000	83.670000	2.563558	0.000010	
0.000055	0.000652	92.556000	81.790000	2.527165	0.000010	
0.000054	0.000540	92.518000	84.080000	2.618163	0.000010	
0.000051	0.000505	92.884000	85.200000	2.511799	0.000010	
0.000049	0.000525	93.426000	84.830000	2.402098	0.000010	
0.000048	0.000634	93.556000	82.760000	2.484394	0.000010	
0.000048	0.000591	93.534000	83.590000	2.586670	0.000010	
0.000047	0.000556	93.690000	84.190000	2.557621	0.000010	
0.000047	0.000504	93.598000	85.800000	2.696900	0.000010	
0.000043	0.000646	94.056000	83.130000	2.351958	0.000010	
0.000038	0.000526	94.738000	85.530000	2.162461	0.000010	
0.000032	0.000417	95.750000	88.210000	1.800029	0.000001	
0.000026	0.000410	96.662000	88.530000	1.504999	0.000001	
0.000025	0.000404	96.882000	88.750000	1.491469	0.000001	
0.000023	0.000410	97.106000	88.830000	1.474582	0.000001	
0.000022	0.000407	97.194000	88.760000	1.430532	0.000001	
0.000021	0.000405	97.414000	88.820000	1.388367	0.000001	
0.000020	0.000411	97.516000	88.730000	1.373564	0.000001	
0.000020	0.000409	97.532000	88.680000	1.435045	0.000001	
0.000020	0.000412	97.614000	88.750000	1.393232	0.000001	
0.000019	0.000416	97.642000	88.820000	1.404507	0.000001	
0.000019	0.000416	97.774000	88.790000	1.469224	0.000001	
0.000018	0.000424	97.770000	88.200000	1.440525	0.000001	
0.000018	0.000422	97.856000	88.620000	1.442024	0.000001	
0.000017	0.000422	97.844000	88.860000	1.414996	0.000001	
0.000017	0.000421	97.972000	88.950000	1.431630	0.000001	
0.000017	0.000425	97.942000	88.780000	1.414928	0.000001	
0.000016	0.000431	98.034000	88.550000	1.388074	0.000001	
0.000016	0.000431	98.020000	88.770000	1.420335	0.000001	
0.000016	0.000433	97.978000	88.990000	1.483793	0.000001	
0.000015	0.000433	98.050000	88.710000	1.436825	0.000001	
0.000015	0.000436	98.168000	88.710000	1.370282	0.000001	
0.000015	0.000436	98.232000	88.660000	1.425892	0.000001	
0.000014	0.000441	98.244000	88.740000	1.393965	0.000001	
0.000014	0.000447	98.356000	88.690000	1.376260	0.000001	
0.000014	0.000441	98.314000	88.870000	1.483019	0.000001	
0.000014	0.000454	98.356000	88.600000	1.487564	0.000001	
0.000013	0.000448	98.388000	88.740000	1.407432	0.000001	
0.000013	0.000456	98.474000	88.570000	1.372600	0.000001	
0.000013	0.000456	98.364000	88.750000	1.502550	0.000001	
0.000013	0.000457	98.480000	88.520000	1.443120	0.000001	
0.000012	0.000463	98.522000	88.580000	1.385860	0.000001	
0.000012	0.000457	98.552000	88.670000	1.408556	0.000001	
0.000012	0.000467	98.596000	88.730000	1.376155	0.000001	
0.000012	0.000469	98.580000	88.610000	1.437348	0.000001	
0.000012	0.000470	98.582000	88.590000	1.472367	0.000001	
0.000011	0.000470	98.706000	88.730000	1.440628	0.000001	
0.000012	0.000469	98.592000	88.690000	1.491532	0.000001	
0.000011	0.000473	98.788000	88.720000	1.389235	0.000001	
0.000011	0.000477	98.776000	88.740000	1.428714	0.000001	
0.000011	0.000473	98.812000	88.610000	1.415072	0.000001	
0.000010	0.000474	98.860000	88.630000	1.288823	0.000000	
0.000010	0.000472	98.882000	88.790000	1.317309	0.000000	
0.000010	0.000475	98.860000	88.740000	1.308070	0.000000	
0.000010	0.000475	98.880000	88.740000	1.359826	0.000000	
0.000010	0.000473	98.916000	88.770000	1.281369	0.000000	
0.000010	0.000472	98.922000	88.910000	1.284935	0.000000	
0.000010	0.000470	98.892000	88.910000	1.306543	0.000000	
0.000010	0.000471	98.886000	88.900000	1.337189	0.000000	
0.000009	0.000470	98.968000	88.970000	1.290740	0.000000	
0.000009	0.000472	98.990000	88.800000	1.241565	0.000000	
0.000009	0.000474	98.968000	88.790000	1.292794	0.000000	
0.000010	0.000472	98.946000	88.800000	1.298340	0.000000	
0.000010	0.000474	98.964000	88.850000	1.315197	0.000000	
0.000009	0.000473	99.032000	88.840000	1.269254	0.000000	
0.000009	0.000472	99.010000	88.910000	1.286822	0.000000	
0.000010	0.000473	98.892000	89.000000	1.369863	0.000000	
0.000010	0.000472	98.938000	88.930000	1.371884	0.000000	
0.000009	0.000474	98.986000	88.920000	1.300650	0.000000	
0.000009	0.000474	98.916000	88.810000	1.309450	0.000000	
0.000009	0.000472	98.964000	88.950000	1.302052	0.000000	
0.000009	0.000475	99.002000	88.940000	1.306971	0.000000	
0.000009	0.000477	98.990000	88.900000	1.299113	0.000000	
0.000009	0.000475	98.976000	88.850000	1.283133	0.000000	
0.000009	0.000478	99.006000	88.860000	1.279150	0.000000	
0.000009	0.000476	99.062000	88.860000	1.229475	0.000000	
0.000009	0.000475	99.054000	88.920000	1.282149	0.000000	
0.000009	0.000476	98.944000	88.870000	1.292255	0.000000	
0.000009	0.000475	99.010000	88.950000	1.269922	0.000000	
0.000009	0.000475	99.088000	88.870000	1.251961	0.000000	
0.000009	0.000476	99.052000	88.880000	1.257939	0.000000	
