Train Loss	Valid Loss	Train Acc.	Valid Acc.	Grad Norm	Noise Record	
0.000335	0.002302	17.996000	14.250000	15.007665	0.000001	
0.000332	0.139209	16.638000	10.000000	5.383837	0.000000	
0.000280	0.010822	24.344000	11.920000	2.917668	0.000000	
0.000262	0.002955	28.468000	14.540000	2.386236	0.000000	
0.000250	0.002348	32.760000	21.710000	2.747913	0.000000	
0.000239	0.001818	35.582000	33.490000	2.542579	0.000000	
0.000232	0.001720	37.340000	36.580000	3.956272	0.000000	
0.000225	0.001578	39.686000	40.610000	3.399235	0.000000	
0.000216	0.001502	42.628000	43.480000	3.054241	0.000000	
0.000207	0.001515	44.668000	42.950000	3.973778	0.000000	
0.000206	0.001502	45.882000	44.360000	4.570368	0.000000	
0.000199	0.001503	47.806000	43.460000	4.231954	0.000000	
0.000193	0.001500	49.184000	45.050000	4.897627	0.000000	
0.000184	0.001493	51.360000	46.340000	4.538422	0.000000	
0.000183	0.001509	52.156000	45.670000	5.443978	0.000000	
0.000178	0.001413	53.314000	48.430000	6.048580	0.000000	
0.000174	0.001477	54.854000	47.320000	5.993832	0.000000	
0.000167	0.001350	56.380000	50.930000	5.739048	0.000000	
0.000166	0.001375	57.090000	53.860000	6.804850	0.000000	
0.000161	0.001230	58.346000	56.050000	5.404708	0.000000	
0.000153	0.001291	61.272000	53.670000	4.403251	0.000000	
0.000145	0.001184	62.862000	57.160000	5.143569	0.000000	
0.000138	0.001148	64.410000	60.300000	5.238473	0.000000	
0.000131	0.001186	66.620000	60.280000	4.229985	0.000000	
0.000136	0.001397	65.436000	53.460000	6.979038	0.000000	
0.000131	0.001153	66.392000	61.170000	5.586386	0.000000	
0.000125	0.001221	68.456000	60.210000	5.108383	0.000000	
0.000139	0.001374	64.530000	52.390000	7.197178	0.000000	
0.000131	0.001129	66.962000	61.940000	4.966825	0.000000	
0.000123	0.001189	68.816000	62.070000	5.552858	0.000000	
0.000114	0.001024	70.878000	64.420000	5.049887	0.000000	
0.000110	0.000927	71.930000	68.290000	5.104465	0.000000	
0.000105	0.000956	73.174000	68.290000	5.069084	0.000000	
0.000099	0.000831	75.060000	71.750000	4.146596	0.000000	
0.000094	0.000893	76.260000	69.770000	3.949937	0.000000	
0.000092	0.000841	76.384000	71.570000	4.823001	0.000000	
0.000092	0.000837	76.770000	72.160000	5.028493	0.000000	
0.000089	0.000776	77.650000	73.450000	4.735253	0.000000	
0.000087	0.000908	78.306000	70.230000	4.685468	0.000000	
0.000086	0.000892	77.848000	70.780000	5.188445	0.000000	
0.000084	0.000777	78.542000	73.790000	4.878990	0.000000	
0.000079	0.000778	79.690000	74.430000	4.424625	0.000000	
0.000076	0.000745	80.938000	75.610000	4.277814	0.000000	
0.000073	0.000727	81.404000	75.870000	4.445426	0.000000	
0.000070	0.000780	82.024000	74.870000	4.192556	0.000000	
0.000067	0.000716	82.776000	75.900000	4.085218	0.000000	
0.000069	0.000732	82.662000	76.640000	4.942735	0.000000	
0.000067	0.000658	83.096000	78.100000	4.961604	0.000000	
0.000065	0.000668	83.656000	77.420000	4.538014	0.000000	
0.000062	0.000677	84.374000	77.630000	4.063665	0.000000	
0.000061	0.000759	84.904000	76.280000	4.327677	0.000000	
0.000057	0.000655	85.206000	78.500000	4.110567	0.000000	
0.000056	0.000677	85.700000	78.240000	4.390058	0.000000	
0.000054	0.000678	86.274000	78.930000	3.957254	0.000000	
0.000053	0.000686	86.578000	77.970000	4.162089	0.000000	
0.000053	0.000644	86.832000	79.250000	4.519362	0.000000	
0.000052	0.000738	86.764000	77.770000	4.615329	0.000000	
0.000051	0.000647	87.080000	79.450000	4.336894	0.000000	
0.000049	0.000565	87.744000	81.920000	4.070705	0.000000	
0.000047	0.000615	88.140000	80.000000	4.110110	0.000000	
0.000046	0.000531	88.236000	82.990000	4.305967	0.000000	
0.000045	0.000598	88.634000	80.890000	4.121005	0.000000	
0.000043	0.000568	89.110000	81.620000	3.868079	0.000000	
0.000041	0.000552	89.500000	82.740000	3.894881	0.000000	
0.000042	0.000604	89.466000	81.460000	3.851144	0.000000	
0.000039	0.000574	90.104000	82.380000	3.784787	0.000000	
0.000039	0.000628	90.072000	80.660000	3.907891	0.000000	
0.000039	0.000607	90.400000	81.430000	3.979792	0.000000	
0.000037	0.000805	90.766000	78.270000	3.795288	0.000000	
0.000035	0.000591	91.136000	82.040000	3.918475	0.000000	
0.000037	0.000631	90.626000	81.360000	4.557325	0.000000	
0.000036	0.000527	90.974000	83.790000	4.060630	0.000000	
0.000035	0.000597	91.194000	82.790000	4.055961	0.000000	
0.000034	0.000517	91.332000	84.560000	4.137105	0.000000	
0.000032	0.000553	91.890000	83.440000	3.775719	0.000000	
0.000031	0.000621	92.252000	81.740000	3.725137	0.000000	
0.000032	0.000600	91.836000	81.950000	4.174347	0.000000	
0.000032	0.000744	92.022000	80.080000	4.072171	0.000000	
0.000032	0.000545	91.548000	83.930000	4.342883	0.000000	
0.000029	0.000765	92.436000	79.130000	3.805729	0.000000	
0.000026	0.000423	93.306000	86.980000	3.374973	0.000000	
0.000022	0.000396	94.642000	87.590000	2.606930	0.000000	
0.000020	0.000400	95.290000	87.600000	2.018737	0.000000	
0.000019	0.000385	95.556000	88.120000	2.108580	0.000000	
0.000018	0.000390	95.856000	87.970000	1.853271	0.000000	
0.000017	0.000387	96.028000	88.100000	1.846694	0.000000	
0.000016	0.000386	95.998000	88.290000	1.850569	0.000000	
0.000017	0.000386	96.174000	88.400000	1.899297	0.000000	
0.000016	0.000383	96.248000	88.410000	1.865386	0.000000	
0.000016	0.000393	96.230000	88.200000	1.934164	0.000000	
0.000016	0.000389	96.472000	88.420000	1.910193	0.000000	
0.000015	0.000385	96.496000	88.530000	1.939691	0.000000	
0.000015	0.000393	96.652000	88.290000	1.880651	0.000000	
0.000015	0.000394	96.628000	88.460000	1.916626	0.000000	
0.000014	0.000391	96.736000	88.550000	1.914211	0.000000	
0.000014	0.000390	96.790000	88.540000	1.910656	0.000000	
0.000013	0.000395	96.846000	88.360000	1.773214	0.000000	
0.000013	0.000396	96.870000	88.380000	1.915815	0.000000	
0.000013	0.000397	97.064000	88.480000	1.870409	0.000000	
0.000013	0.000397	96.956000	88.540000	1.928141	0.000000	
0.000013	0.000396	96.976000	88.330000	1.919073	0.000000	
0.000013	0.000398	96.968000	88.580000	2.035360	0.000000	
0.000012	0.000403	97.040000	88.350000	1.908748	0.000000	
0.000012	0.000403	97.150000	88.450000	1.866374	0.000000	
0.000012	0.000408	97.220000	88.300000	1.923255	0.000000	
0.000012	0.000407	97.132000	88.310000	1.933283	0.000000	
0.000012	0.000400	97.170000	88.600000	1.999321	0.000000	
0.000012	0.000407	97.392000	88.250000	2.080086	0.000000	
0.000012	0.000404	97.386000	88.390000	2.209971	0.000000	
0.000011	0.000410	97.366000	88.200000	2.116524	0.000000	
0.000011	0.000416	97.498000	88.270000	1.984254	0.000000	
0.000011	0.000408	97.468000	88.480000	1.996414	0.000000	
0.000011	0.000413	97.566000	88.440000	2.012519	0.000000	
0.000011	0.000412	97.562000	88.310000	1.977124	0.000000	
0.000011	0.000415	97.594000	88.500000	2.035468	0.000000	
0.000011	0.000412	97.614000	88.750000	2.088483	0.000000	
0.000010	0.000416	97.668000	88.530000	1.961451	0.000000	
0.000010	0.000418	97.798000	88.530000	1.965841	0.000000	
0.000010	0.000420	97.852000	88.380000	2.061935	0.000000	
0.000010	0.000422	97.864000	88.390000	1.939480	0.000000	
0.000009	0.000417	97.922000	88.490000	1.843680	0.000000	
0.000010	0.000417	97.940000	88.390000	1.923415	0.000000	
0.000010	0.000416	98.026000	88.440000	1.807751	0.000000	
0.000009	0.000416	97.974000	88.590000	1.881140	0.000000	
0.000009	0.000415	97.900000	88.590000	1.814427	0.000000	
0.000009	0.000415	97.988000	88.640000	1.893689	0.000000	
0.000009	0.000414	98.020000	88.780000	1.845818	0.000000	
0.000009	0.000414	97.978000	88.700000	1.815838	0.000000	
0.000009	0.000412	98.110000	88.770000	1.814301	0.000000	
0.000009	0.000415	98.120000	88.560000	1.848355	0.000000	
0.000009	0.000415	98.064000	88.630000	1.871966	0.000000	
0.000009	0.000415	98.090000	88.710000	1.846136	0.000000	
0.000009	0.000414	98.050000	88.680000	1.850192	0.000000	
0.000009	0.000414	98.062000	88.650000	1.839227	0.000000	
0.000009	0.000414	98.148000	88.680000	1.780840	0.000000	
0.000009	0.000413	98.064000	88.750000	1.833537	0.000000	
0.000009	0.000415	98.002000	88.800000	1.835719	0.000000	
0.000009	0.000414	98.114000	88.710000	1.755928	0.000000	
0.000009	0.000416	98.000000	88.720000	1.806243	0.000000	
0.000009	0.000414	98.110000	88.640000	1.843125	0.000000	
0.000009	0.000414	98.112000	88.650000	1.798656	0.000000	
0.000009	0.000414	98.100000	88.700000	1.743537	0.000000	
0.000009	0.000415	98.112000	88.700000	1.794382	0.000000	
0.000009	0.000415	98.110000	88.690000	1.874354	0.000000	
0.000009	0.000413	98.140000	88.790000	1.707064	0.000000	
0.000009	0.000415	98.084000	88.870000	1.768771	0.000000	
0.000009	0.000416	98.070000	88.720000	1.842003	0.000000	
0.000009	0.000414	98.118000	88.750000	1.884408	0.000000	
0.000009	0.000414	98.164000	88.850000	1.859924	0.000000	
0.000009	0.000414	98.136000	88.820000	1.786243	0.000000	
