Train Loss	Valid Loss	Train Acc.	Valid Acc.	Grad Norm	Noise Record	
0.000519	0.002454	24.500000	10.000000	8.108529	0.000422	
0.000424	0.002995	38.488000	14.120000	8.865072	0.000196	
0.000369	0.001780	47.458000	37.330000	8.869457	0.000147	
0.000344	0.001760	51.766000	41.210000	10.268156	0.000122	
0.000295	0.001281	59.146000	55.510000	8.657547	0.000106	
0.000265	0.001324	63.562000	56.560000	9.814516	0.000095	
0.000238	0.001109	67.278000	61.610000	8.013188	0.000087	
0.000210	0.000839	71.190000	70.890000	7.991466	0.000080	
0.000187	0.001306	74.722000	60.250000	7.768045	0.000075	
0.000173	0.000793	76.758000	73.130000	8.179337	0.000071	
0.000159	0.000763	78.642000	74.690000	8.236755	0.000067	
0.000150	0.000697	80.018000	76.410000	7.883761	0.000064	
0.000140	0.000975	81.392000	70.170000	8.050385	0.000061	
0.000129	0.000788	82.772000	75.420000	7.220060	0.000058	
0.000122	0.000758	83.856000	76.040000	7.323673	0.000056	
0.000112	0.000581	84.968000	81.010000	6.902451	0.000054	
0.000108	0.000762	85.668000	76.340000	6.930027	0.000052	
0.000101	0.000714	86.510000	76.890000	6.737879	0.000050	
0.000096	0.001025	87.336000	70.030000	6.755640	0.000049	
0.000093	0.000537	87.640000	82.290000	6.869113	0.000048	
0.000090	0.000602	88.042000	80.850000	6.909100	0.000046	
0.000085	0.000550	88.574000	82.010000	6.524181	0.000045	
0.000078	0.000537	89.574000	83.160000	6.201200	0.000044	
0.000077	0.000664	89.802000	79.360000	6.314042	0.000043	
0.000071	0.000523	90.408000	83.970000	6.276847	0.000042	
0.000073	0.000759	90.258000	78.550000	6.723578	0.000041	
0.000070	0.000632	90.508000	80.650000	6.376650	0.000040	
0.000064	0.000655	91.568000	79.960000	5.928847	0.000039	
0.000062	0.000529	91.716000	84.270000	6.080907	0.000039	
0.000062	0.000521	91.876000	84.170000	6.477512	0.000038	
0.000058	0.000500	92.142000	84.790000	6.065028	0.000037	
0.000057	0.000842	92.460000	77.560000	6.344904	0.000037	
0.000053	0.000475	92.636000	85.640000	6.075952	0.000036	
0.000052	0.000872	93.010000	76.770000	6.028341	0.000035	
0.000051	0.000484	93.232000	85.580000	6.248341	0.000035	
0.000047	0.000480	93.560000	85.750000	5.873960	0.000034	
0.000045	0.000455	94.046000	86.660000	5.740676	0.000034	
0.000044	0.000577	94.164000	83.600000	5.998762	0.000033	
0.000041	0.000591	94.384000	83.370000	5.705395	0.000033	
0.000040	0.000582	94.560000	84.060000	5.833661	0.000032	
0.000041	0.000544	94.410000	85.270000	6.023142	0.000032	
0.000038	0.000618	94.924000	82.860000	5.610469	0.000031	
0.000039	0.000452	94.704000	87.480000	5.875787	0.000031	
0.000037	0.000496	94.986000	86.440000	5.717227	0.000031	
0.000034	0.000573	95.494000	85.070000	5.313978	0.000030	
0.000032	0.000724	95.726000	82.380000	5.129204	0.000030	
0.000032	0.000459	95.766000	87.220000	5.517087	0.000030	
0.000028	0.000553	96.198000	85.500000	5.150920	0.000029	
0.000029	0.000510	96.134000	86.930000	5.523859	0.000029	
0.000028	0.000558	96.048000	85.740000	5.174988	0.000029	
0.000027	0.000576	96.446000	85.400000	5.232621	0.000028	
0.000026	0.000581	96.362000	85.390000	5.446417	0.000028	
0.000025	0.000552	96.476000	86.330000	5.200471	0.000028	
0.000025	0.000451	96.630000	88.420000	5.345636	0.000027	
0.000022	0.000457	96.920000	88.580000	4.927988	0.000027	
0.000021	0.000462	97.214000	88.080000	4.748515	0.000027	
0.000021	0.000495	97.098000	87.660000	4.875516	0.000027	
0.000021	0.000618	97.156000	85.020000	4.888792	0.000026	
0.000022	0.000613	97.014000	85.940000	5.208227	0.000026	
0.000020	0.000521	97.262000	87.590000	5.014096	0.000026	
0.000021	0.000549	97.240000	87.280000	5.182201	0.000026	
0.000019	0.000423	97.442000	89.260000	4.653884	0.000025	
0.000017	0.000416	97.728000	89.380000	4.433930	0.000025	
0.000016	0.000587	97.818000	86.640000	4.481276	0.000025	
0.000016	0.000503	97.804000	87.390000	4.440887	0.000025	
0.000016	0.000485	97.888000	88.300000	4.701791	0.000024	
0.000016	0.000483	97.956000	88.640000	4.636369	0.000024	
0.000018	0.000528	97.586000	88.060000	5.150272	0.000024	
0.000016	0.000547	97.802000	87.270000	4.603710	0.000024	
0.000016	0.000546	97.902000	87.300000	4.461427	0.000024	
0.000014	0.000613	98.096000	86.140000	4.288212	0.000023	
0.000013	0.000498	98.288000	88.510000	4.246369	0.000023	
0.000012	0.000549	98.516000	88.050000	3.847595	0.000023	
0.000011	0.000515	98.460000	88.330000	3.884651	0.000023	
0.000011	0.000683	98.512000	85.810000	4.100905	0.000023	
0.000013	0.000489	98.382000	89.300000	4.475503	0.000023	
0.000015	0.000547	98.050000	87.780000	4.903608	0.000022	
0.000015	0.000546	98.036000	87.050000	4.719934	0.000022	
0.000013	0.000569	98.308000	87.580000	4.327844	0.000022	
0.000011	0.000458	98.530000	89.700000	4.017162	0.000022	
0.000009	0.000391	98.926000	90.620000	3.309284	0.000002	
0.000006	0.000387	99.334000	90.710000	2.299493	0.000002	
0.000005	0.000378	99.524000	90.970000	1.983973	0.000002	
0.000004	0.000376	99.572000	91.160000	1.893787	0.000002	
0.000004	0.000376	99.640000	91.280000	1.824270	0.000002	
0.000004	0.000375	99.654000	91.250000	1.777955	0.000002	
0.000003	0.000376	99.702000	91.170000	1.684714	0.000002	
0.000003	0.000377	99.724000	91.040000	1.574218	0.000002	
0.000003	0.000375	99.724000	91.270000	1.637532	0.000002	
0.000003	0.000376	99.750000	91.120000	1.556233	0.000002	
0.000003	0.000377	99.778000	91.190000	1.513819	0.000002	
0.000003	0.000379	99.780000	91.300000	1.497108	0.000002	
0.000003	0.000380	99.790000	91.390000	1.429283	0.000002	
0.000003	0.000378	99.846000	91.430000	1.410387	0.000002	
0.000003	0.000380	99.810000	91.450000	1.441026	0.000002	
0.000002	0.000379	99.802000	91.310000	1.379255	0.000002	
0.000003	0.000382	99.776000	91.190000	1.461362	0.000002	
0.000003	0.000381	99.830000	91.230000	1.442586	0.000002	
0.000002	0.000384	99.822000	91.150000	1.441861	0.000002	
0.000002	0.000381	99.846000	91.300000	1.374462	0.000002	
0.000002	0.000381	99.850000	91.220000	1.282328	0.000002	
0.000002	0.000381	99.834000	91.340000	1.469459	0.000002	
0.000002	0.000382	99.832000	91.310000	1.332031	0.000002	
0.000002	0.000381	99.870000	91.440000	1.233642	0.000002	
0.000002	0.000379	99.846000	91.370000	1.391440	0.000002	
0.000002	0.000383	99.858000	91.440000	1.289568	0.000002	
0.000002	0.000385	99.830000	91.330000	1.366825	0.000002	
0.000002	0.000383	99.850000	91.300000	1.312365	0.000002	
0.000002	0.000385	99.878000	91.350000	1.313714	0.000002	
0.000002	0.000386	99.850000	91.330000	1.310319	0.000002	
0.000002	0.000390	99.902000	91.340000	1.244187	0.000002	
0.000002	0.000391	99.866000	91.320000	1.258829	0.000002	
0.000002	0.000387	99.880000	91.300000	1.221419	0.000002	
0.000002	0.000388	99.878000	91.200000	1.267297	0.000002	
0.000002	0.000387	99.882000	91.350000	1.241409	0.000002	
0.000002	0.000387	99.906000	91.270000	1.201274	0.000002	
0.000002	0.000390	99.884000	91.310000	1.312240	0.000002	
0.000002	0.000393	99.906000	91.290000	1.162824	0.000002	
0.000002	0.000391	99.866000	91.300000	1.265415	0.000002	
0.000002	0.000389	99.908000	91.300000	1.184573	0.000002	
0.000002	0.000391	99.902000	91.280000	1.204348	0.000000	
0.000002	0.000391	99.896000	91.460000	1.137350	0.000000	
0.000002	0.000391	99.918000	91.390000	1.122751	0.000000	
0.000002	0.000390	99.878000	91.420000	1.283534	0.000000	
0.000002	0.000390	99.910000	91.290000	1.246982	0.000000	
0.000002	0.000389	99.924000	91.320000	1.128319	0.000000	
0.000002	0.000390	99.904000	91.390000	1.226643	0.000000	
0.000002	0.000390	99.926000	91.430000	1.063714	0.000000	
0.000002	0.000388	99.912000	91.380000	1.142236	0.000000	
0.000002	0.000389	99.896000	91.360000	1.166834	0.000000	
0.000002	0.000390	99.918000	91.370000	1.119345	0.000000	
0.000002	0.000391	99.914000	91.370000	1.094333	0.000000	
0.000002	0.000390	99.940000	91.430000	1.064716	0.000000	
0.000002	0.000392	99.908000	91.350000	1.130318	0.000000	
0.000002	0.000390	99.912000	91.320000	1.100869	0.000000	
0.000002	0.000390	99.916000	91.370000	1.062785	0.000000	
0.000002	0.000390	99.908000	91.420000	1.171006	0.000000	
0.000002	0.000389	99.902000	91.430000	1.088893	0.000000	
0.000002	0.000390	99.904000	91.420000	1.082760	0.000000	
0.000002	0.000391	99.898000	91.430000	1.199057	0.000000	
0.000002	0.000391	99.902000	91.310000	1.226243	0.000000	
0.000002	0.000390	99.932000	91.340000	1.060887	0.000000	
0.000002	0.000389	99.898000	91.380000	1.171939	0.000000	
0.000002	0.000390	99.942000	91.350000	1.096825	0.000000	
0.000002	0.000389	99.908000	91.370000	1.111057	0.000000	
0.000002	0.000391	99.932000	91.350000	1.130133	0.000000	
0.000002	0.000390	99.926000	91.350000	1.077252	0.000000	
0.000002	0.000389	99.918000	91.380000	1.099657	0.000000	
0.000002	0.000389	99.924000	91.280000	1.170918	0.000000	
0.000002	0.000391	99.918000	91.420000	1.111386	0.000000	
