Train Loss	Valid Loss	Train Acc.	Valid Acc.	
0.000792	23.668138	11.374000	9.490000	
0.000609	0.003741	11.884000	10.160000	
0.000552	0.003024	18.368000	18.750000	
0.000518	0.002100	25.546000	23.560000	
0.000492	0.001888	29.888000	31.850000	
0.000470	0.001801	33.114000	35.000000	
0.000451	0.001649	35.704000	38.830000	
0.000427	0.001635	39.090000	40.650000	
0.000408	0.001547	42.024000	43.760000	
0.000387	0.001465	45.100000	45.550000	
0.000375	0.001465	47.086000	45.400000	
0.000363	0.001380	48.716000	49.060000	
0.000346	0.001557	51.166000	46.070000	
0.000345	0.001396	51.656000	50.500000	
0.000326	0.001359	54.554000	51.350000	
0.000311	0.001390	56.718000	51.740000	
0.000294	0.001458	59.398000	51.400000	
0.000285	0.001213	60.728000	57.950000	
0.000269	0.001228	63.152000	57.920000	
0.000263	0.001115	63.884000	61.760000	
0.000249	0.001044	66.234000	64.310000	
0.000231	0.000961	68.508000	66.690000	
0.000225	0.000891	69.384000	69.200000	
0.000211	0.001078	71.316000	64.660000	
0.000199	0.001173	72.806000	62.740000	
0.000191	0.000936	74.086000	68.950000	
0.000182	0.000809	75.352000	71.460000	
0.000178	0.000832	75.858000	72.500000	
0.000171	0.000986	76.864000	69.490000	
0.000164	0.001057	77.902000	66.050000	
0.000156	0.000903	78.712000	70.500000	
0.000151	0.000924	79.752000	69.870000	
0.000146	0.000705	80.270000	76.610000	
0.000138	0.000715	81.304000	75.580000	
0.000131	0.000703	82.188000	76.640000	
0.000125	0.000702	83.178000	77.190000	
0.000124	0.000744	83.242000	75.360000	
0.000118	0.000693	84.248000	77.750000	
0.000114	0.000744	84.582000	77.450000	
0.000108	0.000685	85.542000	77.710000	
0.000105	0.000683	85.822000	77.600000	
0.000099	0.000644	86.648000	79.340000	
0.000096	0.000734	87.226000	76.300000	
0.000096	0.000751	87.136000	77.090000	
0.000091	0.000656	87.780000	79.420000	
0.000087	0.000603	88.070000	81.180000	
0.000084	0.000631	88.912000	80.560000	
0.000083	0.000654	89.012000	79.450000	
0.000079	0.000645	89.008000	80.450000	
0.000075	0.000922	89.768000	75.970000	
0.000079	0.000818	89.212000	77.150000	
0.000074	0.000716	89.828000	78.820000	
0.000070	0.000629	90.450000	81.150000	
0.000067	0.000624	90.900000	81.610000	
0.000065	0.000607	91.108000	82.080000	
0.000064	0.000801	91.440000	78.090000	
0.000064	0.000582	91.228000	83.640000	
0.000059	0.000579	92.154000	82.850000	
0.000056	0.000637	92.362000	81.990000	
0.000054	0.000573	92.816000	83.250000	
0.000053	0.000644	92.632000	82.630000	
0.000049	0.000568	93.340000	83.660000	
0.000047	0.000618	93.744000	82.500000	
0.000047	0.000619	93.602000	83.260000	
0.000047	0.000693	93.582000	81.560000	
0.000043	0.000585	94.040000	83.700000	
0.000041	0.000594	94.492000	84.080000	
0.000041	0.000580	94.384000	83.870000	
0.000042	0.000728	94.310000	82.130000	
0.000041	0.000644	94.354000	83.140000	
0.000039	0.000722	94.738000	81.620000	
0.000038	0.000659	94.934000	83.100000	
0.000036	0.000586	94.970000	85.420000	
0.000034	0.000658	95.412000	83.550000	
0.000034	0.000618	95.376000	84.100000	
0.000032	0.000677	95.678000	82.840000	
0.000032	0.000668	95.678000	83.300000	
0.000030	0.000605	95.948000	84.690000	
0.000029	0.000662	96.102000	83.700000	
0.000029	0.000717	96.062000	82.870000	
0.000023	0.000533	96.842000	86.520000	
0.000018	0.000506	97.812000	86.950000	
0.000016	0.000500	98.066000	87.140000	
0.000014	0.000503	98.344000	86.960000	
0.000014	0.000499	98.276000	87.130000	
0.000013	0.000500	98.478000	87.000000	
0.000012	0.000507	98.556000	87.110000	
0.000012	0.000507	98.550000	87.420000	
0.000012	0.000503	98.652000	87.150000	
0.000012	0.000510	98.690000	87.340000	
0.000011	0.000515	98.736000	87.090000	
0.000011	0.000516	98.718000	87.230000	
0.000010	0.000519	98.826000	87.320000	
0.000010	0.000518	98.908000	87.190000	
0.000010	0.000524	98.904000	87.060000	
0.000010	0.000522	98.906000	87.150000	
0.000009	0.000525	98.952000	87.110000	
0.000009	0.000526	98.956000	87.280000	
0.000010	0.000527	98.928000	87.300000	
0.000009	0.000525	99.044000	87.280000	
0.000009	0.000533	99.018000	87.300000	
0.000009	0.000532	99.050000	87.420000	
0.000008	0.000534	99.134000	87.320000	
0.000008	0.000534	99.128000	87.280000	
0.000008	0.000537	99.128000	87.360000	
0.000008	0.000539	99.098000	87.290000	
0.000008	0.000544	99.186000	87.320000	
0.000008	0.000543	99.154000	87.360000	
0.000008	0.000545	99.180000	87.300000	
0.000008	0.000553	99.192000	87.260000	
0.000008	0.000550	99.216000	87.290000	
0.000007	0.000550	99.224000	87.350000	
0.000007	0.000556	99.226000	87.440000	
0.000007	0.000560	99.206000	87.180000	
0.000007	0.000555	99.228000	87.250000	
0.000007	0.000554	99.214000	87.310000	
0.000007	0.000560	99.268000	87.380000	
0.000006	0.000567	99.306000	87.120000	
0.000007	0.000564	99.344000	87.250000	
0.000007	0.000565	99.304000	87.500000	
0.000006	0.000563	99.382000	87.390000	
0.000006	0.000561	99.366000	87.460000	
0.000006	0.000561	99.384000	87.340000	
0.000006	0.000562	99.388000	87.450000	
0.000006	0.000562	99.380000	87.450000	
0.000006	0.000562	99.402000	87.440000	
0.000006	0.000562	99.408000	87.340000	
0.000006	0.000560	99.394000	87.530000	
0.000006	0.000560	99.418000	87.480000	
0.000006	0.000560	99.384000	87.550000	
0.000006	0.000561	99.422000	87.370000	
0.000006	0.000561	99.450000	87.430000	
0.000006	0.000563	99.408000	87.520000	
0.000006	0.000561	99.380000	87.530000	
0.000006	0.000560	99.474000	87.540000	
0.000006	0.000561	99.422000	87.450000	
0.000006	0.000560	99.438000	87.350000	
0.000006	0.000561	99.434000	87.500000	
0.000006	0.000562	99.444000	87.380000	
0.000006	0.000561	99.484000	87.410000	
0.000006	0.000562	99.446000	87.530000	
0.000006	0.000563	99.394000	87.420000	
0.000006	0.000562	99.458000	87.390000	
0.000006	0.000564	99.404000	87.510000	
0.000005	0.000561	99.472000	87.460000	
0.000006	0.000562	99.410000	87.640000	
0.000006	0.000563	99.408000	87.580000	
0.000006	0.000562	99.442000	87.550000	
0.000005	0.000563	99.480000	87.500000	
0.000006	0.000563	99.456000	87.490000	
