Train Loss	Valid Loss	Train Acc.	Valid Acc.	Grad Norm	Noise Record	
0.001320	0.070481	15.070000	10.610000	6.332047	0.000000	
0.000988	0.002215	22.876000	20.100000	1.735573	0.000000	
0.000940	0.001943	26.478000	25.060000	1.691004	0.000000	
0.000895	0.001754	31.372000	32.560000	2.025217	0.000000	
0.000850	0.001717	35.036000	36.860000	2.332699	0.000000	
0.000795	0.001719	39.990000	37.320000	2.380946	0.000000	
0.000762	0.001504	43.328000	43.530000	2.693322	0.000000	
0.000708	0.001422	47.580000	47.510000	2.684269	0.000000	
0.000656	0.001380	51.818000	50.730000	2.986416	0.000000	
0.000616	0.001397	54.584000	51.040000	3.392668	0.000000	
0.000567	0.001300	58.732000	54.250000	3.374262	0.000000	
0.000529	0.001351	61.828000	54.620000	3.413306	0.000000	
0.000500	0.001234	64.098000	58.820000	3.143911	0.000000	
0.000466	0.000960	66.518000	66.290000	3.527513	0.000000	
0.000426	0.001135	69.564000	61.430000	3.181730	0.000000	
0.000406	0.000942	71.006000	67.770000	3.374067	0.000000	
0.000390	0.001172	72.348000	62.440000	3.356647	0.000000	
0.000368	0.000898	73.782000	69.880000	3.184484	0.000000	
0.000334	0.000884	76.318000	70.620000	2.936105	0.000000	
0.000322	0.000916	77.378000	70.500000	3.085156	0.000000	
0.000297	0.000826	79.140000	72.500000	2.911865	0.000000	
0.000274	0.000656	80.800000	77.460000	2.760584	0.000000	
0.000258	0.000918	82.104000	71.070000	2.758843	0.000000	
0.000249	0.000728	82.558000	76.970000	2.833509	0.000000	
0.000239	0.000616	83.162000	79.600000	2.811488	0.000000	
0.000228	0.000605	84.094000	79.970000	2.716976	0.000000	
0.000216	0.000574	84.920000	81.440000	2.700644	0.000000	
0.000204	0.000578	85.748000	80.830000	2.538793	0.000000	
0.000193	0.000630	86.378000	80.520000	2.613390	0.000000	
0.000187	0.000534	86.956000	82.780000	2.609589	0.000000	
0.000178	0.000607	87.528000	80.990000	2.494139	0.000000	
0.000171	0.000581	87.982000	81.760000	2.613979	0.000000	
0.000162	0.000492	88.654000	83.810000	2.461463	0.000000	
0.000153	0.000473	89.224000	85.010000	2.356411	0.000000	
0.000146	0.000495	89.726000	84.230000	2.465559	0.000000	
0.000138	0.000472	90.304000	85.110000	2.386565	0.000000	
0.000138	0.000501	90.342000	84.640000	2.459441	0.000000	
0.000130	0.000657	90.958000	80.900000	2.383076	0.000000	
0.000125	0.000543	91.268000	83.750000	2.400611	0.000000	
0.000116	0.000548	91.702000	83.800000	2.386613	0.000000	
0.000113	0.000483	91.836000	85.480000	2.458636	0.000000	
0.000112	0.000590	92.106000	83.400000	2.392313	0.000000	
0.000103	0.000533	92.618000	84.770000	2.313967	0.000000	
0.000101	0.000438	92.944000	87.210000	2.341187	0.000000	
0.000093	0.000641	93.416000	82.800000	2.353269	0.000000	
0.000094	0.000526	93.286000	85.410000	2.410471	0.000000	
0.000088	0.000464	93.720000	86.290000	2.304229	0.000000	
0.000086	0.000647	93.864000	83.450000	2.349937	0.000000	
0.000082	0.000450	94.156000	87.180000	2.327586	0.000000	
0.000072	0.000427	95.000000	87.710000	2.142515	0.000000	
0.000074	0.000487	94.662000	86.440000	2.339390	0.000000	
0.000070	0.000689	94.980000	83.630000	2.198435	0.000000	
0.000064	0.000482	95.492000	87.590000	2.143946	0.000000	
0.000062	0.000501	95.596000	86.060000	2.154342	0.000000	
0.000062	0.000500	95.614000	86.740000	2.215445	0.000000	
0.000059	0.000488	95.826000	87.600000	2.215939	0.000000	
0.000055	0.000536	96.106000	86.860000	2.174622	0.000000	
0.000058	0.000557	95.948000	86.140000	2.243975	0.000000	
0.000054	0.000582	96.154000	85.970000	2.179502	0.000000	
0.000052	0.000537	96.214000	86.980000	2.204218	0.000000	
0.000051	0.000437	96.384000	88.540000	2.127681	0.000000	
0.000046	0.000474	96.754000	88.150000	2.081101	0.000000	
0.000046	0.000545	96.652000	87.060000	2.111518	0.000000	
0.000042	0.000515	96.986000	87.920000	2.008279	0.000000	
0.000041	0.000525	97.070000	87.690000	2.045301	0.000000	
0.000040	0.000545	97.138000	87.040000	2.023834	0.000000	
0.000040	0.000467	97.208000	88.920000	2.060020	0.000000	
0.000038	0.000527	97.294000	87.770000	2.008955	0.000000	
0.000036	0.000576	97.498000	86.900000	1.934986	0.000000	
0.000034	0.000557	97.604000	87.380000	1.926796	0.000000	
0.000033	0.000547	97.610000	88.340000	1.902352	0.000000	
0.000029	0.000527	97.970000	88.230000	1.769531	0.000000	
0.000028	0.000521	97.952000	89.100000	1.840386	0.000000	
0.000028	0.000667	98.090000	86.770000	1.807945	0.000000	
0.000028	0.000647	97.988000	87.810000	1.851614	0.000000	
0.000031	0.000662	97.810000	86.760000	2.003605	0.000000	
0.000033	0.000571	97.660000	88.430000	1.961306	0.000000	
0.000026	0.000486	98.098000	89.100000	1.761939	0.000000	
0.000023	0.000547	98.400000	89.000000	1.619663	0.000000	
0.000022	0.000528	98.470000	88.940000	1.667341	0.000000	
0.000013	0.000445	99.138000	90.520000	1.137914	0.000000	
0.000008	0.000438	99.488000	90.560000	0.869418	0.000000	
0.000006	0.000435	99.690000	90.800000	0.730176	0.000000	
0.000006	0.000445	99.672000	90.790000	0.752272	0.000000	
0.000005	0.000442	99.702000	90.750000	0.697110	0.000000	
0.000005	0.000443	99.756000	90.710000	0.679537	0.000000	
0.000005	0.000445	99.738000	90.800000	0.679492	0.000000	
0.000005	0.000450	99.742000	90.790000	0.700386	0.000000	
0.000005	0.000453	99.772000	90.730000	0.651219	0.000000	
0.000004	0.000455	99.750000	90.740000	0.665060	0.000000	
0.000004	0.000457	99.802000	90.730000	0.643591	0.000000	
0.000004	0.000460	99.808000	90.760000	0.603509	0.000000	
0.000004	0.000465	99.802000	90.910000	0.653441	0.000000	
0.000003	0.000464	99.844000	90.860000	0.570730	0.000000	
0.000003	0.000468	99.850000	90.870000	0.559568	0.000000	
0.000003	0.000467	99.862000	90.870000	0.590941	0.000000	
0.000003	0.000472	99.830000	90.890000	0.580395	0.000000	
0.000003	0.000469	99.872000	90.780000	0.541106	0.000000	
0.000003	0.000475	99.838000	90.790000	0.597604	0.000000	
0.000003	0.000477	99.854000	90.620000	0.555296	0.000000	
0.000003	0.000481	99.862000	90.750000	0.573049	0.000000	
0.000003	0.000481	99.862000	90.840000	0.558777	0.000000	
0.000003	0.000484	99.886000	90.750000	0.535045	0.000000	
0.000003	0.000483	99.858000	90.840000	0.559671	0.000000	
0.000003	0.000484	99.850000	90.840000	0.588802	0.000000	
0.000003	0.000486	99.878000	90.920000	0.557417	0.000000	
0.000003	0.000490	99.872000	90.740000	0.537499	0.000000	
0.000002	0.000488	99.884000	90.860000	0.520002	0.000000	
0.000003	0.000491	99.878000	91.050000	0.560960	0.000000	
0.000002	0.000493	99.896000	90.940000	0.545799	0.000000	
0.000003	0.000494	99.870000	90.930000	0.547578	0.000000	
0.000002	0.000496	99.902000	90.900000	0.500158	0.000000	
0.000002	0.000494	99.902000	90.920000	0.485193	0.000000	
0.000002	0.000499	99.924000	90.940000	0.453904	0.000000	
0.000002	0.000498	99.898000	90.930000	0.491106	0.000000	
0.000002	0.000501	99.880000	90.950000	0.519410	0.000000	
0.000002	0.000499	99.928000	90.920000	0.486816	0.000000	
0.000002	0.000504	99.892000	90.820000	0.508004	0.000000	
0.000002	0.000506	99.912000	90.910000	0.471058	0.000000	
0.000002	0.000504	99.904000	90.920000	0.510894	0.000000	
0.000002	0.000504	99.902000	90.960000	0.484077	0.000000	
0.000002	0.000505	99.896000	90.910000	0.515251	0.000000	
0.000002	0.000502	99.938000	91.040000	0.433873	0.000000	
0.000002	0.000503	99.928000	90.930000	0.442572	0.000000	
0.000002	0.000505	99.944000	90.890000	0.445516	0.000000	
0.000002	0.000503	99.914000	90.890000	0.470059	0.000000	
0.000002	0.000507	99.922000	90.920000	0.481259	0.000000	
0.000002	0.000506	99.932000	90.920000	0.397508	0.000000	
0.000002	0.000503	99.938000	90.910000	0.431799	0.000000	
0.000002	0.000505	99.930000	90.960000	0.439680	0.000000	
0.000002	0.000508	99.930000	90.900000	0.457904	0.000000	
0.000002	0.000509	99.928000	90.850000	0.436952	0.000000	
0.000002	0.000507	99.924000	91.000000	0.481916	0.000000	
0.000001	0.000505	99.960000	90.890000	0.378744	0.000000	
0.000002	0.000503	99.938000	90.910000	0.414145	0.000000	
0.000002	0.000507	99.924000	90.900000	0.457826	0.000000	
0.000002	0.000505	99.944000	90.910000	0.406100	0.000000	
0.000002	0.000505	99.940000	90.880000	0.425830	0.000000	
0.000002	0.000506	99.916000	90.870000	0.447146	0.000000	
0.000002	0.000507	99.914000	90.790000	0.477792	0.000000	
0.000002	0.000507	99.918000	90.930000	0.448412	0.000000	
0.000002	0.000507	99.920000	91.010000	0.464312	0.000000	
0.000002	0.000506	99.942000	90.910000	0.418589	0.000000	
0.000002	0.000508	99.940000	91.000000	0.444137	0.000000	
0.000002	0.000504	99.940000	91.060000	0.425774	0.000000	
0.000002	0.000509	99.928000	90.880000	0.443510	0.000000	
0.000002	0.000505	99.916000	90.850000	0.466576	0.000000	
0.000002	0.000506	99.936000	91.000000	0.422419	0.000000	
0.000002	0.000507	99.926000	90.910000	0.435975	0.000000	
0.000002	0.000505	99.942000	90.980000	0.417498	0.000000	
