Train Loss	Valid Loss	Train Acc.	Valid Acc.	Grad Norm	Noise Record	
0.001326	0.034783	14.560000	13.630000	6.285913	0.000010	
0.000993	0.002231	21.982000	19.990000	1.688633	0.000010	
0.000954	0.001855	25.532000	28.210000	1.456531	0.000010	
0.000924	0.001856	27.900000	30.240000	1.719154	0.000010	
0.000874	0.001717	32.542000	35.140000	2.000920	0.000010	
0.000814	0.001751	37.752000	38.040000	2.212944	0.000010	
0.000772	0.001738	41.526000	35.610000	2.483107	0.000010	
0.000723	0.001804	45.778000	41.320000	3.163295	0.000010	
0.000674	0.001408	49.852000	49.410000	2.889554	0.000010	
0.000632	0.001738	53.576000	43.050000	3.351654	0.000010	
0.000607	0.001219	55.496000	56.730000	3.239045	0.000010	
0.000562	0.001298	59.522000	54.000000	3.344267	0.000010	
0.000519	0.001125	62.576000	60.280000	3.281768	0.000010	
0.000481	0.001163	65.548000	61.000000	3.359754	0.000010	
0.000457	0.001162	67.366000	60.780000	3.364599	0.000010	
0.000434	0.000970	68.910000	66.490000	3.383707	0.000010	
0.000407	0.000951	71.232000	67.430000	3.217273	0.000010	
0.000380	0.001011	73.090000	66.490000	2.978083	0.000010	
0.000362	0.000966	74.318000	66.910000	3.177871	0.000010	
0.000338	0.000847	76.256000	71.970000	3.046004	0.000010	
0.000317	0.000850	77.740000	70.690000	3.039726	0.000010	
0.000295	0.000777	79.102000	73.660000	2.954444	0.000010	
0.000275	0.000851	80.744000	72.490000	2.845564	0.000010	
0.000258	0.000616	81.938000	79.440000	2.720614	0.000010	
0.000243	0.000684	82.846000	77.880000	2.858335	0.000010	
0.000238	0.000777	83.362000	75.590000	2.753462	0.000010	
0.000220	0.000659	84.588000	79.090000	2.698827	0.000010	
0.000212	0.000764	85.192000	77.130000	2.708226	0.000010	
0.000200	0.000572	86.146000	81.750000	2.611153	0.000010	
0.000186	0.000725	87.132000	77.900000	2.572824	0.000010	
0.000181	0.000474	87.208000	84.180000	2.623285	0.000010	
0.000175	0.000617	87.724000	80.560000	2.690141	0.000010	
0.000167	0.000488	88.394000	83.850000	2.550189	0.000010	
0.000154	0.000529	89.140000	82.970000	2.527569	0.000010	
0.000151	0.000733	89.290000	78.740000	2.580847	0.000010	
0.000144	0.000480	89.766000	84.100000	2.508986	0.000010	
0.000140	0.000583	90.084000	82.750000	2.569770	0.000010	
0.000128	0.000604	90.882000	82.710000	2.415346	0.000010	
0.000124	0.000557	91.258000	83.310000	2.478819	0.000010	
0.000119	0.000520	91.602000	84.740000	2.444972	0.000010	
0.000113	0.000557	91.902000	84.080000	2.537213	0.000010	
0.000111	0.000510	92.194000	84.330000	2.395872	0.000010	
0.000104	0.000475	92.638000	85.700000	2.418407	0.000010	
0.000098	0.000495	93.046000	85.810000	2.375644	0.000010	
0.000094	0.000485	93.308000	86.470000	2.380811	0.000010	
0.000092	0.000559	93.456000	84.550000	2.414050	0.000010	
0.000091	0.000544	93.544000	84.910000	2.447162	0.000010	
0.000086	0.000500	93.880000	86.220000	2.432270	0.000010	
0.000082	0.000514	94.052000	85.780000	2.384276	0.000010	
0.000075	0.000504	94.614000	86.480000	2.299802	0.000010	
0.000071	0.000484	94.952000	86.900000	2.262064	0.000010	
0.000069	0.000480	94.978000	86.740000	2.335288	0.000010	
0.000067	0.000466	95.170000	87.650000	2.290713	0.000010	
0.000061	0.000530	95.682000	86.490000	2.151506	0.000010	
0.000058	0.000573	95.824000	86.460000	2.216552	0.000010	
0.000055	0.000562	96.070000	86.070000	2.145525	0.000010	
0.000053	0.000626	96.204000	85.400000	2.163719	0.000010	
0.000055	0.000493	96.062000	87.440000	2.321704	0.000010	
0.000052	0.000627	96.248000	85.160000	2.177019	0.000010	
0.000049	0.000489	96.602000	88.160000	2.117556	0.000010	
0.000046	0.000488	96.684000	88.130000	2.121322	0.000010	
0.000042	0.000570	96.966000	86.970000	2.018676	0.000010	
0.000040	0.000545	97.138000	87.440000	2.031865	0.000010	
0.000040	0.000510	97.100000	88.360000	2.103196	0.000010	
0.000042	0.000621	96.992000	86.720000	2.118279	0.000010	
0.000040	0.000511	97.236000	88.030000	2.037394	0.000010	
0.000035	0.000606	97.466000	86.860000	2.012932	0.000010	
0.000040	0.000564	97.182000	87.020000	2.211419	0.000010	
0.000036	0.000496	97.398000	88.650000	1.973725	0.000010	
0.000031	0.000515	97.796000	88.280000	1.866329	0.000010	
0.000032	0.000530	97.818000	88.600000	1.873721	0.000010	
0.000028	0.000582	97.946000	87.750000	1.832875	0.000010	
0.000026	0.000540	98.084000	88.480000	1.763216	0.000010	
0.000025	0.000622	98.260000	87.420000	1.795248	0.000010	
0.000027	0.000602	98.010000	87.610000	1.947749	0.000010	
0.000028	0.000543	98.026000	88.750000	1.865405	0.000010	
0.000030	0.000647	97.992000	86.660000	1.937682	0.000010	
0.000025	0.000504	98.290000	89.040000	1.781214	0.000010	
0.000023	0.000564	98.330000	88.070000	1.727452	0.000010	
0.000023	0.000546	98.372000	88.700000	1.749505	0.000010	
0.000014	0.000444	99.070000	90.870000	1.251394	0.000001	
0.000009	0.000430	99.466000	90.990000	0.893657	0.000001	
0.000007	0.000427	99.644000	91.140000	0.766218	0.000001	
0.000006	0.000428	99.666000	91.180000	0.747437	0.000001	
0.000006	0.000431	99.698000	91.150000	0.734380	0.000001	
0.000005	0.000430	99.750000	91.160000	0.690494	0.000001	
0.000005	0.000436	99.790000	90.980000	0.648975	0.000001	
0.000004	0.000436	99.766000	91.200000	0.664990	0.000001	
0.000005	0.000438	99.774000	91.270000	0.655763	0.000001	
0.000004	0.000437	99.800000	91.280000	0.643886	0.000001	
0.000004	0.000438	99.764000	91.290000	0.632311	0.000001	
0.000004	0.000446	99.780000	91.110000	0.631369	0.000001	
0.000003	0.000445	99.854000	91.220000	0.557224	0.000001	
0.000004	0.000446	99.842000	91.190000	0.611634	0.000001	
0.000003	0.000449	99.864000	91.300000	0.560665	0.000001	
0.000003	0.000448	99.874000	91.350000	0.523960	0.000001	
0.000003	0.000454	99.856000	91.320000	0.582978	0.000001	
0.000003	0.000452	99.858000	91.350000	0.581081	0.000001	
0.000003	0.000458	99.880000	91.240000	0.537714	0.000001	
0.000003	0.000457	99.866000	91.200000	0.566966	0.000001	
0.000003	0.000455	99.880000	91.330000	0.529927	0.000001	
0.000003	0.000460	99.892000	91.390000	0.556785	0.000001	
0.000003	0.000460	99.856000	91.200000	0.549606	0.000001	
0.000002	0.000461	99.902000	91.210000	0.496865	0.000001	
0.000003	0.000463	99.878000	91.210000	0.533596	0.000001	
0.000002	0.000468	99.896000	91.190000	0.511150	0.000001	
0.000003	0.000473	99.894000	91.040000	0.507971	0.000001	
0.000002	0.000472	99.922000	91.250000	0.476070	0.000001	
0.000002	0.000477	99.910000	91.120000	0.510587	0.000001	
0.000002	0.000479	99.890000	91.190000	0.525513	0.000001	
0.000002	0.000478	99.916000	91.260000	0.491950	0.000001	
0.000002	0.000478	99.930000	91.240000	0.467808	0.000001	
0.000002	0.000476	99.932000	91.210000	0.434831	0.000001	
0.000002	0.000486	99.914000	91.230000	0.462705	0.000001	
0.000002	0.000482	99.914000	91.250000	0.472300	0.000001	
0.000002	0.000485	99.890000	91.380000	0.515077	0.000001	
0.000002	0.000487	99.924000	91.320000	0.474800	0.000001	
0.000002	0.000487	99.924000	91.320000	0.443106	0.000001	
0.000002	0.000489	99.912000	91.150000	0.464876	0.000001	
0.000002	0.000486	99.932000	91.310000	0.430952	0.000001	
0.000002	0.000487	99.916000	91.190000	0.439797	0.000000	
0.000002	0.000488	99.918000	91.220000	0.442993	0.000000	
0.000002	0.000488	99.936000	91.310000	0.437745	0.000000	
0.000002	0.000487	99.940000	91.200000	0.436135	0.000000	
0.000002	0.000486	99.930000	91.360000	0.454260	0.000000	
0.000002	0.000485	99.932000	91.360000	0.442815	0.000000	
0.000002	0.000488	99.924000	91.250000	0.456590	0.000000	
0.000002	0.000489	99.952000	91.210000	0.409094	0.000000	
0.000002	0.000487	99.922000	91.260000	0.443726	0.000000	
0.000002	0.000487	99.950000	91.410000	0.408115	0.000000	
0.000002	0.000488	99.930000	91.380000	0.426891	0.000000	
0.000002	0.000492	99.926000	91.250000	0.475103	0.000000	
0.000002	0.000489	99.944000	91.340000	0.413491	0.000000	
0.000002	0.000488	99.944000	91.280000	0.403502	0.000000	
0.000002	0.000486	99.930000	91.300000	0.452536	0.000000	
0.000002	0.000487	99.962000	91.360000	0.387226	0.000000	
0.000002	0.000486	99.932000	91.390000	0.402625	0.000000	
0.000002	0.000486	99.938000	91.240000	0.421411	0.000000	
0.000002	0.000489	99.950000	91.400000	0.400016	0.000000	
0.000002	0.000488	99.938000	91.290000	0.420216	0.000000	
0.000002	0.000490	99.934000	91.320000	0.448706	0.000000	
0.000002	0.000487	99.940000	91.250000	0.422693	0.000000	
0.000002	0.000486	99.956000	91.310000	0.404644	0.000000	
0.000002	0.000489	99.944000	91.280000	0.431840	0.000000	
0.000002	0.000491	99.950000	91.200000	0.421445	0.000000	
0.000002	0.000493	99.936000	91.260000	0.415176	0.000000	
0.000002	0.000489	99.936000	91.290000	0.417363	0.000000	
0.000001	0.000488	99.934000	91.320000	0.405780	0.000000	
0.000002	0.000490	99.944000	91.440000	0.381475	0.000000	
0.000002	0.000488	99.934000	91.350000	0.404369	0.000000	
