Train Loss	Valid Loss	Train Acc.	Valid Acc.	Grad Norm	Noise Record	
0.000541	0.002294	22.564000	16.080000	10.093620	0.000004	
0.000445	0.001941	35.590000	29.640000	5.443668	0.000002	
0.000390	0.001706	44.450000	40.230000	6.366957	0.000001	
0.000361	0.001580	48.732000	42.670000	6.967474	0.000001	
0.000322	0.001426	54.832000	50.640000	7.153266	0.000001	
0.000297	0.001310	58.736000	54.220000	8.613834	0.000001	
0.000271	0.001715	62.828000	46.260000	8.059101	0.000001	
0.000260	0.001250	64.182000	58.760000	7.256259	0.000001	
0.000222	0.001375	69.670000	56.590000	6.070077	0.000001	
0.000197	0.001068	73.180000	63.890000	6.114014	0.000001	
0.000180	0.000859	75.686000	70.930000	6.136873	0.000001	
0.000168	0.001104	77.076000	66.400000	6.260762	0.000001	
0.000153	0.000834	79.394000	72.970000	5.979376	0.000001	
0.000142	0.000773	80.742000	74.340000	5.731490	0.000001	
0.000132	0.000830	82.234000	73.510000	5.365743	0.000001	
0.000122	0.000643	83.564000	78.590000	5.494552	0.000001	
0.000121	0.000786	83.776000	75.030000	6.137262	0.000001	
0.000111	0.000608	84.836000	79.620000	5.426989	0.000001	
0.000103	0.000609	86.434000	79.820000	4.971736	0.000000	
0.000099	0.000513	86.666000	82.750000	5.370510	0.000000	
0.000093	0.000512	87.470000	83.050000	5.301809	0.000000	
0.000087	0.000492	88.344000	83.430000	5.064194	0.000000	
0.000085	0.000641	88.646000	80.150000	5.278217	0.000000	
0.000082	0.000593	88.960000	81.060000	5.234235	0.000000	
0.000076	0.000581	89.724000	82.680000	4.970458	0.000000	
0.000075	0.000800	89.886000	77.550000	5.156730	0.000000	
0.000072	0.000663	90.356000	80.070000	4.973094	0.000000	
0.000068	0.000810	90.994000	76.820000	4.837784	0.000000	
0.000066	0.000653	90.946000	80.380000	5.015465	0.000000	
0.000063	0.000448	91.526000	85.780000	4.947068	0.000000	
0.000058	0.000484	92.080000	84.820000	4.756354	0.000000	
0.000059	0.000498	92.058000	84.800000	4.911785	0.000000	
0.000054	0.000601	92.596000	82.640000	4.443665	0.000000	
0.000051	0.000462	93.110000	85.750000	4.429309	0.000000	
0.000049	0.000561	93.290000	83.910000	4.544230	0.000000	
0.000046	0.000499	93.760000	85.070000	4.390315	0.000000	
0.000046	0.000460	93.606000	86.920000	4.474268	0.000000	
0.000042	0.000531	94.380000	84.410000	4.209619	0.000000	
0.000041	0.000631	94.502000	83.870000	4.484599	0.000000	
0.000041	0.000514	94.586000	85.260000	4.508016	0.000000	
0.000038	0.000679	94.848000	82.840000	4.379097	0.000000	
0.000037	0.000514	94.952000	85.510000	4.288057	0.000000	
0.000035	0.000607	95.130000	84.050000	4.289844	0.000000	
0.000035	0.000549	95.378000	84.960000	4.373809	0.000000	
0.000033	0.000555	95.436000	85.400000	4.230723	0.000000	
0.000030	0.000696	95.886000	82.750000	4.005541	0.000000	
0.000030	0.000488	95.944000	86.330000	4.164948	0.000000	
0.000029	0.000581	96.092000	85.460000	4.090368	0.000000	
0.000028	0.000560	96.050000	85.510000	4.152965	0.000000	
0.000027	0.000558	96.298000	86.090000	4.057297	0.000000	
0.000027	0.000600	96.410000	85.690000	4.200095	0.000000	
0.000028	0.000761	96.226000	83.280000	4.437374	0.000000	
0.000024	0.000490	96.772000	86.950000	3.866460	0.000000	
0.000023	0.000447	96.968000	88.350000	3.752534	0.000000	
0.000021	0.000516	97.174000	86.880000	3.662541	0.000000	
0.000020	0.000471	97.400000	88.230000	3.668108	0.000000	
0.000023	0.000695	97.072000	84.910000	4.105665	0.000000	
0.000020	0.000640	97.212000	85.260000	3.785487	0.000000	
0.000020	0.000491	97.240000	87.860000	3.731820	0.000000	
0.000018	0.000549	97.508000	87.160000	3.651928	0.000000	
0.000018	0.000550	97.604000	87.440000	3.598664	0.000000	
0.000017	0.000514	97.624000	88.170000	3.514273	0.000000	
0.000016	0.000470	97.838000	88.760000	3.303161	0.000000	
0.000016	0.000537	97.856000	87.540000	3.372755	0.000000	
0.000016	0.000556	97.926000	87.270000	3.404130	0.000000	
0.000015	0.000500	98.054000	88.090000	3.268559	0.000000	
0.000015	0.000519	98.054000	88.480000	3.315638	0.000000	
0.000014	0.000486	98.036000	88.860000	3.350215	0.000000	
0.000013	0.000530	98.266000	87.690000	3.107453	0.000000	
0.000013	0.000508	98.192000	88.790000	3.224042	0.000000	
0.000012	0.000583	98.352000	87.890000	3.148658	0.000000	
0.000012	0.000564	98.394000	87.620000	3.161618	0.000000	
0.000011	0.000551	98.560000	88.420000	3.128285	0.000000	
0.000012	0.000497	98.444000	88.850000	3.098389	0.000000	
0.000012	0.000481	98.450000	89.030000	3.090232	0.000000	
0.000010	0.000530	98.676000	88.700000	2.890468	0.000000	
0.000011	0.000549	98.706000	88.210000	2.940456	0.000000	
0.000012	0.000539	98.454000	88.280000	3.282298	0.000000	
0.000011	0.000643	98.494000	86.710000	3.229396	0.000000	
0.000012	0.000548	98.418000	88.690000	3.127286	0.000000	
0.000008	0.000433	98.944000	90.290000	2.350059	0.000000	
0.000005	0.000412	99.416000	90.590000	1.644371	0.000000	
0.000004	0.000407	99.660000	90.910000	1.487910	0.000000	
0.000003	0.000409	99.724000	90.800000	1.254162	0.000000	
0.000003	0.000408	99.762000	90.810000	1.197179	0.000000	
0.000003	0.000407	99.716000	90.870000	1.246634	0.000000	
0.000003	0.000411	99.800000	90.840000	1.091952	0.000000	
0.000003	0.000409	99.788000	90.920000	1.132341	0.000000	
0.000002	0.000408	99.802000	91.040000	1.125455	0.000000	
0.000002	0.000409	99.806000	91.000000	1.076085	0.000000	
0.000002	0.000409	99.838000	90.910000	1.064759	0.000000	
0.000002	0.000411	99.804000	90.870000	1.023508	0.000000	
0.000002	0.000412	99.834000	90.950000	1.026280	0.000000	
0.000002	0.000411	99.872000	90.970000	1.042400	0.000000	
0.000002	0.000411	99.842000	90.970000	1.004135	0.000000	
0.000002	0.000410	99.866000	90.960000	1.023079	0.000000	
0.000002	0.000412	99.902000	91.060000	0.878453	0.000000	
0.000002	0.000413	99.864000	91.140000	0.874070	0.000000	
0.000002	0.000415	99.850000	90.930000	1.039495	0.000000	
0.000002	0.000410	99.878000	90.990000	0.820053	0.000000	
0.000002	0.000411	99.894000	91.010000	0.865179	0.000000	
0.000002	0.000412	99.902000	91.070000	0.918405	0.000000	
0.000002	0.000412	99.884000	91.060000	0.874495	0.000000	
0.000002	0.000413	99.914000	91.050000	0.903568	0.000000	
0.000002	0.000413	99.898000	91.020000	0.855292	0.000000	
0.000002	0.000413	99.900000	91.030000	0.852081	0.000000	
0.000001	0.000417	99.912000	91.020000	0.779868	0.000000	
0.000002	0.000417	99.896000	91.050000	0.887238	0.000000	
0.000002	0.000418	99.920000	91.040000	0.869956	0.000000	
0.000001	0.000421	99.938000	90.910000	0.780533	0.000000	
0.000001	0.000420	99.918000	91.060000	0.768280	0.000000	
0.000001	0.000420	99.918000	91.010000	0.790640	0.000000	
0.000001	0.000422	99.924000	90.940000	0.716918	0.000000	
0.000001	0.000423	99.904000	91.010000	0.899337	0.000000	
0.000001	0.000421	99.934000	91.100000	0.728556	0.000000	
0.000001	0.000418	99.932000	91.070000	0.802681	0.000000	
0.000001	0.000420	99.946000	91.050000	0.776712	0.000000	
0.000001	0.000421	99.932000	91.080000	0.844804	0.000000	
0.000001	0.000422	99.938000	91.050000	0.824625	0.000000	
0.000001	0.000423	99.914000	91.170000	0.859942	0.000000	
0.000001	0.000421	99.906000	91.250000	0.869482	0.000000	
0.000001	0.000421	99.932000	91.050000	0.730546	0.000000	
0.000001	0.000420	99.942000	91.060000	0.820962	0.000000	
0.000001	0.000421	99.920000	91.080000	0.773450	0.000000	
0.000001	0.000420	99.934000	91.180000	0.800306	0.000000	
0.000001	0.000420	99.950000	91.160000	0.683439	0.000000	
0.000001	0.000420	99.944000	91.130000	0.732952	0.000000	
0.000001	0.000421	99.934000	91.140000	0.779250	0.000000	
0.000001	0.000419	99.926000	91.210000	0.787595	0.000000	
0.000001	0.000421	99.952000	91.140000	0.728551	0.000000	
0.000001	0.000421	99.946000	91.160000	0.706736	0.000000	
0.000001	0.000423	99.932000	91.170000	0.753539	0.000000	
0.000001	0.000422	99.952000	91.120000	0.733735	0.000000	
0.000001	0.000422	99.958000	91.190000	0.607333	0.000000	
0.000001	0.000420	99.942000	91.180000	0.674794	0.000000	
0.000001	0.000420	99.930000	91.190000	0.896755	0.000000	
0.000001	0.000419	99.964000	91.180000	0.617426	0.000000	
0.000001	0.000418	99.952000	91.220000	0.757084	0.000000	
0.000001	0.000421	99.936000	91.140000	0.690147	0.000000	
0.000001	0.000421	99.940000	91.140000	0.796749	0.000000	
0.000001	0.000422	99.932000	91.140000	0.795104	0.000000	
0.000001	0.000421	99.942000	91.110000	0.705120	0.000000	
0.000001	0.000420	99.946000	91.180000	0.701424	0.000000	
0.000001	0.000421	99.944000	91.160000	0.697636	0.000000	
0.000001	0.000421	99.950000	91.150000	0.714225	0.000000	
0.000001	0.000422	99.928000	91.200000	0.751202	0.000000	
0.000001	0.000422	99.940000	91.200000	0.794481	0.000000	
0.000001	0.000421	99.952000	91.230000	0.741763	0.000000	
0.000001	0.000420	99.948000	91.210000	0.754734	0.000000	
0.000001	0.000422	99.952000	91.170000	0.689000	0.000000	
