Train Loss	Valid Loss	Train Acc.	Valid Acc.	Grad Norm	Noise Record	
0.000814	0.035240	11.884000	10.110000	11.178659	0.000100	
0.000575	0.009046	15.928000	14.210000	1.407266	0.000100	
0.000533	0.006043	21.110000	18.050000	1.332377	0.000100	
0.000500	0.002876	26.968000	22.470000	1.385935	0.000100	
0.000470	0.002246	30.734000	25.100000	1.891276	0.000100	
0.000450	0.001812	33.688000	35.290000	2.563707	0.000100	
0.000430	0.001662	37.382000	38.480000	2.475316	0.000100	
0.000423	0.001750	39.152000	38.390000	3.107390	0.000100	
0.000404	0.001598	41.954000	40.990000	2.302245	0.000100	
0.000391	0.001599	43.472000	41.910000	2.748143	0.000100	
0.000385	0.001489	45.234000	44.880000	3.021098	0.000100	
0.000374	0.001557	46.910000	42.020000	2.713788	0.000100	
0.000365	0.001485	47.928000	45.230000	3.043180	0.000100	
0.000355	0.001355	49.564000	49.340000	2.995714	0.000100	
0.000339	0.001396	52.066000	48.620000	2.764964	0.000100	
0.000327	0.001329	54.008000	51.240000	3.428868	0.000100	
0.000321	0.001548	55.250000	46.140000	3.842305	0.000100	
0.000306	0.001250	57.198000	54.000000	3.128102	0.000100	
0.000286	0.001483	60.096000	49.310000	3.424713	0.000100	
0.000276	0.001166	61.406000	58.710000	3.544622	0.000100	
0.000267	0.001199	63.230000	56.870000	3.743804	0.000100	
0.000254	0.001069	65.006000	62.310000	3.381381	0.000100	
0.000247	0.001358	65.992000	54.950000	4.102748	0.000100	
0.000249	0.001187	65.674000	59.580000	3.332766	0.000100	
0.000230	0.001078	68.068000	62.950000	3.352696	0.000100	
0.000217	0.001151	70.282000	62.770000	3.187842	0.000100	
0.000207	0.001054	71.740000	64.610000	3.132231	0.000100	
0.000205	0.001042	71.980000	64.360000	3.628642	0.000100	
0.000192	0.000824	73.508000	71.280000	3.158620	0.000100	
0.000188	0.000816	74.546000	71.650000	3.315036	0.000100	
0.000179	0.000872	75.276000	71.220000	3.035047	0.000100	
0.000178	0.000834	75.828000	71.810000	3.424836	0.000100	
0.000168	0.000699	77.054000	75.700000	2.883261	0.000100	
0.000160	0.000772	78.074000	73.640000	3.018596	0.000100	
0.000156	0.000923	78.614000	70.530000	3.092601	0.000100	
0.000148	0.000816	79.798000	72.940000	3.116434	0.000100	
0.000147	0.000757	80.084000	74.720000	3.181434	0.000100	
0.000139	0.000846	81.168000	72.400000	3.066209	0.000100	
0.000135	0.000648	81.840000	78.130000	2.966515	0.000100	
0.000128	0.000732	82.564000	75.750000	2.729578	0.000100	
0.000125	0.000833	83.172000	73.980000	3.024007	0.000100	
0.000121	0.000686	83.684000	77.610000	2.981525	0.000100	
0.000120	0.000706	83.872000	76.830000	2.975596	0.000100	
0.000113	0.000599	84.802000	79.380000	2.889109	0.000100	
0.000105	0.000623	85.666000	80.340000	2.668090	0.000100	
0.000105	0.000631	85.546000	79.280000	2.929050	0.000100	
0.000100	0.000612	86.592000	79.740000	2.584354	0.000100	
0.000098	0.000761	86.946000	76.630000	2.729662	0.000100	
0.000096	0.000556	86.874000	82.040000	2.972524	0.000100	
0.000092	0.000554	87.596000	81.750000	2.764972	0.000100	
0.000087	0.000796	88.296000	75.970000	2.536747	0.000100	
0.000086	0.000531	88.460000	83.590000	2.787402	0.000100	
0.000082	0.000516	88.798000	83.510000	2.604304	0.000100	
0.000079	0.000500	89.314000	84.210000	2.529437	0.000100	
0.000075	0.000515	89.868000	83.680000	2.563417	0.000100	
0.000073	0.000516	90.254000	83.610000	2.521112	0.000100	
0.000073	0.000523	89.926000	83.360000	2.803963	0.000100	
0.000070	0.000508	90.734000	84.390000	2.528986	0.000100	
0.000068	0.000575	90.644000	82.480000	2.631555	0.000100	
0.000065	0.000564	91.122000	83.010000	2.478280	0.000100	
0.000064	0.000533	91.374000	84.230000	2.558912	0.000100	
0.000063	0.000591	91.426000	82.490000	2.539619	0.000100	
0.000058	0.000558	92.142000	83.270000	2.366877	0.000100	
0.000056	0.000507	92.402000	85.080000	2.517230	0.000100	
0.000055	0.000491	92.466000	85.640000	2.505775	0.000100	
0.000053	0.000622	92.658000	82.470000	2.430639	0.000100	
0.000053	0.000563	92.742000	84.820000	2.570765	0.000100	
0.000051	0.000473	93.138000	86.070000	2.440988	0.000100	
0.000049	0.000575	93.410000	84.130000	2.452521	0.000100	
0.000047	0.000566	93.618000	83.900000	2.384245	0.000100	
0.000045	0.000524	93.818000	85.460000	2.397674	0.000100	
0.000044	0.000522	94.032000	85.250000	2.437727	0.000100	
0.000044	0.000606	94.070000	84.280000	2.399988	0.000100	
0.000041	0.000574	94.382000	84.370000	2.282107	0.000100	
0.000037	0.000574	94.942000	85.250000	2.232569	0.000100	
0.000038	0.000512	94.858000	86.640000	2.330947	0.000100	
0.000038	0.000501	94.966000	86.080000	2.419402	0.000100	
0.000039	0.000541	94.566000	85.800000	2.620285	0.000100	
0.000037	0.000561	94.860000	85.650000	2.386256	0.000100	
0.000033	0.000541	95.548000	86.020000	2.112674	0.000100	
0.000026	0.000423	96.590000	89.010000	1.649913	0.000010	
0.000020	0.000407	97.332000	89.240000	1.374727	0.000010	
0.000018	0.000410	97.690000	89.220000	1.289132	0.000010	
0.000016	0.000412	97.952000	89.500000	1.184505	0.000010	
0.000016	0.000414	98.136000	89.620000	1.222919	0.000010	
0.000015	0.000418	98.248000	89.400000	1.187004	0.000010	
0.000014	0.000426	98.344000	89.490000	1.167447	0.000010	
0.000014	0.000423	98.278000	89.500000	1.221726	0.000010	
0.000014	0.000426	98.378000	89.510000	1.194309	0.000010	
0.000013	0.000428	98.378000	89.560000	1.189001	0.000010	
0.000013	0.000431	98.510000	89.450000	1.198957	0.000010	
0.000013	0.000436	98.454000	89.690000	1.174458	0.000010	
0.000012	0.000439	98.608000	89.530000	1.161197	0.000010	
0.000011	0.000439	98.712000	89.740000	1.133751	0.000010	
0.000011	0.000442	98.700000	89.710000	1.151728	0.000010	
0.000011	0.000445	98.626000	89.500000	1.182295	0.000010	
0.000010	0.000451	98.846000	89.450000	1.083878	0.000010	
0.000010	0.000450	98.838000	89.610000	1.093952	0.000010	
0.000010	0.000455	98.828000	89.600000	1.191427	0.000010	
0.000010	0.000454	98.804000	89.510000	1.190372	0.000010	
0.000010	0.000455	98.796000	89.620000	1.149986	0.000010	
0.000010	0.000457	98.850000	89.510000	1.163336	0.000010	
0.000009	0.000461	98.982000	89.640000	1.113894	0.000010	
0.000009	0.000465	98.996000	89.630000	1.105812	0.000010	
0.000009	0.000471	99.014000	89.700000	1.183132	0.000010	
0.000009	0.000470	98.964000	89.660000	1.161511	0.000010	
0.000009	0.000471	98.982000	89.520000	1.182886	0.000010	
0.000009	0.000467	99.076000	89.500000	1.157475	0.000010	
0.000008	0.000476	99.082000	89.710000	1.142688	0.000010	
0.000008	0.000479	99.084000	89.710000	1.148320	0.000010	
0.000008	0.000481	99.058000	89.480000	1.133349	0.000010	
0.000008	0.000481	99.206000	89.600000	1.131350	0.000010	
0.000008	0.000486	99.112000	89.520000	1.149656	0.000010	
0.000008	0.000482	99.118000	89.750000	1.129124	0.000010	
0.000008	0.000487	99.150000	89.690000	1.203104	0.000010	
0.000008	0.000489	99.116000	89.610000	1.181292	0.000010	
0.000007	0.000495	99.224000	89.480000	1.129168	0.000010	
0.000007	0.000494	99.232000	89.620000	1.134683	0.000010	
0.000007	0.000498	99.216000	89.690000	1.138687	0.000010	
0.000007	0.000501	99.224000	89.590000	1.137693	0.000010	
0.000006	0.000498	99.344000	89.720000	1.071000	0.000001	
0.000006	0.000495	99.390000	89.760000	1.047510	0.000001	
0.000006	0.000494	99.294000	89.750000	1.029721	0.000001	
0.000006	0.000495	99.338000	89.770000	1.117784	0.000001	
0.000006	0.000496	99.318000	89.690000	1.050939	0.000001	
0.000006	0.000495	99.330000	89.730000	1.054898	0.000001	
0.000006	0.000496	99.324000	89.690000	1.070168	0.000001	
0.000006	0.000497	99.388000	89.760000	0.989750	0.000001	
0.000006	0.000494	99.410000	89.710000	0.960080	0.000001	
0.000006	0.000495	99.420000	89.690000	0.992667	0.000001	
0.000006	0.000497	99.402000	89.670000	1.040520	0.000001	
0.000006	0.000498	99.336000	89.760000	1.024832	0.000001	
0.000006	0.000498	99.416000	89.700000	1.058577	0.000001	
0.000006	0.000498	99.430000	89.670000	1.002882	0.000001	
0.000006	0.000497	99.436000	89.710000	1.012258	0.000001	
0.000006	0.000496	99.382000	89.730000	1.047267	0.000001	
0.000006	0.000496	99.458000	89.720000	0.972888	0.000001	
0.000006	0.000497	99.384000	89.610000	1.050398	0.000001	
0.000006	0.000498	99.344000	89.740000	1.007585	0.000001	
0.000006	0.000499	99.440000	89.730000	1.007257	0.000001	
0.000006	0.000500	99.398000	89.650000	0.945678	0.000001	
0.000006	0.000499	99.356000	89.750000	1.026441	0.000001	
0.000006	0.000499	99.452000	89.780000	1.028900	0.000001	
0.000006	0.000500	99.422000	89.710000	0.977993	0.000001	
0.000005	0.000498	99.442000	89.710000	0.924405	0.000001	
0.000006	0.000500	99.402000	89.740000	1.079590	0.000001	
0.000006	0.000501	99.404000	89.690000	1.014431	0.000001	
0.000006	0.000499	99.404000	89.670000	1.015642	0.000001	
0.000006	0.000500	99.436000	89.670000	1.010061	0.000001	
0.000006	0.000501	99.380000	89.680000	1.015258	0.000001	
