Train Loss	Valid Loss	Train Acc.	Valid Acc.	
0.000392	0.355264	14.420000	10.010000	
0.000332	2.848399	17.056000	10.000000	
0.000288	0.079028	21.990000	10.790000	
0.000273	0.017293	25.934000	10.000000	
0.000261	0.010102	29.164000	12.710000	
0.000248	0.006775	32.702000	12.200000	
0.000243	0.004872	34.212000	19.450000	
0.000240	0.006080	35.314000	16.700000	
0.000241	0.005207	35.650000	19.200000	
0.000245	0.003773	34.840000	22.140000	
0.000287	0.003516	31.736000	28.590000	
0.000295	0.004240	30.330000	23.470000	
0.000289	0.003582	31.012000	29.150000	
0.000250	0.003174	34.998000	26.170000	
0.000238	0.002705	37.492000	23.190000	
0.000230	0.002150	38.950000	28.680000	
0.000224	0.002913	40.426000	22.540000	
0.000225	0.002711	40.600000	25.830000	
0.000225	0.001866	40.906000	38.330000	
0.000227	0.002108	40.624000	33.130000	
0.000224	0.002112	42.126000	31.850000	
0.000222	0.002228	42.818000	34.260000	
0.000219	0.002227	43.110000	34.580000	
0.000218	0.002138	42.894000	35.750000	
0.000216	0.002008	43.316000	37.860000	
0.000216	0.002136	44.084000	36.170000	
0.000218	0.002008	43.034000	37.630000	
0.000218	0.001771	43.526000	40.270000	
0.000222	0.001834	43.260000	39.280000	
0.000218	0.002838	43.348000	27.920000	
0.000217	0.003367	43.520000	25.820000	
0.000221	0.002855	43.334000	28.940000	
0.000215	0.002763	44.766000	31.700000	
0.000212	0.002323	45.350000	34.230000	
0.000211	0.002255	45.628000	36.380000	
0.000215	0.001948	44.710000	38.090000	
0.000214	0.001946	44.920000	38.610000	
0.000209	0.002449	45.458000	33.550000	
0.000210	0.002067	45.692000	36.400000	
0.000208	0.002055	45.574000	36.970000	
0.000209	0.001962	46.124000	39.330000	
0.000208	0.001656	46.248000	45.590000	
0.000205	0.001723	47.274000	42.630000	
0.000205	0.001533	46.562000	47.390000	
0.000205	0.001829	46.992000	43.490000	
0.000208	0.001807	45.796000	42.600000	
0.000212	0.001634	45.528000	44.500000	
0.000204	0.001906	47.370000	39.750000	
0.000208	0.001883	46.354000	40.880000	
0.000212	0.002220	45.250000	33.900000	
0.000209	0.001950	45.846000	36.850000	
0.000207	0.001761	46.590000	42.730000	
0.000211	0.001907	46.402000	39.400000	
0.000204	0.002013	47.400000	38.350000	
0.000206	0.001793	47.798000	43.340000	
0.000207	0.002041	47.158000	37.770000	
0.000209	0.001897	47.484000	39.660000	
0.000204	0.001891	48.724000	39.210000	
0.000202	0.001765	49.028000	43.760000	
0.000202	0.001643	48.700000	45.450000	
0.000200	0.001713	48.714000	43.200000	
0.000203	0.001862	48.426000	40.710000	
0.000197	0.001574	49.366000	47.070000	
0.000193	0.001682	50.478000	46.000000	
0.000194	0.001717	50.212000	43.990000	
0.000194	0.002591	50.518000	34.330000	
0.000196	0.001789	50.060000	41.070000	
0.000191	0.002043	51.180000	37.210000	
0.000192	0.001806	51.188000	40.880000	
0.000194	0.001735	50.926000	42.010000	
0.000201	0.001748	48.542000	40.460000	
0.000198	0.002186	49.808000	33.130000	
0.000200	0.002563	49.560000	36.550000	
0.000198	0.001763	49.362000	44.180000	
0.000195	0.002288	49.966000	36.790000	
0.000201	0.001723	49.576000	45.440000	
0.000198	0.002455	50.248000	35.950000	
0.000196	0.001927	50.550000	41.940000	
0.000190	0.001602	51.420000	47.120000	
0.000188	0.001599	51.532000	48.290000	
0.000185	0.001384	53.044000	52.300000	
0.000182	0.001270	53.460000	55.080000	
0.000180	0.001266	53.940000	55.180000	
0.000178	0.001244	54.194000	55.950000	
0.000178	0.001252	54.592000	55.610000	
0.000177	0.001231	54.484000	56.090000	
0.000177	0.001231	54.810000	56.050000	
0.000175	0.001222	55.048000	56.390000	
0.000177	0.001217	55.096000	56.630000	
0.000175	0.001216	55.054000	56.430000	
0.000175	0.001200	55.592000	56.950000	
0.000174	0.001209	55.750000	56.790000	
0.000172	0.001207	55.900000	56.800000	
0.000173	0.001205	55.796000	56.860000	
0.000173	0.001198	55.782000	57.220000	
0.000171	0.001191	56.174000	57.450000	
0.000172	0.001195	56.112000	57.320000	
0.000170	0.001183	56.400000	57.630000	
0.000170	0.001179	56.614000	57.690000	
0.000170	0.001188	56.496000	57.560000	
0.000168	0.001188	56.488000	57.470000	
0.000171	0.001179	56.738000	57.810000	
0.000169	0.001173	56.838000	58.040000	
0.000168	0.001174	56.990000	57.950000	
0.000171	0.001170	56.764000	58.120000	
0.000169	0.001174	56.926000	57.990000	
0.000169	0.001173	57.094000	58.300000	
0.000169	0.001169	57.058000	58.330000	
0.000167	0.001165	57.228000	58.470000	
0.000167	0.001165	57.456000	58.370000	
0.000167	0.001161	57.296000	58.560000	
0.000166	0.001165	57.710000	58.180000	
0.000166	0.001155	57.682000	58.800000	
0.000166	0.001153	57.650000	58.640000	
0.000167	0.001150	57.946000	58.740000	
0.000165	0.001150	57.714000	58.750000	
0.000167	0.001146	58.034000	58.930000	
0.000166	0.001151	57.820000	58.860000	
0.000167	0.001145	58.032000	58.920000	
0.000164	0.001139	58.302000	58.860000	
0.000164	0.001139	58.200000	58.910000	
0.000164	0.001142	58.024000	58.900000	
0.000164	0.001142	57.838000	58.980000	
0.000164	0.001144	57.998000	58.860000	
0.000165	0.001140	58.292000	58.920000	
0.000164	0.001138	58.166000	59.110000	
0.000164	0.001136	58.108000	59.080000	
0.000165	0.001139	58.064000	59.060000	
0.000163	0.001138	58.322000	59.040000	
0.000164	0.001141	58.470000	58.960000	
0.000164	0.001139	58.234000	59.020000	
0.000164	0.001142	58.212000	58.960000	
0.000165	0.001142	58.160000	58.970000	
0.000163	0.001143	58.230000	58.990000	
0.000165	0.001140	58.282000	59.160000	
0.000164	0.001141	58.362000	59.060000	
0.000164	0.001143	58.374000	58.940000	
0.000164	0.001136	58.386000	59.190000	
0.000162	0.001136	58.120000	59.230000	
0.000164	0.001133	58.368000	59.170000	
0.000163	0.001137	58.394000	59.090000	
0.000163	0.001136	58.420000	59.120000	
0.000164	0.001136	58.304000	59.060000	
0.000164	0.001134	58.244000	59.070000	
0.000162	0.001134	58.404000	59.070000	
0.000163	0.001135	58.226000	59.220000	
0.000164	0.001136	58.326000	59.220000	
0.000163	0.001134	58.638000	59.300000	
0.000163	0.001132	58.358000	59.300000	
0.000164	0.001133	58.226000	59.110000	
