Train Loss	Valid Loss	Train Acc.	Valid Acc.	
0.000587	2118.788025	11.686000	10.000000	
0.000362	19.499536	10.082000	10.000000	
0.000326	2.330998	16.150000	10.320000	
0.000308	0.070510	18.186000	13.850000	
0.000291	0.010980	20.234000	13.530000	
0.000285	0.003008	22.702000	12.110000	
0.000277	0.003192	23.858000	12.200000	
0.000270	0.003002	27.634000	18.190000	
0.000262	0.002606	29.460000	18.910000	
0.000253	0.002067	31.756000	25.730000	
0.000248	0.002281	33.268000	26.380000	
0.000245	0.002051	33.954000	31.390000	
0.000243	0.002139	34.614000	28.450000	
0.000233	0.001909	37.094000	32.560000	
0.000230	0.001850	38.234000	34.390000	
0.000225	0.001747	38.994000	36.010000	
0.000218	0.001725	41.338000	36.590000	
0.000214	0.001749	42.466000	39.160000	
0.000209	0.001683	44.290000	39.970000	
0.000205	0.001629	45.812000	41.250000	
0.000202	0.001678	47.100000	40.470000	
0.000200	0.001559	47.416000	44.020000	
0.000195	0.002164	48.886000	37.500000	
0.000202	0.001453	47.232000	47.090000	
0.000192	0.001442	49.280000	48.520000	
0.000186	0.001345	51.664000	50.270000	
0.000180	0.001364	53.198000	50.580000	
0.000193	0.001376	49.716000	48.920000	
0.000182	0.001418	51.918000	48.920000	
0.000175	0.001446	54.068000	48.630000	
0.000166	0.001460	56.672000	48.950000	
0.000169	0.001247	56.676000	55.010000	
0.000163	0.001184	57.876000	57.680000	
0.000165	0.001263	57.486000	54.430000	
0.000156	0.001090	59.730000	60.730000	
0.000149	0.001127	61.170000	59.580000	
0.000146	0.001296	62.998000	54.730000	
0.000156	0.001272	59.590000	55.280000	
0.000147	0.001122	62.148000	59.900000	
0.000142	0.001082	63.410000	61.230000	
0.000138	0.001160	64.366000	59.700000	
0.000133	0.001047	65.932000	62.800000	
0.000130	0.000992	66.740000	65.490000	
0.000124	0.000940	68.266000	66.200000	
0.000121	0.001069	69.066000	63.720000	
0.000120	0.000951	69.272000	66.430000	
0.000118	0.000915	69.990000	67.800000	
0.000117	0.000885	70.340000	69.110000	
0.000117	0.000957	69.986000	66.470000	
0.000113	0.000963	71.280000	67.350000	
0.000113	0.001032	71.342000	65.210000	
0.000118	0.000961	69.658000	66.580000	
0.000111	0.001190	71.730000	59.540000	
0.000106	0.000929	72.794000	69.040000	
0.000103	0.000818	73.524000	70.950000	
0.000102	0.000801	74.460000	72.370000	
0.000102	0.000910	74.130000	69.270000	
0.000101	0.000858	74.740000	70.120000	
0.000100	0.000930	74.920000	68.930000	
0.000097	0.000884	75.420000	71.120000	
0.000093	0.000762	76.178000	73.910000	
0.000093	0.000796	76.656000	72.230000	
0.000090	0.000885	77.088000	69.840000	
0.000091	0.000824	76.912000	72.290000	
0.000091	0.000830	77.156000	71.450000	
0.000089	0.000831	77.492000	72.190000	
0.000087	0.000799	78.284000	73.180000	
0.000086	0.000694	78.128000	76.310000	
0.000084	0.000827	79.070000	72.640000	
0.000083	0.000825	78.952000	72.950000	
0.000081	0.000750	79.454000	74.560000	
0.000080	0.000734	80.018000	74.990000	
0.000079	0.000732	79.868000	75.400000	
0.000080	0.000741	79.806000	74.400000	
0.000078	0.000705	80.698000	76.900000	
0.000076	0.000727	80.976000	75.500000	
0.000076	0.000723	80.546000	76.100000	
0.000077	0.000723	80.684000	75.970000	
0.000076	0.000688	80.598000	76.400000	
0.000074	0.000747	81.494000	75.140000	
0.000072	0.000599	81.904000	79.930000	
0.000068	0.000582	82.998000	80.240000	
0.000067	0.000575	83.458000	80.330000	
0.000064	0.000560	83.730000	80.620000	
0.000065	0.000565	83.836000	80.700000	
0.000063	0.000558	84.098000	80.720000	
0.000063	0.000555	84.268000	80.950000	
0.000064	0.000553	84.260000	80.920000	
0.000063	0.000557	84.270000	80.910000	
0.000063	0.000555	84.418000	80.900000	
0.000062	0.000553	84.428000	80.940000	
0.000063	0.000557	84.522000	80.930000	
0.000062	0.000552	84.514000	81.230000	
0.000062	0.000552	84.598000	80.890000	
0.000062	0.000550	84.534000	81.010000	
0.000061	0.000549	84.640000	81.290000	
0.000060	0.000554	84.868000	81.140000	
0.000059	0.000551	84.980000	81.310000	
0.000061	0.000554	84.726000	81.180000	
0.000060	0.000549	84.952000	81.110000	
0.000059	0.000548	84.820000	81.280000	
0.000061	0.000548	84.826000	81.290000	
0.000060	0.000553	84.842000	81.260000	
0.000060	0.000550	85.074000	81.320000	
0.000060	0.000547	85.148000	81.470000	
0.000059	0.000553	85.176000	81.230000	
0.000060	0.000545	85.174000	81.680000	
0.000060	0.000548	85.278000	81.570000	
0.000060	0.000548	85.130000	81.380000	
0.000058	0.000550	85.414000	81.430000	
0.000059	0.000547	85.348000	81.370000	
0.000059	0.000543	85.268000	81.770000	
0.000059	0.000546	85.372000	81.330000	
0.000059	0.000546	85.512000	81.620000	
0.000059	0.000546	85.456000	81.630000	
0.000058	0.000547	85.494000	81.550000	
0.000059	0.000545	85.540000	81.680000	
0.000057	0.000547	85.680000	81.620000	
0.000059	0.000544	85.696000	81.780000	
0.000057	0.000543	85.818000	81.670000	
0.000057	0.000540	85.676000	81.750000	
0.000058	0.000539	85.730000	81.740000	
0.000057	0.000540	85.860000	81.860000	
0.000057	0.000539	85.892000	81.940000	
0.000056	0.000538	85.914000	81.930000	
0.000057	0.000538	85.790000	81.900000	
0.000057	0.000537	86.020000	82.010000	
0.000057	0.000538	85.918000	81.960000	
0.000057	0.000537	85.904000	82.000000	
0.000057	0.000538	85.872000	82.000000	
0.000058	0.000537	85.774000	82.050000	
0.000058	0.000538	85.842000	82.090000	
0.000057	0.000538	85.872000	82.030000	
0.000056	0.000538	85.846000	82.040000	
0.000058	0.000539	85.750000	82.000000	
0.000058	0.000536	85.744000	81.970000	
0.000057	0.000537	85.820000	81.950000	
0.000056	0.000536	86.080000	82.000000	
0.000056	0.000536	85.790000	82.090000	
0.000057	0.000535	85.766000	82.060000	
0.000056	0.000535	86.012000	82.000000	
0.000057	0.000535	86.018000	81.980000	
0.000057	0.000536	86.088000	82.100000	
0.000056	0.000536	85.944000	82.090000	
0.000056	0.000536	85.948000	82.000000	
0.000057	0.000535	86.018000	81.940000	
0.000056	0.000535	86.104000	81.980000	
0.000057	0.000535	86.012000	82.040000	
0.000055	0.000536	85.984000	82.030000	
0.000056	0.000535	85.924000	82.060000	
