Train Loss	Valid Loss	Train Acc.	Valid Acc.	Grad Norm	Noise Record	
0.001245	0.007278	16.954000	13.640000	6.753249	0.000000	
0.000965	0.003351	25.422000	20.630000	1.943308	0.000000	
0.000880	0.001709	33.142000	36.670000	2.231743	0.000000	
0.000798	0.001848	39.986000	31.340000	2.716792	0.000000	
0.000742	0.001753	44.940000	39.590000	3.896132	0.000000	
0.000692	0.001464	49.042000	47.970000	3.511352	0.000000	
0.000653	0.001468	52.396000	48.700000	3.469275	0.000000	
0.000619	0.001366	55.292000	51.200000	3.682134	0.000000	
0.000578	0.001433	58.438000	52.400000	3.461608	0.000000	
0.000562	0.001338	59.668000	54.770000	3.916424	0.000000	
0.000516	0.001085	62.984000	61.320000	3.688784	0.000000	
0.000480	0.001050	65.748000	63.410000	3.530964	0.000000	
0.000467	0.001108	66.656000	62.160000	3.915638	0.000000	
0.000435	0.001016	68.976000	65.000000	3.793092	0.000000	
0.000407	0.000946	71.230000	67.780000	3.448177	0.000000	
0.000388	0.001023	72.524000	65.610000	3.646784	0.000000	
0.000373	0.001131	73.516000	64.790000	3.640215	0.000000	
0.000352	0.000876	75.028000	70.150000	3.370332	0.000000	
0.000330	0.000815	76.700000	72.160000	3.394287	0.000000	
0.000317	0.000799	77.584000	72.630000	3.448294	0.000000	
0.000301	0.000694	78.730000	76.120000	3.405326	0.000000	
0.000287	0.000793	79.838000	74.020000	3.335432	0.000000	
0.000266	0.000699	81.268000	77.190000	3.137519	0.000000	
0.000257	0.000676	81.892000	77.520000	3.259071	0.000000	
0.000243	0.001099	82.846000	69.460000	3.221042	0.000000	
0.000240	0.000730	83.144000	76.320000	3.397114	0.000000	
0.000224	0.000661	84.274000	78.550000	3.188576	0.000000	
0.000211	0.000615	85.194000	80.260000	2.943011	0.000000	
0.000201	0.000529	85.888000	82.210000	3.063826	0.000000	
0.000190	0.000602	86.576000	80.590000	2.941577	0.000000	
0.000185	0.000594	87.042000	80.930000	3.068765	0.000000	
0.000183	0.000600	87.068000	80.220000	3.037401	0.000000	
0.000170	0.000568	88.072000	81.040000	2.849103	0.000000	
0.000165	0.000484	88.370000	84.270000	3.006715	0.000000	
0.000151	0.000512	89.330000	83.180000	2.718111	0.000000	
0.000144	0.000506	89.904000	83.920000	2.842572	0.000000	
0.000142	0.000581	89.818000	82.220000	2.866887	0.000000	
0.000131	0.000569	90.748000	83.350000	2.715826	0.000000	
0.000128	0.000661	90.886000	80.540000	2.866273	0.000000	
0.000123	0.000458	91.276000	85.690000	2.859708	0.000000	
0.000118	0.000552	91.668000	83.650000	2.780459	0.000000	
0.000115	0.000606	91.762000	82.730000	2.816052	0.000000	
0.000109	0.000632	92.244000	81.840000	2.784829	0.000000	
0.000107	0.000620	92.338000	83.080000	2.784964	0.000000	
0.000098	0.000570	93.072000	83.760000	2.708964	0.000000	
0.000097	0.000465	93.102000	86.290000	2.706485	0.000000	
0.000091	0.000490	93.462000	85.780000	2.614550	0.000000	
0.000085	0.000508	93.980000	85.500000	2.558810	0.000000	
0.000084	0.000557	94.116000	84.300000	2.659322	0.000000	
0.000082	0.000675	94.260000	81.720000	2.801471	0.000000	
0.000080	0.000543	94.346000	84.590000	2.714889	0.000000	
0.000074	0.000454	94.724000	87.230000	2.576527	0.000000	
0.000068	0.000463	95.136000	87.350000	2.596977	0.000000	
0.000064	0.000458	95.332000	87.480000	2.560243	0.000000	
0.000061	0.000488	95.646000	86.940000	2.471675	0.000000	
0.000059	0.000507	95.734000	87.170000	2.493216	0.000000	
0.000058	0.000624	95.784000	85.560000	2.557875	0.000000	
0.000055	0.000547	96.032000	86.150000	2.513268	0.000000	
0.000055	0.000618	95.998000	85.360000	2.501599	0.000000	
0.000050	0.000477	96.368000	87.610000	2.370424	0.000000	
0.000046	0.000497	96.738000	87.840000	2.283780	0.000000	
0.000043	0.000506	96.908000	87.850000	2.297122	0.000000	
0.000045	0.000579	96.822000	86.430000	2.423393	0.000000	
0.000044	0.000523	96.838000	87.060000	2.385155	0.000000	
0.000044	0.000680	96.944000	85.630000	2.377274	0.000000	
0.000043	0.000644	96.876000	85.720000	2.393399	0.000000	
0.000039	0.000552	97.222000	87.170000	2.275543	0.000000	
0.000037	0.000562	97.368000	87.330000	2.203288	0.000000	
0.000031	0.000548	97.774000	87.800000	2.112695	0.000000	
0.000038	0.000616	97.286000	86.270000	2.453482	0.000000	
0.000034	0.000528	97.614000	88.420000	2.161877	0.000000	
0.000034	0.000527	97.558000	87.780000	2.280389	0.000000	
0.000032	0.000600	97.726000	86.780000	2.109885	0.000000	
0.000031	0.000633	97.814000	86.910000	2.146222	0.000000	
0.000030	0.000559	97.890000	87.990000	2.125552	0.000000	
0.000028	0.000582	98.036000	87.630000	2.057421	0.000000	
0.000026	0.000557	98.120000	88.260000	1.997839	0.000000	
0.000024	0.000601	98.304000	87.970000	1.959996	0.000000	
0.000024	0.000554	98.410000	88.140000	1.945952	0.000000	
0.000026	0.000666	98.128000	87.250000	2.111275	0.000000	
0.000015	0.000465	99.002000	90.160000	1.405621	0.000000	
0.000009	0.000455	99.456000	90.270000	1.019379	0.000000	
0.000007	0.000455	99.606000	90.420000	0.883111	0.000000	
0.000006	0.000458	99.646000	90.430000	0.837364	0.000000	
0.000006	0.000462	99.686000	90.490000	0.804259	0.000000	
0.000005	0.000462	99.724000	90.280000	0.794272	0.000000	
0.000005	0.000464	99.738000	90.430000	0.747617	0.000000	
0.000005	0.000463	99.742000	90.440000	0.769151	0.000000	
0.000005	0.000471	99.750000	90.460000	0.746772	0.000000	
0.000004	0.000476	99.784000	90.430000	0.725664	0.000000	
0.000004	0.000478	99.768000	90.490000	0.717247	0.000000	
0.000004	0.000478	99.816000	90.550000	0.696564	0.000000	
0.000003	0.000479	99.828000	90.680000	0.650257	0.000000	
0.000003	0.000481	99.840000	90.710000	0.642293	0.000000	
0.000003	0.000484	99.836000	90.660000	0.641372	0.000000	
0.000003	0.000486	99.830000	90.740000	0.649410	0.000000	
0.000003	0.000485	99.876000	90.510000	0.587416	0.000000	
0.000003	0.000486	99.854000	90.540000	0.618995	0.000000	
0.000003	0.000491	99.828000	90.500000	0.638217	0.000000	
0.000003	0.000491	99.858000	90.590000	0.620142	0.000000	
0.000003	0.000499	99.862000	90.520000	0.575362	0.000000	
0.000003	0.000500	99.870000	90.610000	0.622127	0.000000	
0.000003	0.000500	99.886000	90.600000	0.595386	0.000000	
0.000003	0.000502	99.878000	90.390000	0.603786	0.000000	
0.000003	0.000504	99.850000	90.520000	0.629235	0.000000	
0.000002	0.000505	99.890000	90.510000	0.561548	0.000000	
0.000002	0.000508	99.898000	90.550000	0.537730	0.000000	
0.000002	0.000508	99.908000	90.530000	0.538618	0.000000	
0.000002	0.000507	99.872000	90.600000	0.572709	0.000000	
0.000002	0.000508	99.922000	90.570000	0.525065	0.000000	
0.000002	0.000510	99.904000	90.700000	0.552853	0.000000	
0.000002	0.000513	99.906000	90.640000	0.550738	0.000000	
0.000002	0.000514	99.908000	90.580000	0.525565	0.000000	
0.000002	0.000517	99.906000	90.510000	0.537461	0.000000	
0.000002	0.000517	99.892000	90.450000	0.557510	0.000000	
0.000002	0.000518	99.900000	90.630000	0.582788	0.000000	
0.000002	0.000514	99.944000	90.610000	0.508748	0.000000	
0.000002	0.000519	99.930000	90.610000	0.508178	0.000000	
0.000002	0.000521	99.942000	90.540000	0.494521	0.000000	
0.000002	0.000520	99.930000	90.590000	0.480718	0.000000	
0.000002	0.000521	99.914000	90.700000	0.560578	0.000000	
0.000002	0.000518	99.936000	90.610000	0.468904	0.000000	
0.000002	0.000521	99.928000	90.650000	0.491088	0.000000	
0.000002	0.000523	99.928000	90.630000	0.502452	0.000000	
0.000002	0.000523	99.920000	90.660000	0.498583	0.000000	
0.000002	0.000523	99.928000	90.690000	0.494525	0.000000	
0.000002	0.000524	99.926000	90.530000	0.506828	0.000000	
0.000002	0.000522	99.934000	90.590000	0.469151	0.000000	
0.000002	0.000520	99.944000	90.690000	0.469489	0.000000	
0.000002	0.000522	99.944000	90.720000	0.450599	0.000000	
0.000002	0.000524	99.938000	90.670000	0.445586	0.000000	
0.000002	0.000526	99.920000	90.640000	0.515104	0.000000	
0.000002	0.000525	99.942000	90.620000	0.436411	0.000000	
0.000002	0.000521	99.944000	90.630000	0.426690	0.000000	
0.000002	0.000521	99.926000	90.640000	0.487647	0.000000	
0.000002	0.000523	99.926000	90.720000	0.523903	0.000000	
0.000002	0.000522	99.946000	90.670000	0.454344	0.000000	
0.000002	0.000521	99.920000	90.690000	0.469744	0.000000	
0.000002	0.000523	99.948000	90.600000	0.433328	0.000000	
0.000002	0.000521	99.932000	90.670000	0.475459	0.000000	
0.000002	0.000524	99.926000	90.650000	0.443179	0.000000	
0.000002	0.000522	99.912000	90.610000	0.522714	0.000000	
0.000002	0.000521	99.952000	90.680000	0.435402	0.000000	
0.000002	0.000525	99.950000	90.640000	0.437344	0.000000	
0.000002	0.000522	99.930000	90.570000	0.473096	0.000000	
0.000002	0.000526	99.938000	90.600000	0.464712	0.000000	
0.000002	0.000524	99.922000	90.660000	0.496915	0.000000	
0.000002	0.000525	99.946000	90.600000	0.447202	0.000000	
0.000002	0.000526	99.928000	90.630000	0.490216	0.000000	
0.000002	0.000522	99.938000	90.680000	0.437710	0.000000	
