Train Loss	Valid Loss	Train Acc.	Valid Acc.	Grad Norm	Noise Record	
0.000423	1.185080	14.404000	10.000000	23.028903	0.000100	
0.000437	36.538571	12.534000	10.000000	13.742818	0.000100	
0.000342	0.406154	18.176000	12.990000	2.766078	0.000100	
0.000297	0.017569	21.236000	15.100000	1.457845	0.000100	
0.000283	0.003610	23.694000	20.620000	1.018014	0.000100	
0.000278	0.002166	23.768000	23.830000	0.886672	0.000100	
0.000273	0.001975	25.286000	25.950000	0.795394	0.000100	
0.000269	0.001904	27.002000	29.110000	0.844588	0.000100	
0.000264	0.001903	28.976000	29.430000	1.245070	0.000100	
0.000254	0.001939	30.862000	28.370000	1.524405	0.000100	
0.000253	0.001865	31.634000	29.170000	3.658577	0.000100	
0.000247	0.001742	33.102000	34.590000	2.403262	0.000100	
0.000241	0.001713	34.796000	35.700000	3.063137	0.000100	
0.000237	0.001767	36.724000	34.960000	3.277072	0.000100	
0.000232	0.001901	38.402000	32.100000	3.190327	0.000100	
0.000227	0.001592	39.650000	40.950000	2.627970	0.000100	
0.000220	0.001590	41.096000	40.450000	2.261504	0.000100	
0.000217	0.001581	42.440000	40.480000	3.373545	0.000100	
0.000212	0.001594	43.534000	41.380000	2.935897	0.000100	
0.000210	0.001627	44.286000	40.080000	3.172542	0.000100	
0.000209	0.001619	45.316000	41.190000	3.555822	0.000100	
0.000208	0.001523	45.254000	44.420000	4.296783	0.000100	
0.000204	0.001459	46.368000	46.360000	3.288938	0.000100	
0.000199	0.001480	47.562000	45.380000	3.077945	0.000100	
0.000196	0.001494	48.530000	44.650000	3.361015	0.000100	
0.000195	0.001454	48.818000	46.550000	3.979859	0.000100	
0.000193	0.001423	49.348000	48.310000	3.874683	0.000100	
0.000191	0.001517	49.872000	45.440000	3.948815	0.000100	
0.000187	0.001423	51.024000	48.230000	3.507519	0.000100	
0.000183	0.001361	52.452000	50.500000	3.736064	0.000100	
0.000177	0.001387	53.518000	49.970000	3.561238	0.000100	
0.000180	0.001411	53.196000	49.050000	4.726892	0.000100	
0.000174	0.001272	55.144000	54.270000	3.710744	0.000100	
0.000173	0.001502	54.982000	46.520000	4.451855	0.000100	
0.000168	0.001219	56.476000	55.390000	3.717880	0.000100	
0.000164	0.001637	57.238000	44.340000	3.865630	0.000100	
0.000168	0.001301	56.752000	53.770000	4.860965	0.000100	
0.000161	0.001215	58.470000	56.820000	4.061629	0.000100	
0.000157	0.001244	59.856000	55.700000	3.737795	0.000100	
0.000154	0.001264	60.348000	56.400000	4.016466	0.000100	
0.000150	0.001096	61.452000	60.680000	3.839357	0.000100	
0.000147	0.001218	62.234000	58.060000	3.839235	0.000100	
0.000145	0.001144	62.716000	60.040000	4.259609	0.000100	
0.000141	0.001045	63.968000	63.220000	4.079693	0.000100	
0.000135	0.001082	65.142000	61.610000	3.581042	0.000100	
0.000132	0.001264	66.226000	57.100000	3.882302	0.000100	
0.000135	0.001014	65.610000	64.810000	4.764566	0.000100	
0.000130	0.001016	66.826000	64.400000	3.903525	0.000100	
0.000128	0.001372	67.704000	56.330000	4.236094	0.000100	
0.000127	0.001003	67.756000	65.060000	4.851426	0.000100	
0.000126	0.001194	67.738000	60.270000	4.500927	0.000100	
0.000126	0.001022	68.082000	65.060000	4.843327	0.000100	
0.000119	0.000969	69.398000	66.250000	3.995477	0.000100	
0.000115	0.001111	70.538000	64.290000	3.562605	0.000100	
0.000114	0.000994	71.496000	65.500000	4.597738	0.000100	
0.000112	0.000980	71.414000	66.660000	4.075633	0.000100	
0.000112	0.001224	71.768000	60.260000	4.680708	0.000100	
0.000114	0.001118	71.414000	63.650000	4.320264	0.000100	
0.000106	0.001068	73.216000	64.130000	3.245728	0.000100	
0.000104	0.000870	73.628000	70.240000	4.109164	0.000100	
0.000099	0.001077	74.496000	65.470000	3.629076	0.000100	
0.000101	0.000938	74.282000	68.390000	4.411116	0.000100	
0.000101	0.000913	74.402000	69.500000	4.421066	0.000100	
0.000097	0.000913	75.398000	69.500000	3.730866	0.000100	
0.000096	0.000863	75.790000	71.060000	3.842054	0.000100	
0.000091	0.000932	76.904000	69.970000	3.377935	0.000100	
0.000091	0.000858	77.136000	70.260000	3.851417	0.000100	
0.000090	0.000833	76.902000	71.060000	3.870579	0.000100	
0.000089	0.000795	77.606000	73.000000	3.722390	0.000100	
0.000084	0.000790	78.692000	72.980000	3.573825	0.000100	
0.000085	0.000800	78.480000	72.880000	3.781465	0.000100	
0.000082	0.000782	79.336000	73.610000	3.486116	0.000100	
0.000079	0.000704	79.962000	76.360000	3.448482	0.000100	
0.000079	0.000816	80.048000	73.570000	3.860213	0.000100	
0.000081	0.000793	79.616000	74.180000	4.203165	0.000100	
0.000079	0.000960	80.346000	69.750000	3.646167	0.000100	
0.000077	0.000711	80.630000	76.310000	3.796008	0.000100	
0.000073	0.000754	81.812000	74.790000	3.355935	0.000100	
0.000072	0.000772	81.740000	75.190000	3.424543	0.000100	
0.000071	0.000693	82.162000	76.980000	3.711402	0.000100	
0.000066	0.000606	83.320000	79.140000	2.871369	0.000010	
0.000062	0.000574	84.392000	80.330000	2.344530	0.000010	
0.000061	0.000576	85.044000	80.440000	2.196131	0.000010	
0.000059	0.000566	85.214000	80.760000	2.007883	0.000010	
0.000057	0.000556	85.728000	81.060000	1.923085	0.000010	
0.000057	0.000557	85.824000	80.950000	1.985662	0.000010	
0.000056	0.000555	85.874000	81.100000	2.010214	0.000010	
0.000057	0.000553	86.046000	81.340000	2.096952	0.000010	
0.000056	0.000553	86.150000	81.600000	2.180732	0.000010	
0.000056	0.000558	86.266000	81.130000	2.127031	0.000010	
0.000055	0.000552	86.300000	81.410000	2.176524	0.000010	
0.000054	0.000552	86.426000	81.630000	2.086946	0.000010	
0.000054	0.000557	86.594000	81.310000	2.076139	0.000010	
0.000054	0.000554	86.804000	81.710000	2.151143	0.000010	
0.000054	0.000551	86.562000	81.620000	2.191153	0.000010	
0.000053	0.000546	86.732000	81.530000	2.409808	0.000010	
0.000052	0.000543	86.838000	81.890000	2.053630	0.000010	
0.000051	0.000548	86.844000	81.830000	2.161153	0.000010	
0.000052	0.000552	86.840000	81.670000	2.291936	0.000010	
0.000052	0.000550	87.096000	81.790000	2.278100	0.000010	
0.000051	0.000551	87.276000	81.830000	2.278970	0.000010	
0.000051	0.000551	87.314000	81.660000	2.273426	0.000010	
0.000050	0.000549	87.306000	81.960000	2.340206	0.000010	
0.000050	0.000549	87.508000	82.040000	2.272076	0.000010	
0.000050	0.000551	87.598000	81.760000	2.323563	0.000010	
0.000050	0.000550	87.588000	81.910000	2.372887	0.000010	
0.000050	0.000544	87.634000	82.010000	2.439793	0.000010	
0.000050	0.000554	87.850000	81.940000	2.511528	0.000010	
0.000050	0.000561	87.690000	81.720000	2.538175	0.000010	
0.000049	0.000552	87.934000	81.740000	2.490153	0.000010	
0.000049	0.000561	87.872000	81.480000	2.523769	0.000010	
0.000048	0.000549	87.866000	82.180000	2.531786	0.000010	
0.000048	0.000540	88.024000	82.500000	2.505189	0.000010	
0.000048	0.000554	88.158000	81.990000	2.632813	0.000010	
0.000048	0.000544	88.236000	82.070000	2.686069	0.000010	
0.000046	0.000559	88.240000	81.820000	2.753338	0.000010	
0.000048	0.000548	88.214000	82.050000	2.804453	0.000010	
0.000046	0.000551	88.464000	82.220000	2.727691	0.000010	
0.000048	0.000549	88.426000	82.380000	2.793933	0.000010	
0.000046	0.000558	88.586000	81.700000	2.635001	0.000010	
0.000046	0.000538	88.734000	82.410000	2.616574	0.000001	
0.000045	0.000537	88.870000	82.340000	2.338306	0.000001	
0.000044	0.000536	89.140000	82.560000	2.231069	0.000001	
0.000045	0.000534	88.914000	82.630000	2.243491	0.000001	
0.000044	0.000534	88.780000	82.690000	2.118848	0.000001	
0.000045	0.000533	88.984000	82.760000	2.203923	0.000001	
0.000044	0.000533	88.934000	82.730000	2.204798	0.000001	
0.000044	0.000532	88.908000	82.700000	2.190617	0.000001	
0.000044	0.000532	89.244000	82.740000	2.140027	0.000001	
0.000044	0.000533	89.046000	82.570000	2.164966	0.000001	
0.000044	0.000533	89.102000	82.720000	2.194710	0.000001	
0.000045	0.000534	89.128000	82.780000	2.202793	0.000001	
0.000045	0.000534	89.104000	82.710000	2.298397	0.000001	
0.000044	0.000532	89.018000	82.700000	2.195276	0.000001	
0.000045	0.000531	89.036000	82.740000	2.244824	0.000001	
0.000045	0.000532	89.028000	82.700000	2.250258	0.000001	
0.000044	0.000535	89.046000	82.690000	2.269179	0.000001	
0.000043	0.000534	89.206000	82.610000	2.192133	0.000001	
0.000043	0.000534	89.242000	82.700000	2.182534	0.000001	
0.000044	0.000533	89.314000	82.720000	2.199484	0.000001	
0.000044	0.000533	89.104000	82.510000	2.149455	0.000001	
0.000044	0.000534	89.332000	82.640000	2.184865	0.000001	
0.000044	0.000534	89.152000	82.860000	2.253900	0.000001	
0.000043	0.000534	89.212000	82.840000	2.155037	0.000001	
0.000043	0.000534	89.178000	82.810000	2.135408	0.000001	
0.000044	0.000535	89.054000	82.680000	2.276555	0.000001	
0.000044	0.000534	89.166000	82.670000	2.230490	0.000001	
0.000044	0.000534	89.270000	82.610000	2.251927	0.000001	
0.000044	0.000534	89.258000	82.630000	2.280926	0.000001	
0.000042	0.000534	89.328000	82.560000	2.107966	0.000001	
