Train Loss	Valid Loss	Train Acc.	Valid Acc.	Grad Norm	Noise Record	
0.001263	0.024599	16.906000	10.170000	8.569441	0.000001	
0.000972	0.001842	25.502000	28.480000	2.329502	0.000001	
0.000882	0.001854	32.378000	31.110000	2.574524	0.000001	
0.000816	0.001647	38.694000	37.900000	2.987408	0.000001	
0.000766	0.001574	42.834000	41.820000	2.975762	0.000001	
0.000725	0.001406	46.178000	47.460000	3.052262	0.000001	
0.000692	0.001443	49.386000	47.980000	3.795846	0.000001	
0.000652	0.001379	52.616000	50.760000	3.909686	0.000001	
0.000612	0.001360	55.692000	52.900000	4.164476	0.000001	
0.000572	0.001216	58.658000	57.530000	4.169454	0.000001	
0.000537	0.001216	61.178000	57.070000	4.311095	0.000001	
0.000505	0.001477	63.946000	53.630000	3.960485	0.000001	
0.000541	0.001184	61.328000	59.060000	4.268542	0.000001	
0.000464	0.000990	66.976000	65.700000	3.742814	0.000001	
0.000428	0.000916	69.712000	67.750000	3.504264	0.000001	
0.000407	0.000879	70.978000	68.990000	3.952085	0.000001	
0.000374	0.001166	73.388000	62.290000	3.608865	0.000001	
0.000349	0.000822	75.358000	71.460000	3.581528	0.000001	
0.000328	0.000745	76.740000	75.060000	3.734017	0.000001	
0.000311	0.000763	77.964000	74.090000	3.641284	0.000001	
0.000287	0.000907	79.756000	71.170000	3.413451	0.000001	
0.000273	0.000766	80.896000	75.490000	3.612361	0.000001	
0.000259	0.000750	81.906000	75.440000	3.365980	0.000001	
0.000241	0.000695	82.984000	77.510000	3.336492	0.000001	
0.000232	0.000687	83.472000	77.840000	3.517960	0.000001	
0.000221	0.000647	84.514000	79.820000	3.300348	0.000001	
0.000210	0.000632	85.356000	79.200000	3.265051	0.000001	
0.000197	0.000574	86.282000	81.220000	3.134747	0.000001	
0.000184	0.000546	87.116000	82.190000	3.126229	0.000001	
0.000179	0.000620	87.596000	80.160000	3.131808	0.000001	
0.000169	0.000521	88.072000	83.080000	3.163505	0.000001	
0.000163	0.000626	88.624000	80.830000	3.172786	0.000001	
0.000152	0.000503	89.172000	83.790000	3.004995	0.000001	
0.000144	0.000523	89.890000	83.510000	3.067452	0.000001	
0.000137	0.000600	90.094000	81.980000	3.019248	0.000001	
0.000131	0.000589	90.820000	81.870000	3.073559	0.000001	
0.000132	0.000499	90.734000	84.260000	3.234119	0.000001	
0.000121	0.000581	91.582000	83.160000	2.953226	0.000001	
0.000115	0.000670	91.932000	81.600000	2.987239	0.000001	
0.000109	0.000582	92.238000	83.360000	2.927561	0.000001	
0.000111	0.000546	92.182000	83.610000	3.240570	0.000001	
0.000100	0.000595	92.910000	82.800000	2.865553	0.000001	
0.000093	0.000518	93.524000	85.280000	2.848482	0.000001	
0.000092	0.000521	93.466000	85.220000	2.950468	0.000001	
0.000089	0.000455	93.678000	86.820000	2.917260	0.000001	
0.000084	0.000481	94.076000	86.140000	2.839185	0.000001	
0.000077	0.000484	94.458000	86.550000	2.791787	0.000001	
0.000074	0.000529	94.722000	85.550000	2.721566	0.000001	
0.000073	0.000488	94.764000	86.400000	2.870883	0.000001	
0.000069	0.000591	94.998000	85.240000	2.801903	0.000001	
0.000065	0.000503	95.418000	86.370000	2.680705	0.000001	
0.000064	0.000469	95.310000	87.380000	2.806346	0.000001	
0.000062	0.000532	95.542000	86.100000	2.707143	0.000001	
0.000056	0.000499	95.934000	87.550000	2.583969	0.000001	
0.000050	0.000507	96.462000	87.060000	2.530205	0.000001	
0.000051	0.000459	96.336000	88.400000	2.616769	0.000001	
0.000047	0.000620	96.646000	85.430000	2.488449	0.000001	
0.000046	0.000541	96.746000	86.810000	2.607796	0.000001	
0.000047	0.000536	96.682000	87.500000	2.606105	0.000001	
0.000042	0.000491	96.928000	88.080000	2.495954	0.000001	
0.000043	0.000552	96.940000	87.150000	2.547614	0.000001	
0.000039	0.000494	97.286000	88.600000	2.446016	0.000001	
0.000034	0.000537	97.636000	87.440000	2.276524	0.000001	
0.000034	0.000553	97.612000	87.690000	2.416042	0.000001	
0.000037	0.000501	97.332000	88.320000	2.496388	0.000001	
0.000032	0.000529	97.656000	88.100000	2.297958	0.000001	
0.000031	0.000516	97.678000	87.920000	2.383798	0.000001	
0.000029	0.000550	98.000000	87.710000	2.162918	0.000001	
0.000027	0.000538	98.066000	88.410000	2.167137	0.000001	
0.000028	0.000545	98.008000	88.420000	2.325552	0.000001	
0.000030	0.000590	97.948000	87.880000	2.325377	0.000001	
0.000028	0.000601	98.118000	87.550000	2.218812	0.000001	
0.000024	0.000577	98.340000	88.350000	2.066501	0.000001	
0.000022	0.000547	98.480000	88.670000	1.992261	0.000001	
0.000020	0.000534	98.652000	89.120000	1.953145	0.000001	
0.000022	0.000724	98.430000	86.780000	2.131139	0.000001	
0.000024	0.000632	98.256000	87.580000	2.235057	0.000001	
0.000024	0.000647	98.262000	86.840000	2.272515	0.000001	
0.000021	0.000574	98.530000	88.840000	1.997759	0.000001	
0.000018	0.000598	98.762000	88.690000	1.865326	0.000001	
0.000011	0.000461	99.270000	90.580000	1.369638	0.000000	
0.000008	0.000459	99.518000	90.530000	1.055580	0.000000	
0.000007	0.000457	99.632000	90.670000	0.991452	0.000000	
0.000005	0.000457	99.730000	90.660000	0.863649	0.000000	
0.000005	0.000455	99.798000	90.850000	0.800067	0.000000	
0.000005	0.000455	99.744000	90.860000	0.857419	0.000000	
0.000004	0.000457	99.786000	90.620000	0.794241	0.000000	
0.000004	0.000455	99.752000	90.780000	0.796800	0.000000	
0.000004	0.000456	99.802000	90.990000	0.713497	0.000000	
0.000004	0.000458	99.788000	90.840000	0.735914	0.000000	
0.000003	0.000457	99.846000	90.860000	0.679743	0.000000	
0.000003	0.000460	99.844000	90.890000	0.690356	0.000000	
0.000003	0.000459	99.834000	90.940000	0.709341	0.000000	
0.000003	0.000461	99.866000	90.880000	0.637369	0.000000	
0.000003	0.000462	99.876000	90.890000	0.609343	0.000000	
0.000003	0.000464	99.852000	90.870000	0.652997	0.000000	
0.000003	0.000466	99.916000	90.930000	0.583766	0.000000	
0.000003	0.000462	99.896000	90.840000	0.614979	0.000000	
0.000003	0.000468	99.874000	90.880000	0.602954	0.000000	
0.000002	0.000466	99.886000	90.860000	0.582324	0.000000	
0.000003	0.000472	99.888000	90.850000	0.603580	0.000000	
0.000003	0.000469	99.872000	91.050000	0.626950	0.000000	
0.000003	0.000471	99.892000	91.070000	0.604812	0.000000	
0.000002	0.000473	99.904000	90.960000	0.585813	0.000000	
0.000002	0.000478	99.896000	91.030000	0.609682	0.000000	
0.000002	0.000477	99.920000	90.890000	0.533335	0.000000	
0.000002	0.000477	99.924000	90.930000	0.537490	0.000000	
0.000002	0.000478	99.918000	91.000000	0.558168	0.000000	
0.000002	0.000479	99.908000	90.950000	0.579084	0.000000	
0.000002	0.000481	99.928000	90.960000	0.540407	0.000000	
0.000002	0.000481	99.894000	90.950000	0.594417	0.000000	
0.000002	0.000477	99.904000	90.980000	0.562761	0.000000	
0.000002	0.000479	99.922000	90.980000	0.570272	0.000000	
0.000002	0.000483	99.924000	90.880000	0.551584	0.000000	
0.000002	0.000479	99.946000	90.960000	0.487650	0.000000	
0.000002	0.000478	99.930000	91.050000	0.545259	0.000000	
0.000002	0.000481	99.934000	90.900000	0.532008	0.000000	
0.000002	0.000482	99.912000	90.900000	0.519406	0.000000	
0.000002	0.000481	99.936000	90.980000	0.478665	0.000000	
0.000002	0.000484	99.932000	90.900000	0.495127	0.000000	
0.000002	0.000485	99.950000	91.020000	0.499979	0.000000	
0.000002	0.000479	99.938000	91.030000	0.542585	0.000000	
0.000002	0.000483	99.942000	90.980000	0.493105	0.000000	
0.000002	0.000483	99.938000	90.990000	0.498626	0.000000	
0.000002	0.000484	99.944000	90.980000	0.483557	0.000000	
0.000002	0.000482	99.934000	91.030000	0.486641	0.000000	
0.000002	0.000483	99.936000	91.000000	0.528899	0.000000	
0.000002	0.000483	99.946000	91.060000	0.473397	0.000000	
0.000002	0.000482	99.934000	91.000000	0.509085	0.000000	
0.000002	0.000482	99.934000	91.020000	0.492017	0.000000	
0.000002	0.000482	99.942000	91.100000	0.495083	0.000000	
0.000002	0.000484	99.946000	90.940000	0.468557	0.000000	
0.000002	0.000483	99.940000	90.960000	0.512684	0.000000	
0.000002	0.000483	99.938000	91.040000	0.473015	0.000000	
0.000001	0.000482	99.948000	90.960000	0.465228	0.000000	
0.000002	0.000482	99.944000	91.100000	0.496437	0.000000	
0.000002	0.000480	99.950000	91.060000	0.494510	0.000000	
0.000002	0.000483	99.928000	90.960000	0.489506	0.000000	
0.000002	0.000481	99.926000	91.070000	0.528706	0.000000	
0.000002	0.000483	99.940000	90.970000	0.515263	0.000000	
0.000001	0.000484	99.956000	91.000000	0.441394	0.000000	
0.000002	0.000482	99.948000	91.030000	0.453188	0.000000	
0.000001	0.000482	99.954000	90.980000	0.414469	0.000000	
0.000002	0.000485	99.940000	91.150000	0.475977	0.000000	
0.000002	0.000484	99.944000	91.030000	0.452797	0.000000	
0.000002	0.000486	99.956000	91.020000	0.459018	0.000000	
0.000001	0.000483	99.956000	90.930000	0.438778	0.000000	
0.000002	0.000484	99.934000	90.990000	0.525271	0.000000	
0.000001	0.000483	99.946000	91.020000	0.447339	0.000000	
0.000001	0.000482	99.956000	90.960000	0.430244	0.000000	
