Train Loss	Valid Loss	Train Acc.	Valid Acc.	Grad Norm	Noise Record	
0.000340	0.002301	17.630000	13.410000	15.781400	0.000100	
0.000332	0.039809	17.550000	9.550000	5.886752	0.000100	
0.000281	0.010745	24.602000	9.320000	3.186680	0.000100	
0.000263	0.003582	29.964000	13.600000	3.423654	0.000100	
0.000244	0.002090	33.892000	26.820000	3.057638	0.000100	
0.000234	0.002086	36.308000	27.050000	3.696420	0.000100	
0.000231	0.001695	38.432000	38.480000	5.072297	0.000100	
0.000219	0.001949	41.656000	34.600000	3.495581	0.000100	
0.000211	0.001530	44.264000	43.420000	3.699175	0.000100	
0.000204	0.001585	45.780000	42.260000	4.587120	0.000100	
0.000200	0.001566	47.358000	43.020000	5.406718	0.000100	
0.000191	0.001470	49.492000	45.660000	4.224986	0.000100	
0.000185	0.001494	51.464000	46.200000	5.440652	0.000100	
0.000180	0.001538	52.608000	47.050000	5.014905	0.000100	
0.000174	0.001452	54.540000	48.840000	5.107056	0.000100	
0.000168	0.001425	56.176000	48.980000	5.503135	0.000100	
0.000169	0.001497	56.200000	50.010000	6.488957	0.000100	
0.000160	0.001446	58.548000	51.990000	4.799726	0.000100	
0.000154	0.001393	60.314000	52.660000	5.030275	0.000100	
0.000149	0.001210	61.504000	57.660000	5.777193	0.000100	
0.000145	0.001146	63.286000	59.530000	5.716566	0.000100	
0.000139	0.001298	64.360000	55.300000	5.185488	0.000100	
0.000143	0.001467	63.194000	51.410000	6.224594	0.000100	
0.000133	0.001159	65.904000	60.200000	4.596657	0.000100	
0.000126	0.001315	67.828000	56.270000	5.409168	0.000100	
0.000127	0.001220	67.200000	57.890000	5.850799	0.000100	
0.000120	0.001182	69.546000	59.820000	4.911427	0.000100	
0.000115	0.000996	70.698000	65.580000	5.042277	0.000100	
0.000110	0.000974	72.036000	66.020000	4.882493	0.000100	
0.000107	0.000998	73.218000	65.600000	4.878732	0.000100	
0.000113	0.001182	70.674000	61.240000	6.479650	0.000100	
0.000107	0.000934	72.652000	67.020000	5.274533	0.000100	
0.000101	0.000901	74.332000	68.320000	4.682179	0.000100	
0.000096	0.000799	75.554000	72.200000	4.562402	0.000100	
0.000091	0.000955	77.076000	69.210000	4.265495	0.000100	
0.000088	0.000760	77.488000	73.870000	4.525876	0.000100	
0.000088	0.000743	77.932000	74.310000	4.687340	0.000100	
0.000085	0.000812	78.708000	72.620000	4.609790	0.000100	
0.000083	0.000738	78.932000	74.290000	4.988111	0.000100	
0.000080	0.000829	79.772000	72.720000	4.420814	0.000100	
0.000078	0.000792	80.364000	74.090000	4.697681	0.000100	
0.000076	0.000778	80.862000	74.040000	4.545155	0.000100	
0.000072	0.000683	81.996000	77.160000	4.169376	0.000100	
0.000071	0.000720	81.822000	75.850000	4.606232	0.000100	
0.000069	0.000827	82.512000	73.760000	4.501544	0.000100	
0.000066	0.000905	82.872000	71.740000	4.282225	0.000100	
0.000065	0.000632	83.960000	79.040000	4.284767	0.000100	
0.000062	0.000655	84.536000	78.820000	4.003154	0.000100	
0.000061	0.000647	84.582000	78.410000	4.558162	0.000100	
0.000059	0.000703	85.058000	76.570000	4.277674	0.000100	
0.000061	0.000645	84.676000	78.680000	4.850382	0.000100	
0.000055	0.000638	86.090000	79.790000	3.742336	0.000100	
0.000053	0.000652	86.506000	79.180000	3.867213	0.000100	
0.000052	0.000985	86.980000	72.250000	3.954153	0.000100	
0.000050	0.000613	87.258000	79.700000	3.967860	0.000100	
0.000052	0.000632	87.066000	79.670000	4.690518	0.000100	
0.000052	0.000675	86.996000	78.700000	4.626405	0.000100	
0.000051	0.000647	87.300000	79.260000	4.419781	0.000100	
0.000048	0.000631	88.158000	80.260000	4.057391	0.000100	
0.000046	0.000546	88.386000	82.070000	4.132952	0.000100	
0.000044	0.000658	88.652000	80.330000	3.711154	0.000100	
0.000043	0.000546	89.236000	82.570000	3.961613	0.000100	
0.000042	0.000612	89.296000	80.850000	3.974759	0.000100	
0.000042	0.000713	89.492000	78.360000	4.189849	0.000100	
0.000042	0.000601	89.420000	81.290000	4.136772	0.000100	
0.000039	0.000567	90.038000	82.130000	3.705937	0.000100	
0.000038	0.000500	90.388000	84.380000	3.759190	0.000100	
0.000037	0.000573	90.660000	82.400000	3.785451	0.000100	
0.000037	0.000625	91.060000	81.870000	3.510657	0.000100	
0.000034	0.000529	91.178000	83.320000	3.640578	0.000100	
0.000034	0.000610	91.530000	81.380000	3.722330	0.000100	
0.000033	0.000609	91.658000	81.470000	3.864794	0.000100	
0.000032	0.000538	91.780000	84.260000	3.779753	0.000100	
0.000032	0.000475	91.836000	85.230000	3.915071	0.000100	
0.000031	0.000646	92.178000	81.590000	3.739790	0.000100	
0.000030	0.000591	92.374000	82.780000	3.600284	0.000100	
0.000030	0.000564	92.148000	83.630000	3.787176	0.000100	
0.000029	0.000622	92.752000	82.510000	3.427231	0.000100	
0.000029	0.000609	92.786000	82.740000	3.723429	0.000100	
0.000027	0.000599	92.992000	82.460000	3.659913	0.000100	
0.000024	0.000418	93.770000	87.520000	3.131766	0.000010	
0.000021	0.000396	94.858000	88.070000	2.453258	0.000010	
0.000019	0.000396	95.568000	88.230000	2.115447	0.000010	
0.000018	0.000383	95.782000	88.360000	2.032023	0.000010	
0.000017	0.000380	95.998000	88.210000	1.924811	0.000010	
0.000016	0.000384	96.188000	88.350000	1.925393	0.000010	
0.000016	0.000380	96.270000	88.510000	1.814672	0.000010	
0.000016	0.000379	96.414000	88.480000	1.858566	0.000010	
0.000015	0.000377	96.442000	88.610000	1.926241	0.000010	
0.000015	0.000383	96.652000	88.620000	1.885764	0.000010	
0.000015	0.000385	96.588000	88.500000	1.962792	0.000010	
0.000014	0.000385	96.776000	88.470000	1.865913	0.000010	
0.000014	0.000393	96.732000	88.170000	1.930878	0.000010	
0.000014	0.000390	96.870000	88.280000	1.943086	0.000010	
0.000014	0.000389	96.906000	88.650000	1.976168	0.000010	
0.000014	0.000388	96.786000	88.620000	1.970836	0.000010	
0.000013	0.000388	96.928000	88.520000	1.875365	0.000010	
0.000013	0.000389	97.024000	88.680000	1.940960	0.000010	
0.000013	0.000394	97.064000	88.500000	1.941715	0.000010	
0.000013	0.000394	97.126000	88.600000	1.924134	0.000010	
0.000012	0.000391	97.184000	88.630000	1.713453	0.000010	
0.000013	0.000392	97.164000	88.500000	2.082276	0.000010	
0.000012	0.000395	97.234000	88.610000	1.900339	0.000010	
0.000012	0.000398	97.310000	88.610000	1.996968	0.000010	
0.000012	0.000404	97.298000	88.440000	1.967026	0.000010	
0.000011	0.000401	97.460000	88.640000	1.891550	0.000010	
0.000011	0.000401	97.440000	88.350000	1.969452	0.000010	
0.000011	0.000403	97.456000	88.510000	2.050140	0.000010	
0.000012	0.000405	97.404000	88.580000	2.104882	0.000010	
0.000011	0.000406	97.540000	88.290000	2.092138	0.000010	
0.000011	0.000407	97.576000	88.460000	2.127786	0.000010	
0.000011	0.000405	97.592000	88.710000	2.024295	0.000010	
0.000011	0.000405	97.658000	88.760000	1.964580	0.000010	
0.000011	0.000410	97.668000	88.370000	1.962458	0.000010	
0.000011	0.000412	97.598000	88.300000	2.034216	0.000010	
0.000010	0.000413	97.726000	88.340000	1.955921	0.000010	
0.000010	0.000416	97.844000	88.520000	2.073545	0.000010	
0.000009	0.000417	97.882000	88.430000	1.873231	0.000010	
0.000010	0.000412	97.768000	88.640000	2.105023	0.000010	
0.000010	0.000416	97.876000	88.480000	2.038380	0.000010	
0.000009	0.000414	98.048000	88.570000	1.878345	0.000001	
0.000009	0.000413	97.988000	88.430000	1.896511	0.000001	
0.000009	0.000412	98.024000	88.440000	1.869215	0.000001	
0.000009	0.000412	97.996000	88.600000	1.890102	0.000001	
0.000009	0.000412	97.988000	88.600000	1.825761	0.000001	
0.000009	0.000411	98.026000	88.660000	1.856346	0.000001	
0.000009	0.000411	98.058000	88.620000	1.894617	0.000001	
0.000009	0.000412	98.014000	88.570000	1.868865	0.000001	
0.000009	0.000411	98.158000	88.450000	1.856656	0.000001	
0.000009	0.000411	98.138000	88.500000	1.787142	0.000001	
0.000009	0.000412	98.054000	88.500000	1.734550	0.000001	
0.000009	0.000412	98.022000	88.570000	1.857705	0.000001	
0.000009	0.000412	98.130000	88.560000	1.890048	0.000001	
0.000009	0.000414	98.136000	88.410000	1.875319	0.000001	
0.000009	0.000413	98.158000	88.470000	1.891486	0.000001	
0.000009	0.000413	98.128000	88.540000	1.880952	0.000001	
0.000009	0.000414	98.152000	88.550000	1.855142	0.000001	
0.000009	0.000414	98.120000	88.550000	1.731677	0.000001	
0.000009	0.000415	98.180000	88.510000	1.762125	0.000001	
0.000008	0.000414	98.118000	88.490000	1.845751	0.000001	
0.000009	0.000413	98.192000	88.510000	1.751038	0.000001	
0.000009	0.000413	98.198000	88.490000	1.803835	0.000001	
0.000009	0.000413	98.118000	88.550000	1.874128	0.000001	
0.000009	0.000413	98.210000	88.560000	1.807077	0.000001	
0.000008	0.000413	98.212000	88.630000	1.648229	0.000001	
0.000009	0.000414	98.150000	88.590000	1.821611	0.000001	
0.000008	0.000415	98.156000	88.650000	1.768613	0.000001	
0.000008	0.000414	98.214000	88.580000	1.723569	0.000001	
0.000009	0.000414	98.100000	88.580000	1.864633	0.000001	
0.000008	0.000414	98.194000	88.550000	1.698544	0.000001	
