Train Loss	Valid Loss	Train Acc.	Valid Acc.	
0.000442	117.598693	13.650000	10.000000	
0.000339	23.545670	11.280000	9.990000	
0.000322	0.343696	12.932000	10.110000	
0.000292	0.014918	20.874000	11.490000	
0.000284	0.003854	23.334000	12.280000	
0.000278	0.002236	24.846000	20.780000	
0.000270	0.002071	26.882000	23.210000	
0.000263	0.002063	28.814000	23.920000	
0.000256	0.001940	30.526000	28.880000	
0.000246	0.001846	32.834000	31.320000	
0.000240	0.001950	35.124000	30.530000	
0.000236	0.001766	36.328000	35.550000	
0.000230	0.001714	37.918000	36.720000	
0.000222	0.001734	40.482000	36.940000	
0.000218	0.001730	42.032000	37.990000	
0.000213	0.001502	43.472000	44.660000	
0.000204	0.001602	46.044000	41.280000	
0.000202	0.001705	46.484000	42.310000	
0.000195	0.001515	48.388000	45.740000	
0.000192	0.001884	49.426000	39.470000	
0.000187	0.001783	51.806000	40.750000	
0.000181	0.001517	52.418000	46.460000	
0.000176	0.001554	53.900000	48.770000	
0.000171	0.001224	55.712000	55.720000	
0.000165	0.001276	57.066000	54.290000	
0.000161	0.001235	58.300000	55.910000	
0.000157	0.001410	59.690000	53.030000	
0.000154	0.001163	60.454000	58.510000	
0.000149	0.001348	61.710000	53.500000	
0.000149	0.001131	62.264000	59.620000	
0.000140	0.001100	64.080000	61.830000	
0.000137	0.001096	65.218000	62.350000	
0.000133	0.001168	66.094000	60.040000	
0.000129	0.001024	67.108000	63.730000	
0.000122	0.001062	68.916000	63.140000	
0.000122	0.001392	68.362000	57.890000	
0.000119	0.001093	69.976000	63.330000	
0.000115	0.001220	70.524000	60.840000	
0.000112	0.000866	71.704000	69.430000	
0.000108	0.001252	72.224000	59.800000	
0.000124	0.001270	68.582000	58.720000	
0.000113	0.001157	71.340000	62.230000	
0.000106	0.000854	72.874000	71.050000	
0.000099	0.000942	74.862000	68.580000	
0.000096	0.000934	75.602000	69.880000	
0.000094	0.000776	75.956000	73.570000	
0.000092	0.000855	77.014000	71.670000	
0.000091	0.000824	77.026000	72.230000	
0.000089	0.000758	77.724000	73.720000	
0.000086	0.000735	78.384000	74.390000	
0.000083	0.000863	79.240000	72.230000	
0.000079	0.000811	80.112000	73.850000	
0.000077	0.000761	80.402000	74.940000	
0.000076	0.000660	80.838000	77.290000	
0.000073	0.000706	81.754000	75.970000	
0.000073	0.000662	81.950000	78.020000	
0.000073	0.000713	81.390000	75.970000	
0.000073	0.000668	81.988000	77.110000	
0.000071	0.000799	82.186000	73.230000	
0.000069	0.000674	82.592000	77.570000	
0.000066	0.000735	83.516000	76.310000	
0.000066	0.000641	83.542000	78.830000	
0.000062	0.000677	84.468000	77.650000	
0.000061	0.000627	84.650000	79.170000	
0.000061	0.000665	84.668000	78.720000	
0.000057	0.000699	85.538000	77.550000	
0.000055	0.000617	86.108000	80.350000	
0.000055	0.000613	85.996000	80.070000	
0.000055	0.000647	86.538000	78.700000	
0.000055	0.000589	86.118000	80.640000	
0.000054	0.000685	86.730000	77.880000	
0.000053	0.000842	86.728000	74.220000	
0.000050	0.000603	87.348000	81.550000	
0.000049	0.000641	87.488000	80.350000	
0.000049	0.000572	87.798000	81.690000	
0.000048	0.000640	88.016000	80.020000	
0.000053	0.000603	86.662000	81.210000	
0.000050	0.000620	87.604000	80.030000	
0.000047	0.000618	88.034000	80.720000	
0.000045	0.000780	88.968000	76.790000	
0.000041	0.000460	89.416000	84.850000	
0.000038	0.000451	90.590000	85.450000	
0.000037	0.000446	91.222000	85.680000	
0.000035	0.000431	91.322000	85.990000	
0.000034	0.000441	91.542000	85.880000	
0.000033	0.000429	91.874000	85.990000	
0.000033	0.000427	91.768000	86.260000	
0.000033	0.000427	91.848000	86.370000	
0.000032	0.000428	92.148000	86.490000	
0.000032	0.000430	92.136000	86.450000	
0.000032	0.000429	92.314000	86.350000	
0.000031	0.000428	92.420000	86.420000	
0.000031	0.000432	92.448000	86.430000	
0.000031	0.000435	92.354000	86.460000	
0.000031	0.000431	92.574000	86.440000	
0.000030	0.000430	92.540000	86.440000	
0.000030	0.000432	92.654000	86.480000	
0.000029	0.000432	92.806000	86.460000	
0.000029	0.000435	92.772000	86.290000	
0.000029	0.000433	92.712000	86.290000	
0.000028	0.000430	92.760000	86.480000	
0.000029	0.000433	92.856000	86.400000	
0.000028	0.000434	92.998000	86.550000	
0.000028	0.000434	93.114000	86.450000	
0.000028	0.000437	93.028000	86.430000	
0.000028	0.000439	93.130000	86.550000	
0.000029	0.000442	93.130000	86.540000	
0.000028	0.000436	93.164000	86.700000	
0.000029	0.000436	93.084000	86.490000	
0.000028	0.000443	93.290000	86.310000	
0.000027	0.000437	93.074000	86.580000	
0.000027	0.000441	93.174000	86.860000	
0.000028	0.000436	93.414000	86.700000	
0.000027	0.000442	93.418000	86.300000	
0.000027	0.000441	93.482000	86.390000	
0.000026	0.000448	93.500000	86.070000	
0.000027	0.000442	93.520000	86.720000	
0.000026	0.000444	93.604000	86.700000	
0.000027	0.000441	93.622000	86.720000	
0.000026	0.000446	93.770000	86.450000	
0.000025	0.000441	93.746000	86.810000	
0.000026	0.000440	93.744000	86.770000	
0.000025	0.000439	93.976000	86.820000	
0.000025	0.000439	93.936000	86.950000	
0.000025	0.000437	93.792000	86.870000	
0.000025	0.000437	93.850000	86.980000	
0.000025	0.000437	93.928000	86.960000	
0.000025	0.000437	93.996000	86.840000	
0.000025	0.000437	93.972000	86.880000	
0.000024	0.000438	94.020000	86.790000	
0.000025	0.000438	94.058000	86.760000	
0.000025	0.000438	93.982000	86.730000	
0.000025	0.000438	94.154000	86.870000	
0.000025	0.000438	93.934000	86.750000	
0.000025	0.000437	94.000000	86.860000	
0.000025	0.000437	94.016000	86.790000	
0.000025	0.000438	94.002000	86.730000	
0.000025	0.000438	94.008000	86.720000	
0.000024	0.000439	94.030000	86.700000	
0.000025	0.000438	94.020000	86.770000	
0.000024	0.000438	94.024000	86.810000	
0.000025	0.000438	94.012000	86.780000	
0.000025	0.000439	94.020000	86.830000	
0.000025	0.000438	94.086000	86.780000	
0.000024	0.000437	94.094000	86.890000	
0.000024	0.000438	94.084000	86.820000	
0.000025	0.000438	93.834000	86.870000	
0.000025	0.000438	94.102000	86.800000	
0.000024	0.000438	94.204000	86.730000	
0.000024	0.000439	94.074000	86.800000	
