Train Loss	Valid Loss	Train Acc.	Valid Acc.	Grad Norm	Noise Record	
0.000727	16.607097	13.296000	9.830000	13.484836	0.000042	
0.000559	0.055479	19.668000	11.880000	1.918431	0.000020	
0.000512	0.002313	24.618000	22.190000	1.246719	0.000015	
0.000482	0.001883	28.362000	29.450000	1.375517	0.000012	
0.000458	0.001765	31.946000	32.460000	2.151667	0.000011	
0.000438	0.001755	35.138000	33.610000	2.397709	0.000010	
0.000420	0.001589	38.502000	39.290000	2.681516	0.000009	
0.000409	0.001687	40.868000	36.580000	3.783096	0.000008	
0.000392	0.001516	43.746000	43.020000	2.806558	0.000008	
0.000375	0.001412	46.656000	47.690000	3.347605	0.000007	
0.000364	0.001547	48.614000	44.250000	3.712651	0.000007	
0.000357	0.001595	49.730000	41.860000	3.664716	0.000006	
0.000342	0.001441	51.836000	48.510000	4.577896	0.000006	
0.000335	0.001394	52.728000	50.190000	4.600125	0.000006	
0.000311	0.001257	56.566000	53.850000	3.911390	0.000006	
0.000297	0.002697	58.932000	28.650000	4.951636	0.000005	
0.000338	0.001453	52.608000	48.250000	3.999599	0.000005	
0.000299	0.001339	58.234000	53.300000	3.146568	0.000005	
0.000282	0.001132	60.668000	59.340000	3.944827	0.000005	
0.000267	0.001185	63.112000	58.630000	3.928335	0.000005	
0.000257	0.001153	64.614000	58.500000	3.928599	0.000005	
0.000247	0.001082	65.746000	62.210000	4.020200	0.000005	
0.000233	0.001067	67.816000	62.530000	3.635977	0.000004	
0.000222	0.000957	69.530000	66.710000	3.646519	0.000004	
0.000225	0.001004	69.240000	64.700000	4.595793	0.000004	
0.000220	0.000977	69.828000	67.210000	4.153665	0.000004	
0.000207	0.001138	71.916000	62.750000	3.866740	0.000004	
0.000201	0.000893	72.562000	69.020000	3.662618	0.000004	
0.000190	0.000875	74.112000	68.990000	3.533742	0.000004	
0.000189	0.000834	74.348000	71.180000	4.184812	0.000004	
0.000181	0.000796	75.176000	72.040000	4.101053	0.000004	
0.000170	0.000868	76.796000	69.650000	3.751951	0.000004	
0.000171	0.000990	76.710000	67.900000	4.176540	0.000004	
0.000161	0.000853	78.128000	70.380000	3.700043	0.000004	
0.000152	0.000876	79.346000	72.080000	3.546267	0.000003	
0.000150	0.000887	79.560000	70.990000	3.875882	0.000003	
0.000147	0.000720	80.032000	75.600000	3.766556	0.000003	
0.000142	0.000726	80.714000	75.000000	3.936188	0.000003	
0.000141	0.000779	80.884000	74.040000	3.958647	0.000003	
0.000130	0.000642	82.554000	78.350000	3.160460	0.000003	
0.000126	0.000701	83.034000	76.480000	3.801132	0.000003	
0.000123	0.000627	83.446000	78.630000	3.308499	0.000003	
0.000116	0.000703	84.376000	76.900000	3.491233	0.000003	
0.000110	0.000550	84.980000	81.640000	3.153628	0.000003	
0.000107	0.000638	85.662000	79.450000	3.335984	0.000003	
0.000108	0.000779	85.288000	75.690000	3.714065	0.000003	
0.000107	0.000544	85.690000	81.740000	3.669000	0.000003	
0.000099	0.000665	86.682000	79.050000	3.272747	0.000003	
0.000099	0.000600	86.586000	80.200000	3.518875	0.000003	
0.000092	0.000564	87.668000	81.610000	3.206048	0.000003	
0.000089	0.000747	88.056000	77.360000	3.358885	0.000003	
0.000087	0.000650	88.244000	79.490000	3.355150	0.000003	
0.000083	0.000618	88.698000	80.590000	3.378735	0.000003	
0.000084	0.000515	88.580000	83.760000	3.588780	0.000003	
0.000079	0.000512	89.260000	83.780000	3.260098	0.000003	
0.000076	0.000577	89.838000	82.080000	3.326286	0.000003	
0.000078	0.000560	89.370000	82.750000	3.668567	0.000003	
0.000074	0.000551	90.176000	82.680000	3.078268	0.000003	
0.000070	0.000555	90.444000	82.670000	3.092555	0.000003	
0.000070	0.000515	90.458000	84.150000	3.554787	0.000003	
0.000066	0.000567	90.966000	82.940000	3.251610	0.000003	
0.000065	0.000513	91.090000	84.320000	3.271588	0.000003	
0.000061	0.000574	91.724000	82.730000	3.025284	0.000003	
0.000059	0.000509	91.880000	84.940000	3.191811	0.000002	
0.000057	0.000492	92.290000	85.130000	3.122448	0.000002	
0.000055	0.000642	92.538000	82.190000	3.118280	0.000002	
0.000055	0.000500	92.438000	85.010000	3.191677	0.000002	
0.000052	0.000504	92.808000	85.750000	2.969260	0.000002	
0.000050	0.000506	93.300000	85.070000	2.984787	0.000002	
0.000050	0.000550	93.276000	84.000000	3.096475	0.000002	
0.000048	0.000548	93.456000	84.110000	3.003795	0.000002	
0.000045	0.000609	94.086000	82.920000	2.897341	0.000002	
0.000043	0.000509	94.172000	85.810000	2.878346	0.000002	
0.000044	0.000601	94.074000	84.130000	3.148926	0.000002	
0.000043	0.000661	94.296000	83.480000	3.054936	0.000002	
0.000043	0.000549	94.052000	84.850000	3.167284	0.000002	
0.000040	0.000491	94.590000	86.270000	2.870085	0.000002	
0.000038	0.000500	94.834000	85.990000	2.828284	0.000002	
0.000036	0.000524	94.856000	85.890000	2.805390	0.000002	
0.000034	0.000493	95.226000	86.510000	2.766056	0.000002	
0.000027	0.000412	96.312000	88.490000	2.118613	0.000000	
0.000021	0.000399	97.252000	88.990000	1.646413	0.000000	
0.000018	0.000398	97.774000	89.440000	1.503295	0.000000	
0.000017	0.000400	97.858000	89.210000	1.474406	0.000000	
0.000017	0.000404	98.026000	89.140000	1.490388	0.000000	
0.000015	0.000403	98.114000	89.320000	1.450814	0.000000	
0.000015	0.000408	98.178000	89.140000	1.441576	0.000000	
0.000015	0.000410	98.110000	89.220000	1.490137	0.000000	
0.000014	0.000413	98.370000	89.360000	1.440027	0.000000	
0.000014	0.000415	98.362000	89.380000	1.492172	0.000000	
0.000013	0.000415	98.396000	89.510000	1.463565	0.000000	
0.000014	0.000420	98.346000	89.230000	1.468665	0.000000	
0.000013	0.000429	98.492000	89.310000	1.461997	0.000000	
0.000013	0.000429	98.492000	89.410000	1.454846	0.000000	
0.000012	0.000426	98.550000	89.410000	1.470534	0.000000	
0.000012	0.000430	98.610000	89.350000	1.458776	0.000000	
0.000012	0.000431	98.552000	89.370000	1.477466	0.000000	
0.000011	0.000432	98.654000	89.280000	1.411559	0.000000	
0.000011	0.000431	98.724000	89.410000	1.393307	0.000000	
0.000011	0.000434	98.690000	89.450000	1.435641	0.000000	
0.000010	0.000439	98.780000	89.420000	1.377540	0.000000	
0.000011	0.000435	98.776000	89.360000	1.396254	0.000000	
0.000010	0.000440	98.862000	89.430000	1.418300	0.000000	
0.000010	0.000450	98.874000	89.230000	1.445879	0.000000	
0.000010	0.000446	98.874000	89.390000	1.441557	0.000000	
0.000010	0.000455	98.914000	89.220000	1.411412	0.000000	
0.000009	0.000449	98.928000	89.470000	1.429197	0.000000	
0.000009	0.000451	98.972000	89.360000	1.387329	0.000000	
0.000009	0.000457	98.990000	89.330000	1.450037	0.000000	
0.000009	0.000459	98.974000	89.310000	1.506093	0.000000	
0.000009	0.000459	99.064000	89.370000	1.370919	0.000000	
0.000009	0.000461	99.068000	89.450000	1.359375	0.000000	
0.000009	0.000460	99.024000	89.390000	1.440433	0.000000	
0.000008	0.000460	99.108000	89.450000	1.433834	0.000000	
0.000009	0.000461	99.060000	89.280000	1.473666	0.000000	
0.000008	0.000463	99.094000	89.320000	1.391095	0.000000	
0.000008	0.000468	99.134000	89.360000	1.395939	0.000000	
0.000007	0.000470	99.176000	89.200000	1.322317	0.000000	
0.000008	0.000470	99.232000	89.310000	1.393999	0.000000	
0.000007	0.000476	99.256000	89.070000	1.383270	0.000000	
0.000007	0.000475	99.280000	89.250000	1.281098	0.000000	
0.000007	0.000473	99.270000	89.200000	1.321790	0.000000	
0.000007	0.000471	99.292000	89.370000	1.274567	0.000000	
0.000007	0.000472	99.366000	89.410000	1.202718	0.000000	
0.000007	0.000470	99.278000	89.370000	1.299484	0.000000	
0.000007	0.000469	99.300000	89.400000	1.254705	0.000000	
0.000007	0.000471	99.336000	89.360000	1.294776	0.000000	
0.000007	0.000472	99.320000	89.340000	1.232921	0.000000	
0.000006	0.000470	99.392000	89.420000	1.195189	0.000000	
0.000006	0.000470	99.364000	89.360000	1.218967	0.000000	
0.000007	0.000472	99.386000	89.410000	1.242123	0.000000	
0.000007	0.000471	99.298000	89.410000	1.265094	0.000000	
0.000007	0.000473	99.296000	89.380000	1.268672	0.000000	
0.000006	0.000472	99.394000	89.430000	1.195100	0.000000	
0.000007	0.000472	99.340000	89.410000	1.270617	0.000000	
0.000007	0.000472	99.326000	89.460000	1.398240	0.000000	
0.000006	0.000471	99.350000	89.460000	1.246008	0.000000	
0.000006	0.000470	99.330000	89.440000	1.231668	0.000000	
0.000006	0.000471	99.354000	89.400000	1.211524	0.000000	
0.000006	0.000471	99.388000	89.460000	1.251113	0.000000	
0.000006	0.000471	99.320000	89.520000	1.199130	0.000000	
0.000007	0.000471	99.352000	89.500000	1.259562	0.000000	
0.000007	0.000471	99.402000	89.450000	1.251432	0.000000	
0.000006	0.000472	99.378000	89.460000	1.250566	0.000000	
0.000006	0.000471	99.340000	89.400000	1.140216	0.000000	
0.000006	0.000472	99.384000	89.480000	1.257514	0.000000	
0.000006	0.000472	99.306000	89.510000	1.249777	0.000000	
0.000006	0.000472	99.382000	89.500000	1.245947	0.000000	
0.000006	0.000471	99.386000	89.500000	1.264445	0.000000	
0.000006	0.000472	99.304000	89.450000	1.212327	0.000000	
