47.846173395188224
26.960028721245674
21.130724955375168
18.05924810990556
16.108882926278472
14.584092606751463
13.476016560242824
12.610711599543805
11.847549831822564
11.187704313044518
10.656213079616382
10.174662943321568
9.770378066052599
9.425770647494476
9.130192829575876
8.886597306508644
8.637294171288644
8.409695492611693
8.241083120711426
8.049749514478842
7.888941129299453
7.7445510696066195
7.592301319478241
7.440160847581743
7.295234849347054
7.197582147556548
7.089997212501174
7.019519860053056
6.921765082663278
6.813764735269621
6.715653623334821
6.638068377678198
6.557796908565119
6.463897106478008
6.385387042425822
6.336494408198106
6.2485471270840565
6.228628080047188
6.160302972385783
6.120675054361603
6.028625232041186
5.997177625744897
5.938788918535875
5.876387507652364
5.82990673296334
5.7782467969773315
5.739740142480187
5.691329644789647
5.672870488394561
5.608337963363461
5.5717934564753415
5.53388548856613
5.519837254918412
5.4605973380596735
5.42817438629949
5.409843764024022
5.373426378440832
5.340967759603001
5.326781335852835
5.266078558372295
5.254877135748743
5.216441467180414
5.179774936989845
5.150876054747417
5.1367085830135695
5.122717350277502
5.079432864154104
5.052953097485642
5.034656262558745
4.9920189677682245
4.976410030598868
4.981897712341088
4.951654538879491
4.926651097549313
4.90753912211903
4.886765513320165
4.861237513806662
4.82361204771233
4.826762828829686
4.796274990923056
4.7752622627827686
4.780184225924539
4.733916617257392
4.7368914102102595
4.70669453894811
4.693407804213062
4.6884646010456565
4.639234980411061
4.638123267571015
4.619639150934214
4.611451532491578
4.595700903336816
4.578976318008443
4.558186594092154
4.545160389151222
4.536458885093816
4.513830421374208
4.522474686024449
4.494540230742779
4.478292392609174
4.47852754352605
4.44661500211813
4.427995175214294
4.409069281281086
4.410888335820814
4.413279007382959
4.395302208473747
4.396325697010454
4.355254355778989
4.3570773315262
4.344864394123555
4.317654725468583
4.3367056620818785
4.303127837568463
4.29436742100128
4.278630482354101
4.273793751284901
4.240255451144466
4.2640871387298125
4.234195320164222
4.224372476188296
4.215570600882628
4.200683219135452
4.186705272289042
4.193958971718807
4.194461328072291
4.174879394438924
4.157135975242437
4.170936998969954
4.163315009167162
4.147828391364269
4.127860523134008
4.146019505152005
4.122169852676896
4.112238659848793
4.11253939225882
4.0941112828586235
4.096420311555713
4.083681117290432
4.084801234602374
4.041105837664894
4.047332086344814
4.046673095545514
4.027864178433233
4.035914791220975
4.016856565829918
4.022337582159008
4.006126672291884
3.99032973561811
3.9878960301616018
3.964613758473449
3.9937136270432787
3.978342921957639
3.9830325351910445
3.970728946818619
3.939513737358743
3.9460641339040827
3.950588483305463
3.940053669728895
3.936990986831178
3.9375251323331306
3.8983814517422934
3.902014924058966
3.893218483795861
3.8833645061400683
3.899066576748717
3.8970384986160744
3.8818072404109145
3.8750694363702274
3.8580887285381102
3.8779437901605998
3.8576750303375196
3.8553398230198717
3.840192101719925
3.839104637202627
3.835204663899449
3.8427941488915898
3.834967552104453
3.8281063203831027
3.8147191219166303
3.8119483664694305
3.8196458957185406
3.8149563827565767
3.8034809529487306
3.7969185242778756
3.789205344645543
3.7896175264863525
3.794526762006773
3.787298197226708
3.760281215838185
3.7641619161978426
3.765333968149242
3.7516405103192567
3.7480863990156847
3.7502159967294566
3.7249245438475733
3.7262758438285997
3.7087260696137014
3.735599069652936
3.7437910889595103
3.7055913338342386
3.7132447408295
3.7110408031779856
3.7043839516762485
3.7000402154501586
3.6933322488057208
3.6986638023818585
3.6934339550146533
3.677019965727873
3.6921445895810567
3.6690534513800315
3.6620101447016187
3.683929684173768
3.67746777465486
3.677237023310479
3.6763108966440856
3.649228287548244
3.644390805250945
3.656355978617713
3.622510282063819
3.652502617945649
3.647977275224372
3.6374592108000257
3.6196553388650368
3.6366601843685125
3.6101285203166817
3.6204083147202457
3.617216148193577
3.6005116980459757
3.596290148354163
3.60251711933465
3.6063923316661053
3.6113555420186736
3.594118548760312
3.6015614607558324
3.59879290405919
3.596119588761114
3.5769795192046487
3.5860968703966236
3.5725527202142957
3.5586429549432155
3.5532171441943086
3.5611844221979
3.5687533391492274
3.5577506760090833
3.569031871785873
3.5489635631725984
3.550732074935651
3.5404521399174746
3.535852374686897
3.5464489791731775
3.548454613146861
3.528681007218649
3.5307660759235446
3.5197272988751336
3.531165290627157
3.5250373359236264
3.522310403596725
3.506620802130797
3.4942418664160644
3.497867650576483
3.503823378899822
3.505847246214973
3.4890983582498536
3.5028165925407504
3.501369994629377
3.4976136129172577
3.48559866610638
3.4848898510028885
3.4874238388381986
3.4746675541226786
3.4794907982895613
3.4719024400100147
3.4731110641021954
3.4796508456516047
3.4735234788616087
3.455956075691766
3.467543739962546
3.4656029035183202
3.442346282125999
3.449901040481008
3.445883201523826
3.4617781898863798
3.4357063014146463
3.4451855101873434
3.4349273325471046
3.431315808234114
3.4362616332144196
3.4274433986164383
3.4363251051255523
3.4211222594976647
3.435697796722613
3.4331240692541733
3.423880189388985
3.417592334557767
3.407698519442242
3.4132353407258726
3.415745679752861
3.400673926605378
3.4215336734178012
3.411249933641544
3.4053096803369116
3.4022323882815115
3.392233088201723
3.399836855727612
3.40191020206178
3.3897300556382697
3.377067809426237
3.3928211269273088
3.3818246093752435
3.3936917781917875
3.383722469050235
3.374963727869776
3.3717812982213977
3.3590973889659934
3.372608116500912
3.382524546070135
3.371563622394364
3.368808198397829
3.384939184357274
3.3636277024302195
3.3752727308440598
3.364665658042282
3.372857076069439
3.364879747825672
3.341533971360825
3.336009573104359
3.3497839085580368
3.350741673680961
3.358019232775451
3.3310970086813967
3.3297661233773064
3.3276581192788175
3.338573381425523
3.33394444002411
3.344086131479291
3.3501084166042845
3.3249407217041855
3.3354710522281423
3.337748336498624
3.325122619610973
3.3339383141603345
3.322282438584965
3.3145713969483572
3.3082171883975775
3.3173997449250674
3.306296795719991
3.311683343837507
3.306913055917054
3.3038286415738516
3.3038796224551312
3.2999249775837396
3.2914994352618785
3.307394591492571
3.2934971650477074
3.2899579196510422
3.300317540538524
3.2976554331216277
3.2868472680287955
3.29516357585109
3.2767083342744665
3.29169935345476
3.2892002537069778
3.2850474927001834
3.2951389811868936
3.2849279296201987
3.2793375871511157
3.2832154124124524
3.2853882499423794
3.2701085210231575
3.2650746582152395
3.276040865623081
3.2808265174448557
3.2702894980051753
3.2622582815819166
3.274260102243892
3.257728194384216
3.2765674751055704
3.261586107564101
3.2634344778404194
3.242391198094131
3.267655589632216
3.2609643334244893
3.238608047641003
3.259338287508701
3.256789491905098
3.2387582631526026
3.2480829242999234
3.2400455314131875
3.230694750702695
3.2407301238620305
3.238735265200851
3.244066848972306
3.2345808227196735
3.226252236343918
3.2502001210849794
3.2461580340062954
3.238935903410232
3.2298487434543417
3.239802732394861
3.219314602240125
3.2348723088713096
3.22909135291131
3.2175004300326315
3.229974770357376
3.2264289863605096
3.2192986493184392
3.2163486994047
3.2227292204696614
3.2046664623556
3.2176325958478658
3.204954025703884
3.2010921907840113
3.207438550691664
3.195378282945675
3.202476026299228
3.2023263975647533
3.2121680502961607
3.196204020960771
3.195742261945046
3.193727281413878
3.2010780971346118
3.1923836427443586
3.1867465381185465
3.1920898480761273
3.188622766146398
3.1789439707950726
3.1904476553016425
3.1883200631455524
3.1820819488195267
3.186714377168507
3.185879897179627
3.181544299776275
3.1937216868779603
3.1920654451469073
3.180577511939189
3.1921351201467867
3.1676614754585106
3.1733261902207097
3.189381275159088
3.172729840516124
3.1826428045526334
3.1666399941431655
3.175191270407396
3.160089005018334
3.1754936247128387
3.18095834936193
3.1668844469311606
3.164056611854859
3.1801571449087667
3.1515057240893944
3.1482906657351606
3.1496319931778687
3.1510516208763004
3.1481441424081065
3.1460823067314525
3.161468149826737
3.140679134032584
3.1488072254699575
3.157013958492623
3.1550391946866783
3.141308320031502
3.1228048696594275
3.1471297729882104
3.1416555946177898
3.1492729032688787
3.1443329238853024
3.1392557310898503
3.1496397541180357
3.144950812200587
3.147085803367483
3.1338582917793176
3.1309702655511926
3.138618730190826
3.1278106368825447
3.142695191351431
3.1225973958084445
3.1434459289841006
3.118127121036613
3.134228224959917
3.129955121758075
3.141363144952702
3.1228557310111795
3.1329927579171195
3.13499405862963
3.1276773758355816
3.1215675740569844
3.116212928466654
3.1180093149711117
3.1067311556372346
3.111057473365887
3.1208814226521713
3.1133630143150044
3.113466993190068
3.1169228360206644
3.1281051054980336
3.101930934028982
3.1230340264407963
3.100504061301804
3.1029766426480374
