52.943899746259184
28.816768567145882
22.048034808008214
18.464708440731602
16.191924422474532
14.475714693278148
13.27477256139454
12.307301783714655
11.46627680487547
10.761432645558251
10.18099532164764
9.687491195739966
9.251802770720259
8.873938464711564
8.554092206537037
8.294690370513289
8.012080436208329
7.776984782903155
7.573657340711364
7.349789632064467
7.178650871524378
7.020434418739299
6.8643364094542365
6.7000392244205065
6.540187468471327
6.436237627629228
6.307152599833749
6.219486763903881
6.115724650336621
5.9957290407641395
5.883872053446172
5.795818322311896
5.702636236612811
5.6177408122411805
5.533748080055919
5.4727523183745825
5.365804770889902
5.334378270666328
5.28034666297762
5.21421523376046
5.129062093445574
5.092508404580614
5.03004545591173
4.96092340617867
4.908176236505633
4.853467688521227
4.817292588650591
4.758809412536723
4.732830393414603
4.675653754301702
4.627561858139766
4.595979518943712
4.58003101510812
4.525337917001267
4.485639810056028
4.449039804089975
4.4178347646421186
4.384425187242777
4.366147580216652
4.30847065676284
4.285931572016366
4.256341673254264
4.214289217746898
4.1900587428037595
4.178369033055855
4.146745463092457
4.111965163871254
4.08280844303739
4.070326102567293
4.019193589870814
4.010111344138648
4.005043090905297
3.9735616068604784
3.944761422209495
3.9331476719413687
3.911635976854558
3.8778747293185405
3.8464051001564266
3.8477057108776473
3.816013729836005
3.7985143966634745
3.791731817613606
3.7660341582473777
3.7517229133490666
3.722738277625414
3.7073137595418593
3.7037879992752196
3.6610736968018514
3.657040633233136
3.6331070933640177
3.6271837599147063
3.6092404594075282
3.5908662352365632
3.582372451498276
3.562975613539964
3.554170990857544
3.5304863505637165
3.526221894822258
3.503308575015408
3.4914913555687073
3.4899413276335753
3.4623912322295087
3.4476104473301494
3.430060533539459
3.4333920061651497
3.4258314433400554
3.4084885820985242
3.4059754245888505
3.3747740626563925
3.362300387571801
3.3563182059910885
3.3294512596433194
3.3438697167491713
3.314970782042263
3.309195769841572
3.2932325266932154
3.2940554630425907
3.2687445398487878
3.271268448189969
3.2454678492840254
3.2402355610399844
3.233066834086486
3.2226791479540764
3.2065182710826114
3.208257780735481
3.2043055300319008
3.186229382603005
3.17639051183567
3.1913337850657144
3.1728167202882354
3.153786200306102
3.139705527967209
3.1564822408913735
3.13592163312804
3.126564712820691
3.1311494628077887
3.1093355944812693
3.105027807651984
3.0949562670904704
3.0888464025872593
3.062065906620461
3.0656222152031916
3.062073430807198
3.043019931679774
3.049753523385563
3.0342178142676697
3.031446219423826
3.0198752690145585
3.016567090885511
3.010113208312088
2.9874792415479177
3.003303306529587
2.994101802984829
2.9916536757856744
2.9878185902378482
2.956122374391969
2.9623518783736564
2.968875974391418
2.9563515951216726
2.9528580907176107
2.94948865735851
2.9250388596247348
2.918299876715467
2.9138775522126186
2.90350737256932
2.9180395321556514
2.918329239389083
2.898479056843724
2.8916001360180643
2.8816298422947884
2.895476371299282
2.877661593311458
2.8766759325840545
2.8577837570784492
2.8621498883239522
2.8514694812865966
2.862067743556699
2.8455961674321415
2.844641938184568
2.8351746397694484
2.8365587135862014
2.8382463966559013
2.8356155372063547
2.819168563204332
2.8150878674029394
2.8097542423468322
2.8059420221605804
2.807742749434992
2.8039133322228724
2.7850910259025006
2.786137919356717
2.78901844824157
2.7816864292798305
2.7751222586661033
2.774571074443903
2.753202606193613
2.754248576902695
2.7404445027480064
2.7521549124410445
2.755302110621804
2.732316236260781
2.740333887733813
2.7332949169116056
2.7312223353347824
2.723976153522474
2.7224934151005216
2.7221614017323486
2.722675430557024
2.710237971196056
2.709570708263372
2.693388822715466
2.692351757046134
2.712838913840739
2.705292700074791
2.70223400942916
2.6961094104493846
2.6736963162200165
2.6771142292130343
2.6846872924586456
2.65204682360335
2.684295655905821
2.6730614058458038
2.666711855805326
2.6500909413405775
2.658850469376159
2.6434021261060114
2.6462785019881863
2.643810479005061
2.635504283250784
2.625854071504241
2.6293344942372436
2.6353692430762794
2.6363970176092772
2.620396915649049
2.6255361964940143
2.6215242404901202
2.62238579259744
2.6160488671150337
2.618316093487599
2.602411325010482
2.595902618624947
2.597140595380843
2.6041398143713894
2.605868062967376
2.5948279395586935
2.5916473216396727
2.57861002448547
2.581391326450231
2.5760397224203078
2.563766823028251
2.582663881238186
2.583253868398908
2.5646429563940862
2.5661490492845807
2.552190957504172
2.568135941675757
2.5612693837741696
2.5623516841677954
2.5537750757710307
2.538708887611631
2.5309620539288624
2.5409186387179097
2.5398279585849264
2.5342088314792828
2.541359069723474
2.5418351083672386
2.5350071588015344
2.518965853143261
2.522373301304406
2.525479848628998
2.5196398703823957
2.515478036667985
2.5091633134156393
2.51285225826179
2.5083555901726786
2.512592176871025
2.498485858315759
2.5055654515644847
2.5066384652185523
2.4894772851080407
2.492835053469043
2.487907611534911
2.5042778017945326
2.4784533340295796
2.4903163590700674
2.4822836826957113
2.4783157890949474
2.478148266190957
2.4687228908853815
2.4773646811785626
2.467044435650011
2.476911212091962
2.4766398308828994
2.4720196878937544
2.464152242556051
2.4630528055432195
2.4616979993765167
2.4630874859908585
2.450604803738036
2.465085292172717
2.456761754601519
2.4515384569503675
2.4535193405687052
2.4384960856685702
2.442677945547714
2.444045211379684
2.440879632965774
2.42933543297432
2.436800237105243
2.4359026768613044
2.4373345964096145
2.432339505159721
2.4157048666308985
2.41861617302061
2.412342666420642
2.4256317427440406
2.4281998794138158
2.424044579035469
2.422016452098759
2.428355584644825
2.4140704846000864
2.4208001617880406
2.4132070245756885
2.4222709816421184
2.412889596789128
2.389425310270701
2.396114233657038
2.4055605829265043
2.3988644185840085
2.411247566693285
2.38650914449192
2.388723990935589
2.385023712849948
2.385686954147326
2.3835621610079976
2.3935708534982023
2.3930878582190602
2.376702133110389
2.3861519290160005
2.3921946242389613
2.376434300915867
2.383099694800236
2.370908514917143
2.3670295701467854
2.359113706420852
2.369907808469972
2.357969015261616
2.366786475773283
2.361474532617408
2.3616946670678662
2.3624553884276875
2.3564883101054352
2.357898610976399
2.3623115939457593
2.3502027031837254
2.352563347567606
2.359396635871629
2.351085778688637
2.348057412542382
2.349701855936664
2.33952203026548
2.349873682862185
2.348740423229796
2.344303457804662
2.3517895844667556
2.3382650943606724
2.341059760832778
2.338630192444049
2.3414577841085285
2.3242058908881034
2.3237634288532916
2.335560394473149
2.3305493555297203
2.3263419668567007
2.3211212035366704
2.3273879710452063
2.316601623524486
2.3324736876126138
2.3159619576058184
2.3273760086795416
2.3058813448958877
2.325529641468908
2.323053738512022
2.300555909955926
2.3185721998180893
2.3127974497249784
2.30264091486526
2.3085107803263605
2.3034160339233103
2.2978623827959104
2.311012867210657
2.300232477189651
2.3020403053804475
2.2944271017666575
2.292975747459066
2.3071209995792166
2.308795743461611
2.2993724503124895
2.2901711777740625
2.299521646378689
2.2830735029091613
2.29630353449147
2.2899787799571936
2.2837346777790724
2.2924258199282566
2.293688841412571
2.2807453864134533
2.2835385616915125
2.2870521037232234
2.273758534158052
2.2785892513579316
2.2741609147720627
2.2695859208507128
2.2664693854268827
2.263977614615054
2.267852014990901
2.268589968243211
2.2770944097882473
2.2641797580984915
2.263525146986822
2.2677537134105497
2.264815167714598
2.259808141314318
2.261059306326596
2.2598140630588905
2.2581707919929133
2.245669211425621
2.256668179779524
2.256509663381456
2.2516623440969243
2.2576451997006433
2.2478211125751177
2.248972791469891
2.256718037992565
2.2539694616344588
2.246779696766985
2.252513086049045
2.2368441299742465
2.2448522521159853
2.249306440245803
2.2360400467536867
2.2449586003109743
2.2390317104056323
2.2410525818367533
2.2329284820210735
2.2455399190425727
2.244566923785559
2.233643644565767
2.2305506799896615
2.2408300500022595
2.225254101104803
2.2202836007746343
2.220038707787578
2.223065808486805
2.219763508114902
2.216075252446804
2.2320085667128597
2.215117869499108
2.2188051242519005
2.225810040389665
2.225946379377898
2.2173386528232673
2.202085787432678
2.217558791430625
2.215322205130765
2.2194876386100297
2.2204833943855466
2.2091719095388935
2.2138937846523556
2.2146925328942255
2.216746146322382
2.210435837909466
2.2025284105010043
2.213603812853648
2.1989381516367703
2.2115599655443803
2.201981752936536
2.213279741405303
2.194913354484053
2.203493105484181
2.2021891048544706
2.204500816413444
2.203982212940366
2.2082706537547048
2.209812426506907
2.1950459078705427
2.1947161671295077
2.1931563211069833
2.1920135846646853
2.1848617937643797
2.1852596783265867
2.1909839967374647
2.184799202356558
2.188300279798628
2.1894169655903504
2.194081414747933
2.181779230296358
2.1923603603069473
2.1777189774741323
2.1837805133325063
