67.62760280903144
42.004290058539894
26.9703253983906
21.016974627297547
17.85667786193471
15.770830203148051
14.35082566914108
13.293942998399865
12.410737916038755
11.6610541436118
11.088443777960697
10.562903610088602
10.124465421458176
9.742481375218205
9.427004943434442
9.172407112260778
8.88649187379172
8.651848582010794
8.456737003081939
8.249057593818781
8.065615136718463
7.923122584360473
7.759636924390128
7.608812773743186
7.449995730571437
7.346513580000657
7.225350352392482
7.146226155479519
7.039608540026298
6.925292627798304
6.82261982660263
6.7289002409894225
6.636173660292589
6.558602316282644
6.469476589498398
6.412503853679536
6.315253892102585
6.291636948531909
6.229116107354133
6.166436466317715
6.075734048373389
6.035580607890258
5.978430574701168
5.914717555975995
5.857686014432296
5.806641555295084
5.761049240398653
5.717602336209713
5.689593275713285
5.625424391404789
5.578100080588469
5.542442761559883
5.525999751783789
5.460696036167764
5.430038110184544
5.393685995994894
5.354700281707068
5.330503331913207
5.309951401741058
5.246808026356014
5.221362944026923
5.2003187152387005
5.148931690441728
5.129858323149806
5.117959309612231
5.093720398984602
5.050424128651866
5.020741297625251
5.005381935929878
4.944840265313473
4.9353325155289935
4.938549383693053
4.907707386871959
4.874025585624319
4.868141166959446
4.844058707411691
4.808148951963751
4.773434582405542
4.788079595404256
4.749021441984194
4.731950295875827
4.729453143964144
4.686633618960841
4.688613985565258
4.656685342935217
4.64531735353713
4.640244371272897
4.589305710510934
4.597822074845824
4.567771411507811
4.563648488332888
4.544892652172424
4.531550279280507
4.511081213336413
4.494006050298354
4.491035609061021
4.463363469168343
4.46522305515361
4.443421404182714
4.427494431421469
4.428070164291243
4.396605839832773
4.38373948533074
4.362551763676444
4.366032892183276
4.3673708794586625
4.34948541326603
4.341232402452723
4.311286546537677
4.310165217799839
4.29748937526093
4.26841420926917
4.285115013243901
4.260840214873097
4.2484982143423125
4.236896684545766
4.240362971027577
4.200803138512333
4.222740993561475
4.191296229392969
4.18441244887708
4.178915511633247
4.165158748103212
4.151131203850658
4.153564468032154
4.1562056646953645
4.141706412580042
4.115410747971688
4.128112833772092
4.12036933851999
4.0997948767821315
4.085096724294159
4.105071458058958
4.079865693734923
4.069187009923312
4.078481967300566
4.042604734466486
4.047180736413645
4.038235245967243
4.029791264705799
4.008114131046594
4.001684328894528
4.007929775891559
3.991306892902756
3.9941568244958603
3.9860326598827895
3.982161150089008
3.953652350177277
3.950355710015938
3.9552198473755396
3.919867055526158
3.9449977646244037
3.93746504097841
3.932912101992057
3.9276406893743196
3.8966629751650466
3.904646094386418
3.908558679718414
3.900296105129863
3.9027024237234347
3.8928453845898225
3.853216871342815
3.8631770576719977
3.852366702197816
3.8383742522776836
3.8567153466543047
3.8574252494483416
3.842749076074353
3.8338053095951317
3.8164915840967466
3.838005130258827
3.819823773764787
3.812364962972403
3.7999594159589445
3.800935334003782
3.7907556267370075
3.8037849867427522
3.78553108256679
3.7874974365458507
3.772159190057467
3.773048421916471
3.780494537127877
3.774586475434648
3.7631147796373905
3.7585318347948657
3.7505432860016534
3.749534079716842
3.7538113647462907
3.749039264470872
3.722677457164201
3.727370997008453
3.733647593346639
3.7240176940305783
3.711532738168198
3.721946789175135
3.6943127481179463
3.6882669927538445
3.6748866432316842
3.7028137076636027
3.6968368482663645
3.6781913587868313
3.6769497821735153
3.677518084833306
3.6691106853576727
3.66802038765598
3.663589756311936
3.662513640477801
3.664216539318977
3.6444471592681604
3.655257308296498
3.6351891214006904
3.626215566726245
3.651047463076297
3.639347700787933
3.642587664751087
3.638039110351459
3.616277120540192
3.609882820847153
3.6203120339943156
3.5854603329003703
3.616583391849495
3.605775310241295
3.601049184504618
3.5834390957537434
3.5978772748679373
3.5732809882456174
3.586831244447596
3.590321171646242
3.5695087665606855
3.5683837882659115
3.5696762489566516
3.571091591010315
3.573037263222714
3.5588303696231045
3.5672841650986
3.5572365197124536
3.567271714432685
3.5524743049662426
3.5534243854864846
3.5386325750985015
3.529296226106075
3.5261169499058447
3.5340007068898873
3.5376557203358043
3.5255340963288604
3.530322340302831
3.5238448829145397
3.520276224176953
3.510701989362899
3.5017852673918832
3.5141281828783932
3.5200040082404844
3.502810919764934
3.5045908603964993
3.489283224698204
3.511353613795503
3.4979398427730644
3.4928689479578736
3.484267200418652
3.4670368965923934
3.46319993102597
3.475750100491205
3.4747608740940414
3.4692059065611716
3.472651608810876
3.474063439465855
3.4735937457433432
3.4613021365671366
3.454459112378044
3.465265173670287
3.451101389844098
3.459890975071845
3.4487519699818985
3.450369006666636
3.453356193000998
3.448879734712617
3.4300341108911496
3.440317035099232
3.4475613099379294
3.419430847390681
3.426637422500655
3.423402908610863
3.4352051907839383
3.415331778140063
3.423880598351303
3.4156721417791895
3.4130402334093284
3.4138577734835125
3.4075023294623072
3.4117536956974663
3.406828717523942
3.414434976406042
3.415528129345411
3.4054104790524433
3.405429142929988
3.395337457445257
3.3948629150399783
3.403285048783052
3.3834955508849034
3.402729885870533
3.3931164599370214
3.388996884105067
3.3873693741999005
3.376810286690361
3.386250703791862
3.3904178780983933
3.3780523104640268
3.3658729763392174
3.3744207952867846
3.3743283372869364
3.3812686646986623
3.369971996882286
3.362664731523792
3.3634605798522172
3.3520032903265213
3.3622609115835203
3.3677376634833505
3.3595312868159515
3.349640808032678
3.36789312595214
3.3394782374123473
3.3577298706961076
3.362655726471354
3.3574601016692633
3.351243830619609
3.330954544762895
3.3284849965989047
3.3435270359248865
3.33809662984066
3.352104999887537
3.3211075565064494
3.3212048033800823
3.3299411005742705
3.3263052597939198
3.320602756667105
3.3376380755127593
3.3366757527671798
3.3132455776456182
3.3324997812421766
3.328393173981684
3.3121163099690634
3.3288018498803953
3.315347263279397
3.307142478675677
3.3022069172252397
3.3141512142149203
3.298143704349036
3.30657628888776
3.303343232672436
3.3056289108578008
3.3030518243801716
3.300704810117102
3.30128063847976
3.3060346889432513
3.2912626939850327
3.2983816514472646
3.300571432382341
3.3007176888099985
3.2862235549229015
3.294007890930286
3.280040125142381
3.2968228922588856
3.287270822522959
3.2876928357078854
3.2987609983710002
3.28123695830797
3.2741762931836607
3.2838698710389713
3.2841473595811834
3.266016733484397
3.2633188920447225
3.278586131973338
3.2768489900539657
3.273705616208876
3.263188260018552
3.2722567110849483
3.2583064964763544
3.276300509822319
3.2639482200183587
3.270320969909976
3.2442475308766645
3.274570271742173
3.2711800315376656
3.245715110084539
3.2603980160553294
3.258730506414952
3.246609212788027
3.250049989327202
3.246401823954416
3.239578304177065
3.2506368986197494
3.246424978063665
3.247352796522385
3.235169041236972
3.239975039126982
3.252335690337864
3.248946872042589
3.240050391271106
3.2398377562730296
3.238890506391955
3.226567342574096
3.237669893052871
3.239821611641973
3.2239089668105905
3.2423649036358846
3.2363751982404385
3.2221386005486274
3.2230474272094196
3.2348912389238706
3.212402052228585
3.214908333841477
3.2220894465702004
3.214683865256575
3.2165294625351764
3.2033037098285537
3.210530413237484
3.210159854281333
3.229878594116789
3.2102706955030933
3.210899438178274
3.208603162631553
3.2124948978261814
3.2073557849835765
3.198078590126917
3.206661822549824
3.2077219281667815
3.1899298921045407
3.2034904714624908
3.1994050067181816
3.1940669454512687
3.206448920452134
3.1987810990193934
3.1925971316906097
3.1996020246837844
3.2084004122241474
3.202509025167281
3.2060466078533345
3.183327711312733
3.1868873352469045
3.1967037978224604
3.18261682844189
3.190642229463961
3.1789561397168384
3.1900475272745594
3.174505897960721
3.1942169304474306
3.1968358380167423
3.1845576962099735
3.1774455383916993
3.192142549270114
3.16918064800066
3.163383898487796
3.1647265724758085
3.166406990042224
3.163114913565586
3.1597912500265566
3.1813775288159865
3.157381196384392
3.169398326725048
3.1705801313186686
3.1729974262975134
3.1623306553450754
3.1405158613735438
3.1719808126120395
3.1609577520849608
3.1701811191515845
3.1675966111919998
3.15502741184212
3.1625853279166023
3.1612007832443645
3.171026428408689
3.15090669127056
3.1508165841410007
3.155496527497119
3.1482425139796693
3.155555473773651
3.1485360485403877
3.159721112705764
3.1374301005259153
3.1520045088017707
3.1515349665630548
3.157131590162518
3.1540381635638233
3.152566116053295
3.16184849351689
3.1460562642295673
3.1447123546822215
3.1387625620948634
3.139333438982716
3.1312249848953697
3.137121775360869
3.140033905407012
3.1365931330373
3.1416077214906153
3.141441720865847
3.146372174124517
3.127483837171423
3.1429434156594422
3.1273656079798235
3.124936029769534
