74.456405552921
38.478930715697075
29.457201419633833
24.812293094191045
21.863895859045723
19.67218270074442
18.073883925218407
16.86266777845938
15.852359045153927
14.95186522874316
14.270389325738742
13.544773627496383
13.073131063215342
12.61353640781514
12.206566832079488
11.752493598979077
11.44022873252626
11.155836473670744
10.947297492098917
10.585104842763887
10.374033455814123
10.256779576174715
10.04176145451649
9.776647445090147
9.65846770431193
9.573676340972872
9.39729599277097
9.253934482140275
9.163656777065604
8.954569279073965
8.92216561425724
8.740941906724805
8.710985257489638
8.512436872409054
8.447861620978175
8.408916089983274
8.29594920382884
8.25090948982311
8.180944536901798
8.102204349563076
7.995960389124559
7.959918781101305
7.85821238650101
7.776434599691314
7.7093847603482075
7.6743170998712245
7.691994346400423
7.479082510732685
7.462391680682356
7.522420401557752
7.406281874270545
7.341727551234809
7.296133240841648
7.252396091040047
7.170067753905262
7.236460149016182
7.205725810318168
7.137140174687809
7.100225718235034
7.050029267447286
6.998827352256956
6.920923691658465
6.975478831937828
6.894238828000636
6.871730194943017
6.841245634336231
6.891805122112605
6.788848134987347
6.780236396785358
6.760064429953988
6.727159208776603
6.627725439766317
6.655079629205633
6.653258420640012
6.620439787954065
6.586942215380806
6.522266581962778
6.464394554482496
6.477165526932084
6.475409256658733
6.4005101846634505
6.405509632708867
6.413728550635284
6.362839008880265
6.412547929951444
6.386624526623625
6.338984963556161
6.256348403532301
6.300146520737454
6.283721515939988
6.2776790734068895
6.204236264160237
6.272392134867633
6.282924230020316
6.1271087167331855
6.197392461784733
6.1772352028089585
6.141408516413814
6.097022586602885
6.106917643264304
6.073057017161308
6.127450840284051
6.071496335567336
6.101124175256955
6.021527166157566
6.058786578895237
6.022123128777889
5.976213045598413
6.013990577620369
6.016650828545399
6.008837324535249
5.9642167641504145
5.953046080180418
5.909431883825671
5.896784070865895
5.884347075575557
5.868547034786826
5.860313191596185
5.924277901670723
5.889514875251755
5.915258547002446
5.8227770405975745
5.806069111387459
5.820834943045167
5.835817270388708
5.821278158465319
5.774026676529407
5.787791657479889
5.779768717519116
5.858819069495955
5.699141381505824
5.698059567816938
5.733552365242512
5.678239050514549
5.705829878860172
5.749301457659352
5.642488178178666
5.7296008480953375
5.759187260282808
5.733106949614215
5.5994184327610155
5.668530276457794
5.634764775272903
5.61683847629261
5.6788025303268945
5.5868850223098105
5.606389145290511
5.5927387328994564
5.548705653798816
5.597605717726911
5.5877760306365145
5.599166020333365
5.579437897321836
5.504075280507531
5.520313506389063
5.557423857793331
5.576372684239925
5.551956702477454
5.550756419074397
5.567784983542814
5.452915239876639
5.518275020152683
5.510841213154051
5.516375053379083
5.519336430093404
5.490732466886516
5.407124627613463
5.456542923121492
5.4294555832705695
5.412620815101161
5.412489572156649
5.461922646220575
5.489746344323668
5.431008151158317
5.412444509286473
5.462260597172976
5.416212338567944
5.4428015221726405
5.370718619144319
5.382944745993118
5.4227259173040325
5.444112353123784
5.386264447109795
5.349684294056307
5.441991905039274
5.36278337132416
5.319988511988808
5.317893155137373
5.449662671734155
5.375873742429998
5.407321973294636
5.357204264125865
5.2973744771991464
5.340252143735984
5.28712161278185
5.368878226986183
5.308183645183212
5.27008775121827
5.272874284162607
5.269100181424531
5.31507226169574
5.233642370878339
5.259795941434094
5.295630995182651
5.217971843943019
5.194936840664538
5.231911154572013
5.246365894491007
5.2488591321521545
5.303535656619521
5.34478626776118
5.246250326765789
5.293885487564779
5.246529806764304
5.294594489552288
5.243985348363518
5.256839978121657
5.223842833153139
5.238684289681111
5.227945571343205
5.18703262191503
5.261742111652335
5.181941153542112
5.153432816468959
5.200583483782784
5.19762829631694
5.142334524407602
5.241311495809275
5.168352658739732
5.259836084785541
5.135627998289826
5.209801699388577
5.228684459514528
5.142083184366211
5.091808615390955
5.1728385253618425
5.178397905352155
5.18086411107948
5.080076482072811
5.144772279779661
5.052619670839979
5.128652724358294
5.153076614798619
5.075423447204777
5.098976680965932
5.09326159765583
5.110625516735166
5.0681685167405
5.14435423591284
5.153543425247726
5.085792233597669
5.165403803108313
5.166944088626923
5.0136919693692965
5.017806330811785
5.1208001829024274
5.135071495599395
5.049962628836501
5.054518485028199
5.059640681514371
5.033655594692148
5.096946909465426
5.076965169999804
5.054567940604726
5.079905399934865
5.067755480478824
5.047742126175405
5.067518123303731
5.118744392425193
5.0777349001468
5.08196724401665
5.103742130705602
5.073687729276878
5.058616234969069
5.024298275436497
5.043135967504298
5.048456901989311
5.011589043180042
5.049877345399891
5.002165226165961
4.974272863555761
5.037998846967743
5.012488206977326
5.0857621968820315
5.034415189222696
4.940808379730541
5.051419577085515
4.997304395293229
4.955412022227868
5.073387607208875
5.076186086163993
4.975618720099355
5.058207463879762
5.002969481613433
4.986757462428509
4.994566079813862
4.939990745916895
5.033996589513535
4.967769365173434
5.030234681099112
5.022635649154153
5.045681200934623
4.985913454249553
4.879818231987026
4.96580044072396
5.009465601949109
4.975459346767271
4.9855009051030015
4.974277341728817
4.976376870486951
4.953130594264608
5.006608065134138
4.971055357174664
4.948044656781242
5.049378815653713
4.906953971882149
4.910090006935504
4.942075567637727
4.917884712210462
4.871284054258897
4.870483176172574
4.950551338199549
4.897305881592476
4.991221863434408
4.94350448803304
4.942516231626558
4.905012098233065
4.918212259834491
4.90921994496279
4.958316454412042
4.91249279071623
4.925103912509295
4.934967993084051
4.948110679248786
4.844656691896624
4.9232512369229395
4.899701181513142
4.876541260497011
4.828218954245964
4.933703360600421
4.876556858274765
4.885909752735766
4.900208838585009
4.845799897026216
4.884210448379295
4.832247516355892
4.8667361106769365
4.856140655935808
4.8794608488446025
4.898139760987315
4.866273945212714
4.865489761094457
4.915234261723289
4.897498963117034
4.877958453798203
4.928513414750753
4.897269319619744
4.903220942008621
4.846385471841562
4.857659799494574
4.90464283992425
4.91657172567269
4.893077439287041
4.843721930637643
4.820071337640015
4.846067155771322
4.8594745744809815
4.821855016858131
4.8891047216284536
4.809365923053588
4.870065231386575
4.793567048966512
4.918859959256928
4.884691015853371
4.838747090286588
4.801001449913726
4.889865221485828
4.870936711286701
4.869915258026202
4.874612173731438
4.8687899608053335
4.86751939009489
4.867859703168844
4.840035000633555
4.874631614351653
4.862270975813204
4.780789475047072
4.838454537192207
4.8109110108154995
4.832359700458035
4.8532781132915455
4.843322352891724
4.75005385884917
4.902995417379453
4.764447609066708
4.8472002214589684
4.813662036183309
4.745177532227172
4.8191542537306375
4.800789123799497
4.81670207001124
4.833817083858849
4.794180856255717
4.789894072356991
4.8658526946770815
4.749877456074223
4.849781588618435
4.847034171614745
4.768894169090344
4.779660518710265
4.781352306521833
4.811770930108554
4.720449194555413
4.786887765882075
4.792878415570903
4.824801898524957
4.851931856423598
4.771181895671848
4.844085691472527
4.819520777136372
4.8323790212070525
4.752176797875908
4.750263259334505
4.8184861472948315
4.798451618743738
4.735777032668878
4.7781762120706235
4.787537715141109
4.8143004277613555
4.749204879874854
4.747884661878817
4.7662133068046035
4.743703167613277
4.7333978844216995
4.763905411043438
4.755952724357552
4.818593368595789
4.733538931567932
4.719883844473045
4.686360637927936
4.794169838861925
4.770510185226418
4.793396824028178
4.716835707712577
4.7489929645926345
4.741877450459531
4.759917591630637
4.80498150296819
4.709810208184451
4.781953319079049
4.718248242714497
4.743535836468395
4.799063845122714
4.700023177335119
4.683038803140892
4.664649589302236
4.693451292868232
4.753096591538847
4.775145865707245
4.717518922915108
4.765464479456802
4.736759773032891
4.735986790090226
4.81004443208201
4.7295935507538545
4.724941164516458
4.739736483389069
4.704949532831065
4.781435784721954
4.711893934453493
4.7490218804687485
4.737206308453369
4.714212467527697
4.734604688906342
4.749218230088999
4.763819045050709
4.712498343994212
4.7558058777131365
4.718742769689286
4.691308035434852
4.750125898320923
4.727144914924204
4.688297060759409
4.688028050809399
4.696873849739317
4.655174120799793
4.667241083714086
4.641037268859273
4.728243874463446
4.75512515823583
4.742657969697972
4.654086181751629
4.727861027779291
4.704775066815397
4.679518931142314
4.674647878777452
4.727351140492253
4.7522730639544335
4.727558285388921
4.666897850755038
