578.447265376415
299.66838416561336
235.47707139821537
204.88558800882382
182.7929502704884
168.08149921392345
157.73261153163293
149.25228499381055
141.82829516559474
136.54728202946725
132.1885241951294
128.30655923945807
125.42629920560628
121.85706210459487
119.84385921894182
117.36426643227087
115.92887021786724
114.18762798481474
111.99849850354808
110.70907458165264
109.21699011206206
108.13227085562085
106.96637558469146
105.6467998528477
104.78430866153275
103.9005920374512
102.89774463352234
102.62763387194602
101.50032168967685
100.09054762191774
99.51441385221543
98.75528077936353
98.50619616782294
98.19819068643494
97.40412397835561
97.07245503797965
96.23192057857769
96.26915881636717
95.73286645013766
94.55471054106593
94.60387573543964
94.40379782898472
93.76151748167808
94.240700691673
93.08935538380764
92.29260865858043
92.28016626379487
92.50374683192486
92.08147035333
91.58526883172873
90.83615169576306
90.89482670545263
90.33820213053446
89.94647576436465
90.2612697134529
89.76813243142064
89.53009165484139
89.79284807433852
89.25955068242247
89.10896088407655
89.05779879226277
88.84583010249509
88.74043157499266
88.30453746664585
88.04738046371364
87.61964773334367
87.57399088354177
86.9933297581867
87.22043165096991
87.10144246371915
86.48290125618855
86.63300701822791
86.30701641803269
85.930632183813
85.99489071218885
85.83162196990102
85.8107659822644
85.40888938295737
85.29039366787413
84.53192241648149
85.31156393616084
84.85123178959016
84.841973018345
84.83653990882576
84.6640038394551
84.41584928710189
84.22843208737294
84.18430591920952
83.89923711745429
83.95310801635361
83.97380868897378
83.2737469628134
82.60096591524781
83.02104110291411
82.89418821251965
82.85664634116772
83.07687135017467
82.45457877635846
82.82865504973718
82.23431862993198
82.32836690314572
82.45985107005184
82.2894894851475
82.0368920499733
81.8764379045315
81.9538196616395
81.46570438328555
81.77264597805598
81.44135239558203
81.37422061425517
81.12461977413919
81.05934812507647
81.29314757670933
81.08472827750717
81.59702070632329
80.87497021960031
80.2775772765335
80.48162312627869
80.86111566771189
80.28339748817918
80.12322866891418
80.22754512358685
79.97873635005266
79.70864030013892
79.36039529616949
79.81829452833634
79.58896691566493
79.93741411863694
79.66652951746434
79.30410921124768
79.22105849408607
79.5040027537959
79.76515886016331
78.96500985524632
79.23223605331722
78.92774456236673
79.58971078905212
79.09597909811473
78.91203776862358
78.66300866093812
78.89468525182149
78.398523893681
78.60310149045387
78.8353638255033
78.63979436159066
78.25381342169057
78.57781192492827
78.41562674789218
78.23740078949106
78.20803519499087
77.8592462904065
78.38251542378254
77.57441679378458
77.84540444252733
77.59713468684598
77.17808675022005
77.4216787089812
77.11609047615924
77.5426795782875
77.09609095257211
77.23468714893299
77.13590582214705
77.6226465543067
77.45465516782586
77.6793229652195
77.40092941694176
77.10378340034474
77.2202619185504
76.78322245168245
76.83204672231334
76.77327751334161
76.6983056623336
76.72465446143752
76.6528814937744
76.63626204089162
76.7830960053806
76.05951626095195
76.42374511238461
76.2379934587103
75.95434519224024
75.94361813156492
76.17071177813766
76.10089461370451
75.98083543499656
76.64251783013384
76.64548135708901
76.17117081237421
75.67976635055786
75.71958194046033
76.19357822612118
76.15228584433756
75.78902645851623
75.61702857581218
75.81859344904925
75.83112411724933
75.73648791072748
75.66458975630893
75.81458044488309
75.74969347055391
75.3457864278652
75.23368637712345
75.51854423320627
75.02635689200574
75.5108042899876
75.32580768012627
75.5312381385925
75.06904619092057
74.49896272403836
75.0529125323502
75.30587706578814
74.80326091321811
74.96344826523637
74.84245749211627
74.94516358352367
74.70750537220931
74.98776755617072
74.51424810334987
74.45870506076628
74.72571799061353
74.65856163423553
74.69544375396093
74.19102090843107
74.49667407471826
73.91193631582203
74.38102474662445
74.0964570884343
74.11444225420752
74.31148275085738
74.47256888120539
74.63907228077966
74.20554024923887
74.38214371407955
74.28325780133926
73.92156450904045
73.7057118075142
74.17663404476741
74.04176066902913
74.12460774283117
74.09503832171326
73.83403284668223
73.79670985097903
73.97819694012492
73.94234879096999
73.84501814038605
73.72874325931937
73.64637122981388
74.24006578939067
74.07769015517671
73.93210565723697
73.86304662922288
73.57137504989032
73.31590129761554
73.28675999172351
73.07917666711505
73.34000730038902
72.98238180559628
73.08501189750294
73.23996097965144
72.9971766011812
73.39652281977554
72.73705372031495
73.03148724014343
72.86962185874646
72.82793761639574
73.14227551731547
73.24981154517891
73.05945984347838
72.98428337276515
72.6219878653015
72.52898239178228
72.63676386246678
72.76042435257816
72.20052583749646
72.25456231224938
72.75670279399232
72.42862517940955
72.75693618244418
72.58457556376393
72.42070425745129
72.26008034750797
72.39574044156376
72.1995702170915
73.0310507333623
72.41275056661459
72.20803989223582
72.06350200870311
72.28302164077888
72.19392264000645
71.94931401759737
72.24754231151708
72.26381689093064
72.11706076977026
71.76792369407609
72.12055044350426
72.01376572330324
71.62003562439088
71.9028597536421
72.11353234447786
72.13196350350367
72.13046174682201
72.09502089007569
72.15764392535006
71.7954704221269
71.8419549789742
71.51887785335782
71.84399375365768
71.8915132143251
71.71104148142145
71.83142010276462
70.9215966774214
71.13860953627533
71.81954612349143
71.28103898294641
71.37146832967203
71.38254915043703
71.09878385558805
71.41036015180984
71.43908655087135
71.78220350837897
71.52107019220756
71.28809354730043
71.23767664293284
71.14482673036697
71.32826420374106
71.32918005895274
71.36636202599237
71.10034111115678
71.46178457355535
70.77576096363264
71.18063557923826
71.31216528140622
71.3887575275556
71.59637686873879
70.89964249776165
71.05893997069953
71.18902790286377
70.86099360759239
71.20350613393417
71.14289621157711
70.81614950244254
70.82724980389636
71.24710436593332
70.91959023955441
71.20528605655142
70.80606342274996
70.91852360616308
71.39861357975201
71.2690706381221
71.35532337246391
70.78492797439232
71.08473156730759
71.07851957880752
71.37347823990565
71.12533720953162
70.91849786768216
71.21043852664152
70.75629627596187
71.13867457830898
70.86962098899387
70.71799871263963
70.49634644315553
70.76973563481884
70.86193417701105
70.8463070026292
70.5260795136043
70.55243367158302
70.72556634056448
70.7064833681559
70.36717068687888
70.78548724078014
70.61516100046443
70.62290343201694
70.58616049292253
70.82269236689412
70.49637476264279
70.57161399560908
70.33821803843591
70.62413071408947
69.67946601211469
70.42037378964729
70.22129443111666
70.53420276730597
70.1257066778546
70.00799067717155
70.13487750745067
70.21344261322947
70.14010308561535
70.35505753370937
70.07920124135737
70.12664262268892
69.78750140539647
70.32445830300925
70.17511741607022
69.98427659707336
70.64520146536954
69.98749012588586
70.42540641535125
70.0172851254715
69.7756305792884
69.74570920086369
69.74996507886841
69.99053840420423
70.15045008017943
69.66725195930164
69.98709163317322
69.88873901677526
69.79561208850927
69.66956822747908
70.1053053548219
69.6336240464373
69.97059509981845
69.58761815150045
69.80876217030892
69.82040004469718
69.84277759514283
69.87028233601414
69.68543103294081
70.02404957493512
69.76722353440299
69.43903432792452
70.01200145669395
69.49238031301982
69.73266607442216
69.71269774317123
69.36671056255135
69.94306462312674
69.84895379297593
69.58380899426477
69.33254695432564
69.83450892438256
69.38594860522905
69.6789225727816
69.42414433001134
69.29665552780521
69.07594995311855
69.16534977969664
69.33704260123301
69.34575973188882
69.53808967489798
69.47342006727322
69.70121395280444
69.3757181407595
68.93540715956819
69.233644884204
69.1921662234291
69.06511997316082
68.83541618629214
69.2140665897063
69.37460746171524
69.40053498837796
68.97867440347335
69.22862626062278
68.89991315267385
69.44514187546021
69.66740925449969
69.36946885680318
69.30293313523065
69.41543738235805
69.25735349357194
68.86818069383854
69.42711539643557
69.04266780358311
69.09294132884561
69.2127368393857
68.90589284952692
69.035660074102
69.05567969364958
69.14677212158342
68.68567902629741
68.78300135030338
68.61737036175148
69.19149870482318
68.82580592390894
68.74285299254062
68.89265064087596
69.00739617066961
69.02365668643465
68.69502735175348
68.900359313878
68.60140557551088
68.61279064317579
68.3621588617848
68.87718353620338
69.15296766246202
68.64959413929355
68.9184261575609
68.80501512686864
68.6456974086319
68.7525100349231
68.91329129262138
68.95825843529808
68.99207925543334
68.84345461991212
68.66175629429156
69.27363825927871
68.62232313660768
68.31840609079622
68.67578795999768
68.59249706315772
68.52930170581975
570.0615743046949
297.9296161423248
235.75956830786413
203.41897884692108
183.07568163207762
168.29071075833292
158.23797082025933
148.81767805219238
142.08614665181753
136.63696205720527
132.18793894651273
129.25844098673346
125.2897733087989
122.76783647569611
120.0827100535504
117.79104300084205
116.08015857963001
114.33878445769172
112.43349385833092
110.93689193779517
109.9407630653786
108.59224940098856
107.18691576763399
106.05011903942459
105.43889413967895
103.79776685209727
104.43780116040425
103.09088729886362
102.19974470943355
101.74707672272484
100.91892441763336
100.09509390240142
99.66082570823802
99.1133043621118
98.85000462407952
98.32529334414706
98.10769337201042
96.80123150869044
96.88289848293525
96.66751745116537
95.76686861428445
95.40016070165694
94.8750110382442
94.34728301511426
94.1457095637193
93.58486654995612
93.3296901738053
93.03355332753736
92.76068233580865
92.89654759771685
92.61924625127362
91.78224003633326
91.64053599508232
91.70330352836592
91.19319077622352
91.1501540367338
91.0152171717723
90.32708068085442
90.48936201030281
90.46621724208731
89.89275820348378
89.44765769291266
89.5217045129031
88.9666570964108
88.52194580722691
88.22026690761945
88.17421610597592
88.2643138310663
88.13162918115749
88.163074425179
87.3798776372134
87.34038853076129
87.42444478875143
86.94905883528256
86.63801936233097
86.68295780966756
86.63886296005705
86.44010123108187
85.7934672312484
86.57979163436444
86.10329517708566
85.3609150414784
85.73365945890347
85.06885701777583
85.13939659946034
84.95442497590159
84.9870210054231
84.82277796066276
84.84621901586362
84.32658337514724
84.37284558444877
84.53709952911066
84.30012901815161
84.00230874196953
83.62799863930032
83.64693876223487
83.46153666096596
83.37267409497639
83.74389544322699
83.19675870625463
83.17760275784698
83.28170047317249
82.66502720168963
82.9099508827187
82.49206299167773
82.62646113166944
82.5744455586282
82.43600017502112
81.96147412722203
82.28494025281205
82.10217664445247
81.63695243466623
81.2704641422231
81.76244385609294
81.11038058835334
81.0905782743249
81.31187134296134
80.78552687117327
80.99341233921395
80.73953218494955
80.74602152303044
81.19752488114892
81.00354611217998
81.3126087484834
80.58720602896656
80.95180061179907
80.38451334620453
80.0486880080551
80.0290736639638
80.08973490775242
80.6499947232453
79.65207981194175
80.24400715448158
79.79305744902825
80.16205836677402
79.44577722183944
79.93578036318335
79.4839922370603
79.69323263929948
79.40596968449154
79.73819997187894
79.09834137020535
79.04530788085931
78.94677642981955
78.63053841610784
78.7679852257876
78.76322586475303
78.88286264148803
78.6259941163655
78.33762287783942
78.31688342960418
78.6392504378831
78.29148174578832
78.3623887113062
77.92827166102961
78.07112323761237
78.22874143797765
78.05092376626625
77.53927877620097
77.73934152449964
77.9370781805505
77.64242705893334
77.70750522076332
78.03861510890171
77.57421856822685
77.35067950773835
77.59081555772407
76.69693295759382
77.4324918001573
77.7480700063658
77.14776174816951
76.9310529391554
77.17985870785527
77.14074982334094
77.14314866885967
76.72061009406733
77.0557369409828
76.84526374960512
76.69169489012225
76.83444881709961
76.32320199323759
76.61079844710501
76.89519515272724
76.5265799709665
76.39206105539947
76.30425305028463
76.66661603794488
76.53197333020033
76.58892993490056
76.39214088331013
76.26834889770225
76.1372678047862
76.05503933857871
76.03398827887575
76.68197342162684
75.85319482580461
75.6207030152987
76.0005590174368
75.71622897759786
75.97588021124065
76.05846974028543
75.70948673738974
75.8595922078767
75.70863330707364
75.40000712613441
75.28838994704037
75.60481084033881
75.34621956853728
75.83304354704549
75.4524923785278
75.0036512655543
75.42225941785198
75.46969944029496
74.93948289165502
75.02120895229108
75.44661494028186
75.084043658632
74.63520386382713
75.19255263151919
74.69040598332019
74.98498778677353
75.3382182877308
74.87428565512937
74.19759946120968
74.72040215610886
74.39516003141013
74.71508385558393
74.38588587572902
74.06851404733251
74.50852123563988
73.967104423963
74.64361775226175
74.22653598943764
74.44928052533722
74.21670043979411
74.04575247167422
73.86162884537019
73.78807897108614
73.96495931813755
73.82744272643983
74.0180045513312
73.96436977448812
73.96912633510391
73.76994269541399
73.53156351555195
73.61747671744222
73.7326270798888
73.61403760818585
73.37582636179461
73.53512356979304
73.21300897989107
73.46594951063797
73.20684727297072
72.95046627549611
73.34833300948134
72.81179770423599
73.4682857792724
72.87808053642986
72.87612009549775
73.14880240843158
73.30598694041831
72.94808049989834
73.12145890716312
73.0628128772931
73.0536677214917
73.00905662942893
73.02808158867892
72.86630628540131
72.66878090964255
72.61232390122362
72.75724386010585
72.22743972041035
72.53244415252799
72.65345096159963
72.77915030075474
72.45642380188343
72.47625112480662
72.93027768594315
72.72284066032616
72.81013386266338
72.76719361960149
72.61121978117636
72.72899040174126
72.61692079508266
72.65153400640088
72.68290117346315
72.5954640408368
72.7116887548428
72.36569504285947
72.29186440886932
72.0600428954026
71.93781149902024
72.23028352598939
72.4108523167915
72.4209717590931
72.52837265448662
71.8686665787839
71.93808547164285
71.48332543158332
72.12856336220352
72.04062006910631
71.72528498925735
71.76670349817834
71.71345453878436
71.90162583672047
72.18404500017385
71.71442645315234
71.84172870491051
71.69385491489521
71.81372087179093
71.4503491935184
71.96568695098367
71.86014192991577
71.70010388713645
71.72969657089014
71.52287854541943
71.77625496363417
71.38411466295629
71.57149012444577
71.8738753505399
71.40452809814062
71.53185148619717
71.94127083690363
71.56825979349465
71.07308543089533
71.07166131284922
71.4227847082708
71.57507692564508
70.88676649101393
71.60336348563793
71.62512039902485
71.17897380252131
71.36677974011768
71.45222541277995
71.26430880317933
71.2022792708779
71.04824500245454
70.98765851261032
71.21794392670222
70.80765179436942
70.83944923636265
70.76145636918352
71.29127991479437
71.12314701743443
71.05935690556277
70.99613796984087
71.20157859599884
70.74252648406859
70.456863735219
70.5568470192736
70.67959843446891
70.70802886484205
70.70359546990808
70.32528724965621
70.20424999911184
70.6514731735632
70.60034071716936
70.50151879387373
70.4250480796095
70.62109690600272
70.74592852709375
70.2861821088812
71.08477793759316
70.71333819429498
70.50709430058923
70.66711539448292
70.34185620500246
70.37685934127849
70.2379094882347
70.22305238558336
70.3139129882434
70.221425662942
70.24981275128766
70.36972880803472
70.20576031388735
70.62632331602673
70.28065708847735
70.22993980445717
70.16592820355523
70.52965267412714
70.46390426850513
70.46361104482621
70.34413980055258
69.8603547265447
70.07558197056257
70.6318040294959
70.52007247400702
70.1342707628652
69.70406789178234
69.6187066854453
69.92051858342033
69.68614155077636
69.98558392695028
70.13124233601897
70.51789161106574
70.50085093755554
70.11462169720248
69.58972110068403
69.73602016100212
70.24017090831535
70.58967937351133
70.28603094462379
70.55986756854634
70.13033281370143
69.91197322034733
69.83439078135723
70.09991001586808
70.05190500047375
69.54181771028959
70.0467202765985
70.1153463624427
69.92561564832954
69.78354772597875
69.66880832125798
70.15584494623147
69.20791178254747
69.74360908625772
69.50492408871628
69.21421994671896
69.81436155043687
69.74498568757946
69.51011308562444
69.63652386665537
68.99919504022556
68.97821175403452
69.162112542803
69.4096194706259
69.41660410255896
69.02035561410943
69.29336004899478
69.33879520851485
69.40693673076198
68.945467729264
69.32683545381235
69.2388217476334
69.57298278283162
69.37618096238104
69.15708123415061
69.333429381704
69.57606849112265
69.52908377239343
68.98335935016975
68.92960595495248
69.05748318534671
69.10806599706571
69.48700169309855
69.01583664043238
69.03338292217111
68.82982858821825
69.18935456112487
69.46000998211719
69.37506728157794
69.09031841577215
68.91411232402511
69.4618349928386
69.79098619115872
69.29216794519047
69.21400411603715
69.46230686445396
69.19903922609943
69.52511697660087
69.06694603778742
69.2982200571833
69.0312847598305
69.19892526992753
68.70138997256463
69.08781906209776
68.83947351921232
68.77760793269039
68.85070264719899
68.76151691784005
68.90189591172533
68.52476294181398
68.98277977524748
68.7111543414965
68.629082646366
68.6319217712392
68.64681290164421
68.54814778462068
68.88827433123573
68.83632704230907
68.75636872402099
68.64417782759988
68.54191763091306
68.97391226514364
68.7682357037975
68.62009249176869
68.38905537527941
68.80069973485409
68.66997400955069
68.28233615870835
68.41789633492826
68.32983471959922
68.55566629047897
68.65542525243329
68.7695533486834
68.61612928247762
68.77502848429758
68.25094850627868
68.35665321852058
575.0381400121387
299.8715380518166
236.372872411721
203.99571026828832
183.73241937540087
169.56472909954087
158.05759369151588
149.24592469504137
142.725994102581
136.80783693769843
132.15457285710505
128.9514012922149
125.80542130323715
122.10071602005522
119.81287840258808
117.51435896005435
115.95015421644547
114.37498982005039
112.92254392856114
111.24174390931047
109.40865914485343
108.55913649328369
106.81319719524879
106.20393106090982
104.48759129384015
104.01407091777948
103.09616039384419
102.24461543352615
101.13019043931651
100.62664631389615
100.71544747530895
99.43553618088188
98.66844349903226
98.50726568385795
98.14117853309645
97.38452158204365
96.56066077030316
96.76145399853456
96.21870857755707
95.82108884957199
95.23971031215368
94.96827286104214
94.92540791532498
94.3003374686407
93.36537287243848
93.42482771289947
92.8209424882604
92.43401826256766
92.57391783416709
92.11755637722739
92.08747279948611
91.12749022662551
91.10150802622982
90.68775808486753
90.65447686183393
90.211306110536
90.08800469606182
89.87935123724056
90.08208013668299
89.94218022685381
89.8532783614681
89.85483034564984
89.03563050318411
89.36334559038066
88.32167525569312
88.3596419484674
88.55977786433668
87.97446943852435
87.48281685083776
87.43807200676576
87.28686281345534
87.25609018142819
86.9516041460652
86.71185905341679
86.79110579062768
86.18111486942375
86.10408958808705
86.06660761992494
85.62265732471431
85.51308778630677
85.31097719089729
85.81307872035703
85.3392315540125
84.93935435160078
85.39386189351148
84.88180983108214
84.63553398653676
84.43047534638903
84.71630242893859
84.03472822501375
83.8113475835445
83.91067792702435
84.04174911471084
83.29524071543723
83.2879211899135
83.65122820125254
83.2646041998705
82.98165922585325
82.61961396807183
82.52755749936026
82.31849016076765
82.61464998538452
82.41411553772407
82.26914693994918
81.63945266094579
81.69066444586522
81.84897985209155
81.43113801450433
81.58662168719161
80.9962285176966
81.33320330286307
81.20663841597809
81.33455655916909
81.26146889453817
81.17434349820218
81.13506366627644
80.24961644591376
80.56923017525044
80.59529620417959
80.3538777189453
80.26270898555346
79.97851734839462
80.21065977574445
79.90928634192463
79.7590779694881
79.48322604625473
79.56715388873788
79.23971703340204
79.24545602295923
79.02910246183187
79.31595931373181
79.35818422676819
79.17833932807267
78.96216087080708
78.79976548195283
78.72778457408974
78.74689752046805
78.55163312711996
78.614873450324
78.09471031841102
78.86668621865172
77.94704891637556
78.32368591107449
77.91584966732887
77.72983661431334
78.35116603859724
77.92594069967814
77.68331978629259
77.7406162707741
77.69279602812114
78.03104191929519
77.10533274246251
77.3937278664262
77.09526771430065
77.08594203602013
77.50868746419451
77.14237142925673
76.9664074264052
77.05885341013926
76.95051968374612
76.75450426196818
77.01234475737338
76.77307210609038
76.68145386534573
76.32462871485774
76.21337152136635
76.50410615563587
76.60736742991381
76.34948788394468
76.44702687001636
76.62566095249282
76.06996986467057
76.11329534174014
75.85415662782947
76.41637183020703
76.58601866101318
76.04066223085061
76.09491092568773
76.37004788454412
76.12951828262132
75.65313012401222
75.55938758721513
75.59267291895021
76.03189344594942
75.98948724491429
76.05895976331841
75.55886552226076
75.32600014886862
75.05070886404823
75.35269469149563
75.2236825525118
75.42228584542126
75.21179585667304
75.22103213332925
75.09035758396341
75.00057685151421
74.62777211925815
74.57854783001726
75.1894237166453
75.23753862157453
74.46968562322786
74.74396797913413
74.74686882994858
74.69390544722492
74.53924249463995
74.61246123999112
74.68601534789576
74.38320403746216
74.6719307139133
74.4136908307341
74.37043818324987
74.40857150980023
74.01170962531037
74.14004462615794
74.5311395198681
74.32313166939925
74.25091154819961
74.11282453443263
73.85157062962539
74.33434490146189
74.05821001935097
74.1688698893585
74.05049935356617
74.45464311367661
74.0462338213736
73.75682887888142
73.7571401251506
74.27550957292445
73.56427135026078
73.75886116841406
73.5981030152702
73.5539090604384
73.74803634976551
73.67591639762597
73.41104091153835
73.70057895297572
73.68717324614646
73.54259808681506
73.77793508728023
73.44293941809482
73.38602216535972
73.40331191895915
73.24991979864423
73.57592775838864
73.29074790475777
73.41053311916704
73.05869962790155
73.07616553983074
73.18641037488216
72.63815872600779
73.01421263718683
72.8480849713374
73.10769206620289
73.17930928246484
72.75944907890641
72.68664618840756
72.45836099577257
72.30799444752334
72.65726229015245
72.69534205117658
72.57030356050777
72.87667772273988
72.42975945731632
72.55108337352972
72.49192821085559
72.33654481870109
72.65313255595157
72.4727190873538
72.30319333454982
72.66965382912917
72.26831550023508
72.70581164972613
72.39433677343962
72.70792961747308
72.23873488760756
72.48018580800047
72.4600532437736
72.61024145697647
72.92688010205018
72.34092014266211
72.49160853768502
72.4834159654089
72.22177399063563
72.0431092130384
72.40335897782754
72.60985612417356
72.41351236147057
72.18796115124883
72.15020562059763
72.14644015813498
71.99563661375458
72.24819797908431
72.30788432673553
71.81633313838867
71.79916145926025
72.01018457255816
72.09153103718553
71.99932049010332
71.8412153159821
72.28352452719898
71.98049828532496
72.06349285605631
72.16824496867623
71.55446148515027
71.60639813475512
71.44304776644944
71.98385671839453
72.09117356457003
72.14791020049007
71.54586358968444
71.57539337838709
71.4966921018112
71.25687891766268
71.39521261129056
71.07603393385197
71.4244009071042
71.43446089568543
71.59157062881255
71.953398425574
71.61361184996697
71.59440980548521
71.3254898450024
71.41247350240748
71.5784791174758
71.17306474861195
71.09841346366697
71.3495175403071
71.42338422892645
71.05649194646806
71.36619050792888
71.2844245482534
71.1908730194131
71.15846535827738
71.50882745080727
70.92082108807612
71.32904776475338
71.1616350472277
70.91986288270456
71.04506179292393
70.98848533104065
70.84262568823773
71.1538969517116
71.11401822172924
71.20648880687877
71.07152510225075
70.9669583813176
70.83522458755316
70.56137886183288
70.81857899615791
70.97866230156473
70.8285918917335
70.76714704798235
70.26403682937661
70.81267747448696
70.48063950463009
70.5649006109062
70.64324975957676
70.43615407528871
70.36906669051741
70.11562938064905
70.55594199952237
70.5011656666883
70.35608512310148
70.46898947781234
70.42952086854527
70.18626168869507
70.46592636517133
70.06497072931388
70.10533782719784
70.5808765011403
70.51487139116713
69.81947483276355
70.15817938253197
70.2372901719143
70.24973808421224
69.94246318385679
70.29557100403379
70.37239040048732
70.1183741659719
70.25458527003023
70.27978524534764
70.31094209683525
69.91934239093997
70.07136368073263
70.02240231827678
70.02363584324702
70.02987504198136
70.19911744037401
69.99932617675685
70.02716590963357
70.21437788681303
69.71923586812142
70.2456872453515
70.0481299403149
69.84648867266338
70.27561145888768
69.61543462565398
69.9948780527893
70.05215246603042
69.81099603515075
69.71461755695255
70.15307050149357
69.8225525516373
69.36455153451341
69.57351575837293
69.7997604878439
69.45101495146038
69.86004190113646
69.94251018715359
69.45687008807633
69.42911475406837
69.492602623126
70.03302036914909
69.49910731817893
69.40380486674697
69.29117904633846
69.62439590994414
69.16095969982173
69.77923195422775
69.75187021635442
69.55588367453804
69.68738162738798
69.62711009856125
69.56042339529753
69.78305461175592
69.58166824641732
69.4279606558597
69.3369833580366
69.20906546255377
69.15390582796783
69.36877582564465
69.53421866680475
69.1895747272835
69.55259328808714
69.5244757147686
69.32485325349471
69.12369626255827
69.34952588809861
69.19625434211416
69.39748114427276
69.271611998148
68.95540663082373
69.09735637997628
69.0912053599943
69.13275451212932
69.11773442025819
69.32516601524208
68.70290026192383
69.14230765579524
68.90518606560263
68.82865259466548
68.89752947577595
69.46093136116585
69.04834166254653
69.2587179210376
68.77857482245084
69.00016862705606
68.74487813938735
69.04394913952088
68.67824441839845
68.68173323524879
68.39071307011432
68.97068969270157
68.54395568906816
68.57738467080166
68.74964878179462
68.68512106337387
68.57728565596376
68.44591139237802
68.56374293471991
68.7478453292804
68.6595874037131
69.11125250118661
68.58557842047752
68.99725165304606
68.59849068187756
68.8142488201925
68.53877965014564
68.60861845644953
68.81247522614898
68.82392927993926
68.68361742582022
68.695897741246
68.5002757551995
68.50887067357829
68.53511063931515
68.98019248061527
68.523420133237
68.35910323423397
68.93306416168744
68.50305718023746
68.99495059902861
68.66666360150046
68.61946655381087
68.24285070916305
68.47800998084402
68.27342474274968
68.00369425798118
68.51351238812333
68.36150192796912
