6603.061121144485
1057.557282242798
819.4062700540028
772.9160258430883
747.5208334128743
723.6716717006616
716.7780820254648
726.5226770402579
719.5528042245744
715.8854282075711
730.6648111796992
698.6306294864683
696.8353877870617
726.04869203181
748.5973871148549
718.6895583687002
729.2329516649988
729.6206820183675
716.9402785438468
698.753846320381
707.9500871077869
709.5333478562573
707.7115015083477
699.8020250143353
707.4041382546128
705.558024541555
719.5663451875353
716.2391673714063
717.2132977017034
723.6065098012645
705.9386601927772
764.7852700952973
715.9406753268352
729.5122934120399
722.6544757289927
705.5410166047574
703.9786143047695
695.7190160884301
711.0487571240752
697.4256312277533
696.1035488348159
710.1248656476004
710.8135366314763
706.9904993783157
708.2418408840621
701.5355203397194
709.7956212405425
699.4089903844383
699.5045712909558
698.2008633059978
707.3677998317864
697.0088714462242
692.2943651878243
711.6325799887991
709.5504167006783
696.4155457998157
715.8527992735078
695.0522927673193
695.3218690421015
695.4025718415227
695.0451199980515
695.7885848908205
702.5949818884376
703.3181389969542
693.4394077439983
702.8500031340319
700.0219404902128
698.7779218565113
823.5071726480295
697.0824956830381
715.2456645160254
698.7998151866009
698.9557679180621
702.011795701989
693.6456918538853
705.9182363848669
697.8275467934914
697.754109429399
694.8575663817148
687.7458829052608
698.3417390677345
694.3888914425413
707.7910386857725
705.2027062269736
702.8031567623841
701.2385587630291
689.03250458994
704.608769705425
699.8199153420977
703.6710500047906
695.8241649707089
706.88365363417
685.8077162052845
698.4010242933371
704.2382314855479
700.2273898545083
701.7086896947825
692.4687821668067
695.6057204417878
695.0183673401204
697.0350264642677
698.0999415947645
697.1617954060954
711.9487207181261
695.513252652038
691.441064792785
694.6149566971334
691.1565546798963
742.1590931938608
712.2281161318954
688.7302026322792
687.5289112989602
691.2740118570326
695.3183188102041
688.8348997667498
689.3445107410605
693.6515383817966
687.0340748688387
690.8289515729751
695.917116596206
709.431202826043
694.4893724414735
699.6275119346084
688.7428157890398
701.5640897302825
691.74957522373
693.8096831376939
689.8227034855843
689.5705329611144
687.2414837984392
697.8798624107374
696.2007327151613
692.6646743874943
696.0314944103094
691.455128128365
693.7145261234996
686.0914290767029
704.2452875585424
689.6095624661658
694.1155338443274
686.5888874275466
690.8107930122637
688.3721020692624
689.1119413339068
689.4939825357225
686.7021413876463
702.4285966005434
688.3117737802276
711.8626432999606
694.0483978540371
689.4762082864206
699.7868312183039
693.7014707515276
695.5146580181355
686.0579870841167
684.8491852786672
691.821404755322
691.9102114613327
703.8978307288688
691.3690547163428
686.475351663117
687.7262947790407
682.2277488422429
698.684439174364
694.8812300777818
684.3393069993602
695.9369560211804
684.1402622204895
688.295544986269
690.9769745420447
692.3448080856349
688.7147474456708
681.9689154096914
466.58150473857404
256.29285750301136
206.93294458287326
180.35875582246598
162.68182781109866
150.79950826204268
140.7591707945256
132.6788637590139
126.03801001129062
120.0165276170398
115.17893633467703
110.36958109024128
107.20386333493916
103.45513168458812
100.46191872529951
97.94660849581336
95.12782144758043
92.93256084579805
91.12483948928377
89.30726865461662
87.58515969395418
85.58159184641477
84.2118579366017
82.81468120534636
81.57080725971747
80.88713769049282
79.32215832435207
78.24732315818598
77.44553586673183
76.07910636994573
74.86958757229047
73.87443756262985
74.16670647923016
72.74193702911931
72.0486191980135
71.16970106724905
70.64167065794379
69.4508602625074
68.98068544054696
68.38229158339306
67.83096899523564
67.11458412765612
67.03970859846699
65.61799212266702
65.6459491237926
65.27606217154678
64.64344255822556
63.9518156114315
63.913441508390925
63.187055933437954
62.50417420383738
62.55190349340798
61.73041991293592
61.66221035371228
61.06043381741891
60.86134753798172
60.38857787774626
60.13349455007657
59.76414093534502
59.43589316430734
59.205352464623886
59.151539949933735
58.33000630369282
58.19641234895991
57.714180979771655
57.58405465493952
57.01288226836567
56.889751096017115
56.40569170601759
56.274688037120924
56.024589510412156
55.723300401846835
55.40986915037922
55.31208183467475
54.732084404080574
54.81650572862122
54.5190703633558
54.2218717145841
54.28752553556966
53.85724641022726
53.77797003927631
53.348179150362085
53.15376057338659
52.954457216085366
53.12193697304525
52.59481789674105
52.69566222606098
52.33828429296698
52.15221939289657
52.0751575919651
51.75341105750081
51.76853080495558
51.6557655522551
51.25032624689186
51.11575258829503
51.17395148890052
51.016972983918954
50.62752624834118
50.267400578674554
50.26850314015857
50.3034105926418
50.06511381567711
49.74673402793087
49.344162441254035
49.3046222210808
49.583364988116685
49.413516694857755
49.14339166086592
49.23609654768582
49.01146465990935
48.64318585087012
48.6003469081055
48.2864530173231
48.35112913367746
48.3898549216222
48.10740098911652
48.3409943516042
47.891105402571576
47.79716274669383
47.53683009431566
47.719151017843615
47.49955893067052
47.14250370744055
47.38986465404665
47.512346170478715
46.870852191853245
47.088624772162134
46.892781222142055
46.635347691297376
46.34661713175987
46.615329090441115
46.31756423387381
46.206698509963125
46.03788197455527
46.20454922643419
45.98398379998719
45.67335085801897
45.539336344359754
45.65647262582164
45.43780213065125
45.71581128056557
45.480545129414956
45.438293360534864
45.292575105709936
44.9090301832882
45.015128154604746
44.810112527794175
44.744104725046114
44.78120249911824
44.58449527548684
44.681365945114294
44.4689147532713
44.567003339670336
44.33889699493955
44.242592236724974
44.01644057231042
44.108778487971925
44.09046409032518
43.9863975013137
43.786931138438995
43.644629837012516
43.44266820901467
43.58595078619498
43.71353534877628
43.71018320436323
43.62495161935514
43.3284551120608
43.349021319358215
43.29657176336787
43.393681585954155
43.01495840881901
42.98685373291264
42.840301222531295
42.95101833120131
42.869606808613334
42.70884411512471
42.651948899231535
42.439087243680625
42.572574344876166
42.44031092317886
42.67004170487992
42.49918213475668
42.31068591282216
42.236783291821546
42.16788939910239
42.06319282561253
42.05312262196308
42.04585175337508
42.10637358971475
41.802065830473026
41.983684266804794
41.83296161436527
41.800812683303356
41.55056037649535
41.55221074156093
41.321406571613984
41.21953058874684
41.289806460662085
41.49209966383681
41.12240937981498
41.261503304377435
41.19021505722536
41.20730320508123
40.99402602820434
40.96872652618338
40.9652908969131
40.830822446451016
40.85360101949846
40.83885419723234
40.59511651123278
40.7204613660232
40.62596004758821
40.80165959335955
40.52969794969348
40.359688602696
40.471561777142725
40.157298303965355
40.335472025941414
40.12208218759471
40.18384867754633
40.18143635998728
40.19663020158331
40.073695026989746
39.886132903648836
39.86930371392969
39.92655019692415
39.917563070955595
39.91546765268289
39.71266918945393
39.67942571213489
39.75839428179765
39.61402496644783
39.33959711731978
39.3975976530258
39.344050917026905
39.46582797073043
39.19312072621966
39.15480206669134
39.41073744565088
39.258900163152745
39.11224559357582
39.232467523176176
39.02508888669461
39.11020227792731
38.90085614982768
38.988367899718035
39.1014685132467
38.907892007521404
38.81628386645684
38.909860893838164
38.738393492001066
38.778237174891714
38.54093799933342
38.72333888549396
38.87179322966268
38.545490576819056
38.55128862878791
38.53848685008396
38.30753070483528
38.48792062099432
38.36325676290266
38.23260254937262
38.42743705258042
38.18823033007255
38.22741936761343
38.371420297840096
37.9291368049566
38.19889275230639
38.20492131840318
37.86546247191408
38.080436344944175
37.97073061889656
37.735863703746524
37.991997009583834
37.842922198211376
37.90852639145724
37.90021326865084
37.610694615335
37.56260778922269
37.66951393541872
37.60068766675547
37.50766328318994
37.37103911346441
37.538995985317825
37.5423877696762
37.6703681442863
37.40301870267999
37.33594228069571
37.352070006690056
37.09055563442423
37.27541974413376
37.25294543328511
37.083062887889085
37.27966158700605
37.03347891216803
37.147755516542624
37.181638673114506
36.86167312585758
37.203506041912625
36.898373196680396
36.93660442968526
36.9852293268188
36.77863113700181
36.84285435976275
36.902038776014074
36.94243643470801
36.856919692770965
36.5862430848895
36.50546337263296
36.50747452779717
36.93033992799454
36.528713426043346
36.62859924803726
36.777815293007215
36.51845386018498
36.53482028775813
36.58129756988987
36.47304860000896
36.5504542563843
36.50591050749403
36.205016515719095
36.18140390945303
36.2337013719331
36.16355684661263
36.130122322808965
35.92517719532659
36.20115234725925
22026.465794806718
988.1412550534696
873.8234619208655
759.0223444883624
772.2411075780578
734.3070069275955
800.1542778079548
751.7003189768021
728.9472140856627
717.8352678388727
702.8474122532748
718.0707125430886
729.8780221325684
711.5781501884021
709.6137697117424
714.7295871185702
714.9103731977286
707.450306112444
700.239474282213
728.5419344416595
696.3890724766538
702.9258545585323
701.8060219122797
715.0289748783949
706.8331519571527
728.315363279819
697.2669239966962
692.0411008718644
702.0942455944199
691.9064329889363
697.349480902509
698.3051415661992
708.0249287651519
704.1160860496427
700.75702185505
700.6867978256507
722.216070160508
694.9687441423198
692.6209395358486
718.7099287043083
699.5998481264565
720.450285043348
692.9132605075835
699.7362641520845
706.4330004366606
739.4565728727646
698.5229868781249
708.8933644725038
698.2701535648106
693.1436392813516
716.8243002835972
700.4918010229153
705.4916079849654
688.0760189420108
695.2080851600007
697.4484768453054
692.799101728721
693.6283244579444
699.7617744658079
700.4144104270206
697.1262040973243
708.7672011980861
711.9931669818533
697.0065625978965
718.6739592586741
709.0362282082483
701.7914453181016
696.9105352826533
699.529724915246
702.7189525725232
696.5560032704683
696.6178723336982
693.5722418408536
698.1941635529039
690.049372992152
694.5566833338371
759.3882721061133
708.195586572409
698.2270230896016
715.5226889526668
699.3979963134627
690.8573223291485
702.1308178696376
690.4418778808891
699.0008766865408
698.9810824663435
700.579986364151
693.3262111633777
698.512559015654
697.0651138697159
697.6993151414403
710.657566882824
704.0404170059604
701.1124068174079
697.8416238048105
699.4617198476024
690.7249368811935
717.6188554095517
695.5806454781559
693.170664848856
701.3918987087732
694.5086008283242
694.5002654553591
689.9771621198977
691.5063370196128
694.6635977296029
693.9466707195422
703.1007744655387
692.7563604756695
695.4217991246804
699.3423431628906
696.3357579514656
697.45459916713
712.5010517416805
691.7217091320503
700.8916249478622
694.9292537063212
691.9300383625648
698.1915753083224
694.2077718441078
696.5490839254962
693.7889006929296
698.195155553736
691.2808341705428
692.2549945053373
697.3082697923568
691.9771794070776
696.5435224648091
695.501302927945
695.1557303050332
687.7481617154475
693.231631599978
691.1866740492634
693.843289234703
696.7504702161552
693.8495309174325
695.5525681099775
687.2068981696142
690.8807064280908
692.9256168333086
714.5559243460123
694.6979443851709
695.3781997460034
696.8956148873978
696.7407103244357
690.973284503998
690.762626269897
686.9037257707063
692.7644294363013
694.2418062757428
685.953897933766
631.1032156072679
320.59986974496434
235.36964889054852
198.98763962846186
177.81451695920234
161.42541998312615
149.84651159062759
140.72791830809697
132.71113798297202
126.18055918115778
120.77716411476344
115.98249100895686
112.37486668403884
108.39144476788059
105.3200182159445
101.9585986514238
99.09277590162905
96.87212147152597
95.48539027361421
92.84904677684146
90.71978201919003
89.36233552620544
87.6869779946752
86.78727986537537
84.56305319378376
83.24845792300118
82.22823607977773
80.61232015648504
80.021999411998
79.13389929452507
77.87607988093787
76.80457909586195
75.92532337676766
74.90189322366868
74.52633456613651
73.59063693321622
72.9738899805071
72.063758846332
71.37026194812341
70.75887982419086
69.68666588018723
69.28163627018849
68.67693247117941
68.11524677335329
67.89733807282781
66.85766774726109
66.51265698241987
65.83511720029686
65.37031396388818
65.49688987967592
64.56723055970039
64.29685142667887
63.496078404954666
63.27428422399414
62.91003544044462
62.35903179703285
62.06539072582297
62.18833255318019
61.037814543445066
61.35146787746231
60.65435649715552
60.428215678342
60.02440667504769
59.911786057646
59.45533069121853
59.20632524386763
58.61313547203948
58.633387609432226
58.23709144018485
58.0837406470633
57.67669544859709
57.448682492259465
57.04405919956734
56.57828994008443
56.68544452386423
56.33239420099901
56.17712441243597
55.920328591599706
55.757397202849944
55.35398325855236
55.297293575185996
54.99784199012345
54.6508317739076
54.58436463386645
54.42148255866728
53.972546778703965
54.04022905277999
53.84409568044568
53.58441883641371
53.334939887014485
53.182927964402914
53.281447044079464
52.82517133082466
52.7868845543236
52.262053968554504
52.41991831622807
51.9890008406598
51.93235304587813
51.49808562289042
51.31213884612634
51.355903417173906
50.94414759507024
51.25516826107171
51.05773736238732
51.19352465103181
50.81926289893809
50.68789480749876
50.39810966620393
50.33991335623815
50.19876302971616
50.07639622630678
49.877628634851675
49.76472046763344
49.64758891158792
49.6665111114555
49.483648377390075
49.22272657945269
48.82410102206037
49.07621718466654
48.9056573637396
48.59249244242555
48.697595187341726
48.389803387254474
48.52279944961099
48.36011579645638
48.34137302287556
48.10100134434244
47.82083652562357
47.68501029239645
47.83208160853144
47.500975548150706
47.60544856592842
47.446373171131455
47.68312402227391
47.553995986521294
47.17192805573811
47.06514628006403
46.8506933060662
46.69381696640652
46.6880429136413
46.81506120215998
46.18029400394281
46.15344885717424
46.5079393436335
46.18468382323061
46.146077828279324
46.36961592762918
45.85370882982514
45.707092258153665
45.871832529570675
45.617630855556705
45.534225830917855
45.597303977528256
45.51447190758605
45.47585897826076
44.98499785900002
45.211380493337884
45.10591687116441
45.040683916701376
45.00984529802697
44.82893426440413
44.84046999836907
44.66724316629879
44.571854978519006
44.58450168303107
44.50511873400501
44.45045254997395
44.55136972189359
44.10898577145943
44.40717733340428
44.034333513750646
44.03149413425921
43.822348323769724
44.08448583124155
43.85625690132019
43.65805311161415
43.648344939723295
43.54647125002894
43.63224503732646
43.37483470999599
43.482586041318264
43.2438791091994
43.379018405495295
43.25177342241767
43.03511180102396
43.065999617124895
43.127100933695594
42.989430597874716
42.81998167298228
42.68295641894131
42.89602083510122
42.891184857364046
42.81047464513853
42.958848925520996
42.4975189330994
42.310925412441684
42.41379456169236
42.40334627946133
42.33823857185632
42.1448130026112
42.282607253326674
42.343842805913525
41.887946864205084
41.93907819913544
41.857604280177625
42.11777808870764
42.03005820311624
41.727474142206084
41.588859603484416
41.60977722939978
41.4850338664712
41.621258856390476
41.727273126183135
41.30128011032721
41.43409144617232
41.10983700037842
41.199497586913296
41.21241512370855
41.47675915644886
41.18037648788527
40.91160390009464
41.06614815807276
41.18414764145635
40.89591094401228
40.869290003452925
40.85745247359616
40.831242645048725
40.9286034758402
40.751454439433715
40.432930899386776
40.67224759302255
40.59919322656875
40.539274646161275
40.19446688266794
40.54634487284758
40.36737907628069
40.3361533286345
40.18455321684241
40.223163267867015
40.18699141425845
40.078905174862314
40.00629277579209
39.85867515136393
40.07134254053695
40.00665656656011
39.85750978738376
39.70104235214435
39.851011274200076
39.63084298502392
39.760404907503386
39.712472076626796
39.4961919884823
39.67600709826652
39.566940786037655
39.5824514046113
39.46403905923215
39.478025922848225
39.40481965921274
39.4014250381475
39.25581184946356
39.12268175158713
39.052019386535214
38.92698609269796
39.16114092000332
38.89127857269843
39.130405753077
39.04182050449776
38.74013677761871
38.68413662336407
38.93735396948768
38.75782177795398
38.927700428893125
38.93191427039646
38.77422566759885
38.765142386932915
38.727537759856496
38.97638135763545
38.68874621384118
38.55530825927844
38.47244882111187
38.44120951586411
38.26183908741856
38.33929265944894
38.358019610102964
38.59363383897615
38.43534747272003
38.252135806158016
38.25782397857875
38.24146881768358
37.959793278253386
38.028948858836
37.89454189698138
38.15978075755396
38.05838356592027
37.78818489901707
37.94840208945502
37.839537768875815
37.7518219587441
37.98398211963028
37.83966367150653
37.63737541450847
37.63654303645438
37.87529587737487
37.78493348983188
37.588570319389106
37.4833917378472
37.832662821067565
37.60835312449908
37.348563949298175
37.54454083125593
37.48748680050899
37.50510064633726
37.16244107359463
37.47864629665586
37.35623121131665
37.27753804133993
37.36196868634018
37.311243886573905
37.160259924393195
37.38979990660616
37.327852308716594
36.9393885743713
37.041456764928725
37.12360414235406
37.039042599757146
37.23867535735163
36.715799695134315
37.05334649959725
36.87033643252463
36.85780415509868
36.71387557437557
36.644937437984325
36.707537602923146
36.762609912875455
36.62205668741772
36.713891207694395
36.542791143223496
36.91116454145766
36.55345164479859
36.473215492183876
36.6398030492938
36.63796222541837
36.47413450301072
36.52124895327808
36.58936383925108
36.5185755635742
36.54330947727755
36.554596657161255
36.437302522929286
22026.465794806718
930.0456005932883
849.1173000258129
815.3551259174017
772.4560466237212
752.9884403102586
725.3011024007243
717.4048591139991
708.620408241718
707.4151527792499
702.4919981568783
796.5211277360569
703.4405248278701
704.7659856543335
709.055910607594
726.0616138413684
701.8085801838165
709.405632572141
723.9554824948233
692.763176094548
701.9501755035877
700.3122129529714
689.899813047979
714.5180812672631
690.8457578746144
704.3498345585288
701.1814981426692
744.32094241908
692.396598760087
735.878600049613
696.4916753967799
696.4311327843936
718.2619875015196
704.0978045878477
709.1374763612673
710.8205820894323
699.4907938063417
702.0786003938836
710.3515511449019
699.6062207192844
695.5463162228433
791.9154315900322
725.3988907070869
708.771427115245
715.5889864205028
693.9291587876528
695.7625983779776
701.5495444373747
704.5821569730058
716.845214689894
693.7859287402673
696.938021708572
694.9450136664092
713.1884963029703
695.9655772293146
706.77535450498
692.3378488240999
706.9335100869034
707.0301959259742
703.5540692410765
728.6440218595545
695.4504722534556
692.8370502376351
698.9738947984605
719.3646120636613
707.4697508271009
694.8905327866836
700.016636665306
693.179979047809
689.665998934462
696.1890701109232
692.4236503366806
691.872027566208
701.3011006068433
696.2953508228353
714.1248043219314
727.3156095082951
697.7235991819005
698.7889282123665
693.985404840851
694.949078992416
695.1162888124396
714.2517162395874
710.4807363135008
705.7878818744987
714.3212769777125
696.9676537509636
697.268841584724
720.1769403040571
943.3919614957608
700.1258825867438
697.5338366097506
699.9629638453698
704.3088753162016
704.7748367144284
699.9628307602816
698.8292580209936
697.5283947095737
689.3420204281273
696.335531913452
691.9140361159162
697.5948101389026
698.2840661671082
692.8431267870205
687.3144445638804
683.6786694402709
687.8238260384474
699.8685971747226
698.1805973207629
696.2706211025838
694.6008594246174
686.0357864158564
690.5616965805825
689.7755323078377
689.3222846766739
693.7301689500179
677.1608593688716
388.3282847171407
253.6925076069981
209.07764420893403
183.5489029531811
166.21850082498935
153.1759606711513
142.50966755306808
134.57775044411545
128.39051673678514
122.64587729729398
117.56705757826388
113.13702186747986
110.28808037134088
106.38659420513325
103.11073371321642
100.83276208123804
98.14755313890628
96.34469017305896
93.61859420433437
92.06865279323573
89.91289512281492
88.59484595742845
86.76848983620427
85.19805514146603
84.2263214015184
82.74423759344084
81.94019433704581
80.65659205296247
79.46825640882388
78.2566577593511
77.1431950361318
76.51836774000866
75.40868582953641
74.75364418671369
73.90387405428285
72.79642027873331
72.1237866738887
71.27504748521471
70.92543313596757
70.03370118710141
69.23179960667693
68.70196317247073
68.12655137743678
67.80440941743043
67.05142628917758
66.14474011310101
66.01335544224793
65.53883970401968
65.01165995103376
64.71135895942153
63.96405140202694
63.724097491231646
62.988743505924276
62.62305629655448
62.4452622502628
61.95125930087379
61.30640741182834
61.41511052623797
60.879737124968365
60.36599754983992
60.23711504569648
59.83364394086886
59.42051553404067
59.159999793604875
58.50356773262654
58.213377117158956
58.46138223531391
57.817202207024444
57.50596481823897
57.38563537576582
57.02444663094993
56.86365545852656
56.63990817248106
56.172946324925874
55.98810400045684
55.7791485935471
55.54895977596873
55.52792273935694
55.27139440117007
54.60220463346886
54.45770065063077
54.573390524369735
54.323812614601785
54.11868639980221
53.68943883678991
53.58928402578704
53.206330877668115
53.27071478286953
52.807504871850334
52.78715453825856
52.50460938547372
52.279232053790444
52.449379926315046
51.873981592534946
52.08369334594737
51.86684383152588
51.58394043211353
51.240939849896904
51.045376623746556
50.98176092849327
50.91944859514381
50.89967656100427
50.62247881252479
50.11540785962065
50.121052386839764
50.16995793198406
49.96769994409498
49.99486570622081
49.89466658279304
49.798627700369494
49.5581612769651
49.25840171914632
48.940721632315146
49.013092608821935
48.92339871293453
48.841793471359196
48.58651069012201
48.32827205862828
48.57064920344158
48.139629319761596
48.25660285324052
47.92256762740631
48.20117685999158
47.83167161579603
47.89198293213618
47.963688902441426
47.60439952992288
47.57146635271032
47.5119395942348
47.3882481500852
47.371633900459024
47.0383646950508
47.01882534331311
46.636025879374394
46.82995463595904
46.80542755814514
46.46182491283839
46.32103027450263
46.14552745194201
46.22954621972018
46.1188797970774
46.349980483240586
46.04883411336932
45.91128274953815
45.82872643312939
45.52636146911706
45.69693372966153
45.453728733978195
45.401361504372026
45.32632453820643
45.234507971541056
45.197646547590075
45.35273043923561
45.19900719779053
45.143831087432595
44.76529758084501
44.829901875550306
44.62866029700021
44.5335961814929
44.4824514776263
44.48273060353004
44.36023802252824
44.52994950584643
44.32531483000915
43.88312021931521
43.988982872324065
43.853110584176974
43.968200282364414
43.87642877610475
43.7785650385143
43.79073467047723
43.66311115382988
43.52745093270637
43.654641758683745
43.54132783232864
43.46928564939314
43.52032793258769
43.53914072809763
43.04792773926937
43.117016074550435
43.00106335831399
43.076288651255986
42.851342550588406
42.60817301079261
42.94952350024187
42.70737676027985
42.72003293467279
42.76936452641101
42.74090970662937
42.5050209596884
42.63497256180981
42.41933972690217
42.58334715739459
42.27169012441835
42.321390139571484
42.3266027158193
42.173261738284545
41.984107673021946
42.20260370141122
41.884265209806074
41.754613748605856
41.69454360726448
41.59091402879939
41.546536078794695
41.549293290379666
41.550303028666505
41.50034869893733
41.43284092579361
41.33973762429016
41.50558162293786
41.37072367256989
41.38801763251941
41.204403187514046
41.1513294879137
41.17141627760202
41.044001669169425
41.06603577000658
41.143859955101526
40.76066512665989
40.763333556528096
40.741734205360395
40.65865123698723
40.64232721667669
40.77547331398665
40.8902563434529
40.659768420344854
40.521727003226516
40.57939352752989
40.35393390507837
40.26208786709206
40.34131160127951
40.159985696979966
40.39535118438602
40.188299036605144
40.02687707498087
40.25861876509456
39.92567101094781
40.22566389331689
39.87607433070745
39.871969842398656
39.69969141558492
39.794849728715604
39.600130388679844
39.72706693407135
39.63206783164612
39.68734912854057
39.6819496317275
39.48511863339921
39.353851291367434
39.59425835178299
39.41779557661294
39.45933736046933
39.36267818569846
39.178727837925926
39.362892963793456
39.233003789414546
39.009551652287435
39.29629325930787
38.97193035768395
39.21184994202035
38.933840766761975
38.88091101888955
38.96350395272747
38.85829143022034
38.88421606748126
38.83948631380345
38.78269149472739
38.66565665562444
38.62681138670964
38.72027453109648
38.65707726000958
38.48676677579203
38.451887371841366
38.422163822399156
38.44294522029097
38.51635869271695
38.4568863681717
38.25607009769876
38.50470705261436
38.40508221178112
38.15097834498948
38.12980742238839
38.057744035702065
38.22239050054819
38.06314923795107
38.03216606973288
37.8947572078425
37.87687722950378
38.02186246298227
37.80112985160932
38.142578626892934
37.72254988181904
37.93429986771907
37.809260924417686
37.54252162518128
37.91809222350426
37.67417342256022
37.796173475255955
37.47740558962744
37.5577370066992
37.5178443448018
37.5617846929825
37.33963042415643
37.316002171214436
37.61373378172237
37.28067649394354
37.39182250779318
37.35912808160229
37.14764574515578
37.2634928399908
37.078230406765215
37.2468896302172
37.06986847449139
36.9547273295281
37.1630728131911
37.15832857432626
37.08055835961433
36.89199263229359
36.93578123313499
37.0216888883237
36.836314808254386
37.09988228072916
36.75696853053935
36.851610314036854
36.76185129982985
36.803619424835965
36.62876921624605
36.576779317786
36.582647389456454
36.50070199822583
36.737443607278486
36.644751001613024
36.61605097514875
36.41877168058848
36.416229106144236
36.34588278394064
36.629424344741075
36.50855663828146
36.39715749332026
36.440279661695335
36.232006982041604
36.26184772762393
36.45375314059889
36.327299461792386
36.230869858942036
36.142994847706305
36.244411022103606
36.20466298495371
36.41976012477046
36.25001872789175
36.0272052001653
36.25322766696695
35.96028377975201
36.04481064932737
35.866792182889675
36.04740253952811
36.047227000817735
35.969806437915004
36.01301685497359
35.930927327691684
35.98365927071837
35.934987826977924
35.83511987581193
35.63328063454707
35.600321811869435
35.72975335594468
35.46772009446638
35.80819106241234
35.573367437506924
35.92229892310972
35.58024916259946
35.72957160622472
35.66977768148022
35.43850610765254
35.40985595754822
35.666320117670956
35.55204723053571
35.44806109728914
35.40806433598872
35.50162145650608
35.325971794840896
35.267214256373485
35.382919701358624
