391.5704602847353
219.56802193905526
174.83617368150823
151.95147888838952
136.36061179717535
124.86517729647743
116.6482006184783
110.06988683602864
105.6476540236728
101.31106062754809
98.28814415771181
95.09475447355346
92.81083407871748
90.96479706101582
88.97868575834185
87.56031351493812
86.05724750666396
85.3138002928849
83.25514962863292
82.46805413157816
81.69172562713916
81.07523038372598
79.45566661309148
78.9520405571356
77.73275254933856
77.45643420665725
76.56895125818292
76.1719608040052
75.31904592200276
74.98313677377809
74.28463779935224
73.32182111436317
73.37257280072087
72.94035285928254
72.30413695598847
72.12943453359053
71.76724364041566
71.66646967405475
70.99038775315069
70.4307230268099
70.01778322027032
69.8838138969199
69.55086369658339
68.97957387852765
69.11662683735912
68.6149650869498
68.26203775824327
68.35224069450605
67.86828183640739
67.64838247292873
67.01524769079091
66.68208983341886
66.51174634127125
66.62327509205417
66.25111278976652
66.1770269048306
66.12669951223852
65.37560273166652
65.43820580077734
65.36822779703512
65.02834855023042
64.71572853898098
64.71825829809114
64.93507319422272
64.16492147848527
64.54590305879958
64.27458798910207
63.90355896248932
63.484638006527874
63.68526300055544
63.39691857557877
63.290380000859095
63.01565314534092
62.88743428534049
62.5145665055436
62.77151603374484
62.496740661911645
62.05652959582866
62.19974901200526
61.81135487493808
61.86398559196471
61.6800627862531
61.398243673866574
61.2291493327307
61.372925947827426
61.29500790896933
61.06370246723116
61.12148947449717
60.791415246080255
60.683761368170636
60.819805331455285
60.73563098657686
60.50964485308963
60.00829142562513
60.456362325850364
60.26973709954914
59.937078574759354
60.3018720742164
59.893727311747924
59.86634576082016
59.739728987864474
59.59369987926228
59.552451131743766
59.489939020130606
59.240878227327016
59.33577989885229
59.16130128110077
58.83039832640892
59.10373260967676
58.96291073548135
58.870200887988005
58.7917223516258
58.78745644165091
58.54251116464753
58.75836693082658
58.3304901017975
58.34182937803571
58.55307489120779
58.30260602175502
58.04338747001369
58.259987265703415
58.27609810162662
57.917437760021315
57.84562337987275
57.703302728260546
57.772558880564475
57.942557123066564
57.978901184967484
57.5755091564996
57.19790476772758
57.32854313563349
57.36467316619156
57.27559566015344
57.36251656984871
57.36421378374305
57.14004483490329
57.30048414587668
57.244572626532836
56.9816517168476
56.90486579021857
56.7273383275055
56.579454061579504
56.673861335679895
56.87096378568991
56.68062460386008
56.22000054653653
56.57199772362271
56.76984155230278
56.545774665474326
56.88193129416479
56.16862741976468
56.52067868786003
56.12008478168622
56.22286078008511
56.032023178391796
56.33860198786587
55.97663338675902
55.83714236754475
55.77400777803904
55.769713314515315
55.75780081469597
56.13097007560022
55.88629820106256
56.078807429076214
55.85300700088073
55.60680127605609
55.44315649635298
55.755047809857814
55.88212068001005
55.48923231434056
55.42147881380626
55.5373637837538
55.38229283721482
55.15379029202881
55.253742354486896
55.24635530285812
55.30574581242569
55.08637849317786
55.462205223928635
55.313613119260715
55.17395114447923
55.06960216348101
55.168738526753316
55.400179161443376
54.68544891645819
55.204069472842754
54.81197187043219
54.667341807857326
55.02978898130421
54.78538073796688
54.674558592942
54.754528632962376
54.86802409768799
54.726453646954496
54.44236311639469
54.51177814348318
54.35868764434397
54.66487006019347
54.9006928917457
54.54205348083887
54.59301806770194
54.754264899364735
54.50668610118757
54.21214535176551
54.01645371989957
54.7962404606254
54.39020950849235
54.30209736698096
54.1776358177231
54.60187197598351
53.97497954715917
54.00670519748921
54.15682165281449
54.19735669190226
53.88131091346059
54.18725604026521
53.73428406995562
53.91513017138917
54.346210888913966
53.93873539136995
53.76513864328931
53.993970131709375
53.81628158085251
53.73101591296681
54.109321807598846
53.75773070525701
53.9851766731355
53.81512732205414
53.842868580002
53.800864086435865
54.00234746040164
53.70486272210006
53.67915260084747
53.888362598622955
53.845267888103194
53.58860444884103
53.75001868492273
53.46653362486193
53.51673625188621
53.292238492293684
53.36538240934121
53.37812066807479
53.49227090202352
53.48767366876679
53.24511418537371
52.98842485896016
53.34970645542968
53.131384106466236
53.49196556941767
53.25525103907129
53.13572135166859
53.250117027881956
53.12665363805875
53.420205169569776
53.004851249104625
53.07131494298717
52.95190241294289
53.235532678883814
53.00194393661831
53.26366457563325
53.042697146207246
53.112417511829754
52.908969742536634
52.85627107324866
53.02650894070011
52.93239634083817
52.73867148121284
52.926547660915816
52.97877498715441
53.00076031712332
52.71398689645869
52.46993530590318
52.7710536928612
52.824514180704924
52.74968068474262
52.515687021181506
52.39129905625913
52.57375472383483
52.793315090048594
52.95865043867716
52.65382054203513
52.800820267325676
52.78319025074212
52.32751492738968
52.58446368726312
52.50239122544749
52.46976906001842
52.60352373117562
52.34049487694622
52.76205390855339
52.45602395811387
52.522222871732104
52.237663653040286
52.618501456347
52.5699058345568
52.18569650601586
52.57136755431077
52.90300289686049
52.269017756095415
52.511069045683605
52.5024465784812
52.4162538410559
52.16909054945106
52.4719056623427
52.25238407792624
52.2146916628758
51.99232741513434
52.31190310512931
52.1863348511667
51.96875160794877
52.05213855446909
52.059944597117976
52.07668273930969
52.35691839791602
52.21308537346133
52.28378857472861
52.030995365947454
51.68848110588538
51.960893726613634
52.06622747953521
51.90907055739897
52.08296197528351
51.83421764464096
52.062262529878865
51.74604114539981
51.84048945355695
51.970192580527716
51.79392810285779
51.77027647611613
51.97970910460727
51.861314296831104
51.8656505711543
51.95812631211326
51.75821414378658
51.50004631022355
51.59892880570615
51.8407549004937
51.90106437385855
51.90401358045417
51.66997780294632
51.916056624123144
51.87577951900163
51.931371874377824
51.635020176848826
51.68725204430299
51.65155211895695
51.687771341138024
51.81388430246918
51.60498151784139
51.436898469310904
51.50651277458265
51.698171087871174
51.53558177586878
51.810689093125404
51.81683359340868
51.50318347372885
51.4075129035495
51.699731363879856
51.66228562847611
51.393877719508716
51.53769037102521
51.55243898726539
51.41777892478667
51.643735083402575
51.4801912979614
51.403878767084116
51.23768105331958
51.300450672628315
51.187665184387264
51.054050632392126
51.209116277227764
51.65030996036285
51.22058546447671
51.47444414570843
51.15689104462097
51.384400173183025
51.27593361481289
51.45330616259978
51.222684480879906
51.325866620995704
51.22964835630538
51.37885415707507
51.18128662086259
51.33816921335339
51.265346688750505
51.5438954198926
51.00962568635991
51.07538960587559
51.241020267289336
51.04676579537114
51.23338501173032
50.9088638831454
51.024633305597526
51.012610494746504
51.03516512208438
51.05679082416715
50.96526855221772
50.76159065666794
51.23626905450931
51.134220062547534
51.22517507014431
50.96614912984583
50.91169086131424
51.06722858670867
50.96032902130822
50.74223903066236
50.76327377486276
50.82201127046364
50.94003939174551
50.8095121856631
50.77286154656069
50.998007427830764
50.920422592287906
50.70021486741784
51.050852575004484
50.785574051767966
50.69669318003195
50.671743698118846
50.84302856068103
51.12939675125981
50.77413718058263
50.78758688870368
50.773246408269515
50.75114173365595
50.841880795132596
50.742257477874475
50.85865842118302
51.204150171939
50.65539833016248
50.770852706336576
50.923198856064076
50.696450080190886
50.893059060845296
50.81857911338672
50.54347964147119
50.97273418786652
50.58609452548788
50.550725735970325
50.8895700896405
50.453004066238535
50.74500640647456
50.72274696710355
50.27276024655932
50.74902933190726
50.680713041104134
50.51227166076098
50.91590265155686
50.56724146167706
50.59947322607712
50.820858209347904
50.545863916062274
50.31249660307536
50.520153135454045
50.566277956596885
50.42471990287985
50.22406367728896
50.47563931260095
50.50318983789072
50.653464118861464
50.349421993190354
50.38075465311051
50.455883133414666
50.215669595146814
50.55142521335153
50.47224412698926
50.3715397461072
50.52622175800301
50.30968001968226
50.4799935917509
50.549828004383976
50.05246474526732
50.53787963610279
50.284356333646706
50.30638219696329
50.30031237949545
50.36492268934233
50.32145088547549
50.32890165938967
50.525647576349485
50.377926166931935
50.15301928140642
50.03257173613869
50.063139715864594
50.59890003009107
50.216365350182784
50.342943177425084
50.461052538113876
50.201171708605195
50.40741574680695
50.363347801110585
50.302086601803026
50.50430336238424
50.280584301421605
50.13586991332564
50.10034253010505
50.13414279702815
50.17166965921733
49.994790320586525
49.786063761275706
50.11492586095021
384.68404017943215
218.06994433455708
173.898006936774
150.24997544537803
134.49603985579262
122.78933707620855
115.66556864581928
109.18219128667047
104.76622455430677
100.66594544497964
97.01345271778756
94.60211156280319
92.22846585668125
90.20392066216749
88.40067132512358
86.57927496598526
85.38835517643776
84.06173341844632
82.65970389321708
81.88478911997898
80.4550475184508
79.89871473089003
78.66350047049339
77.81043217611429
77.36196143594618
76.71832004925176
75.96354309117451
75.31262885635164
74.88765142625714
74.19537727537138
74.0301978374633
73.86251913548263
72.95854806319633
72.60887331816244
72.03730323379149
71.47422577874002
71.56772433403059
70.96051442711298
69.81492006327221
70.38139090802645
69.62292207176912
69.38079707231131
69.36788573125546
69.01101889432204
68.56613455959226
68.05000955840651
67.97296640164376
67.81187904657536
67.4196245014009
67.31580695582419
66.94026956499471
66.69328555564512
66.42171462111506
66.14111971702795
66.12861972525407
65.76378482691639
65.56827677291908
65.31706687296068
64.8719601786594
64.84652076846895
64.94104789381555
64.80594620350271
64.26046994668576
64.00283469284003
64.18315848875811
63.84919277044192
63.58209940103135
63.23543280002269
63.53920436355215
63.175235679033655
63.459198938544716
62.644823619249685
62.595007880097164
62.35078894443115
62.484236523662055
62.394059093122976
62.24242347662086
61.97752711927415
61.746974499450246
61.78768514585058
61.615421817227855
61.37645236873152
61.523680851057044
61.237853380787826
61.25269237155891
61.10328050753227
60.74918519092176
60.63243311253828
60.66482428284778
60.38599910415966
60.76089116727443
60.52089408767795
60.36408254041268
60.27986582153174
60.01997487216754
60.140717344202656
60.13683404045416
59.53428091010638
59.45880739191204
59.34238925645235
59.87306448505452
59.34117159181673
59.193815648232395
58.91411750546265
59.08416677852775
58.94596053067436
59.07132935384887
58.956438628567476
58.49981340327017
59.091128473103446
58.61992722072889
58.797353770363046
58.49053433165647
58.40470390905495
58.18577338362041
58.473378843493045
58.09808507779827
58.28554987211948
58.001356657596894
57.86551350395347
57.84639211964606
57.69580686264489
57.898955728449224
57.696329131737265
57.71039887049136
57.25949606369796
57.6721783474383
57.59491368426892
57.742740527726774
57.483020872379555
57.197002182967736
57.2712570975261
57.37404814951732
57.37627126632598
56.87054277960116
57.299839908298665
57.12097238010934
56.990635292569685
57.10485569191575
56.870926443916794
56.83853044475825
56.71415634616075
56.561239038753676
56.62800775277352
56.64604856137083
56.46981524628894
56.359978597516765
56.07365042366804
56.42942739588017
56.44663747177807
56.174088011372724
56.24043076676359
56.109046831098595
56.12837549891233
55.981110735578234
55.86447361481693
55.82499173201832
55.98861793031558
56.054051490342054
55.96237491295349
55.73931616175274
55.87304040229036
55.77735493020507
55.92403065705718
55.73061255763554
55.64406123963171
55.479806458509124
55.45562866080348
55.40597640266168
55.64987949870418
55.30326168962459
55.11567236950287
55.20490630332716
55.389439953810424
55.53107533654514
54.9032056319479
55.06358510315839
55.166719808624045
54.76156017414857
55.0446170139969
55.15721880089567
55.0232265895655
54.85658939996581
54.73422111355213
54.86349026113375
54.917138330947324
54.688991168387105
54.97969650784353
54.7097477914352
54.898851740299406
54.82622259854593
54.6299429440508
54.48109861408741
54.55441949761912
54.48283525705227
54.61863258457135
54.28625117808112
54.456107336202564
54.13983419997991
54.14745147967121
54.59557751020155
54.39696847466168
54.31706584721636
54.1514741312959
53.96308940969024
54.11647564229875
53.89504803746849
54.11814181825066
54.44022001018574
53.842910979790545
54.15644399683587
53.99914943243963
54.08573422969242
53.94803618382979
54.10565514887853
53.8942826097644
54.01871739159009
53.74947584739443
53.97390826000163
53.81242393411631
53.88677604718181
53.83846106621328
53.866367141133885
53.53201399173441
53.53066110384735
53.69776731607146
53.59666944990057
53.524683391924775
53.55531690750849
53.674700525209296
53.56431138310352
53.651274919928596
53.514775182230224
53.31081017813707
53.45586798139035
53.542606503152996
53.23701859150154
53.48894143769742
53.5177652175592
53.39652839626388
53.042244145138504
53.071811018070704
53.38133778912471
53.18966364774613
53.29374726700035
52.89596448810034
53.20858361240121
53.020407322942084
52.915366508110225
52.701585001121174
52.66424271337667
52.95532471587885
52.648592641293
53.11406164439484
53.041808410433866
53.32177896799425
53.013808070536015
52.90985386808553
52.81908923069342
52.82784863693768
52.95227134762944
52.894855578459286
52.76430132606663
52.91506335593363
52.781505017153904
53.0111008039806
52.84777449692544
52.72060091897998
52.4626468787042
52.93780433105185
52.85922878518598
52.48789568872857
52.737903431164376
52.365047210033985
52.70647393480103
52.6755214542719
52.718581073771524
52.55623623233165
52.380820561294335
52.290400942065816
52.54557171349225
52.47304469075414
52.522495413274484
52.25454754166823
52.711569898002644
52.734168738148036
52.437184744804
52.49064400944047
52.30525456674417
52.07316300959286
52.14284229308929
52.57978480287657
51.95718787342091
52.159276954064346
52.47579169112221
52.21810971662019
52.31314455701996
52.46751943837773
52.17953444785313
52.060146843714556
52.2755078297281
52.14841593098488
52.17380820541257
52.136727177891245
52.14646899141229
52.12196154938209
51.77709953604745
52.0634392187601
51.98638831171532
51.900791664640174
52.0381182509289
51.910376144868934
51.96611868416227
51.862867726853004
51.90601565781636
51.73538043826599
51.94438957228149
51.90627349389521
52.052562895201405
51.80150863929622
52.099920618851186
51.6776376580327
51.91873653066796
51.61880426322931
51.83270341352687
51.93261985008773
51.57624724056276
51.64553199618588
51.58402005326707
51.742652297221206
51.666064213703045
51.895216385511446
51.48234235120854
51.825439762114584
51.69975986948626
51.43165488876709
51.581126963809254
51.6719797550629
51.62773242864057
51.62885196496595
51.358948167234395
51.64960253705987
51.930066855740435
51.76286609159916
51.892280366651995
51.416726456269764
51.29097580131732
51.62697723653077
51.5232474209766
51.460299884080136
51.27019721263188
51.522428695850984
51.81874156421106
51.28405809357119
51.596810746535056
51.41269931151159
51.538033254664086
51.57605347109525
51.24717913872975
51.33180730447774
51.31473962685702
51.157375742064964
51.359329074498554
51.41194295175547
51.14748285271337
51.38583039955275
51.22938953787808
51.10627498487129
51.257270422786924
51.54111289890822
51.40211445764255
50.834260505072294
51.18734438331029
51.3908739115726
51.016453198736784
51.137784086066446
51.11964785355959
51.10533473347392
51.348987441957064
51.053000661525004
50.83485933942107
51.27229589739903
51.17781568066337
51.066571643164096
50.844767869219005
51.122224331184064
51.08088291098181
51.004715344023936
50.837989660698945
50.9087285835399
50.91607797585701
50.92777428025029
50.78291264611694
50.79831963242551
50.95925166884714
50.979144722520225
50.86111501726684
50.68162618971458
50.942332849331045
50.6878238947576
50.984970153549014
50.94023570421682
50.716060353768846
51.023056126237094
50.59237679181399
50.73323528006599
50.82880490406511
51.00927664712566
50.812586969596865
50.80810534504308
50.66434279659751
50.51551436219388
50.466122622086736
50.66169034222781
50.84190298525993
50.50930603329167
50.73336241520383
50.7282290539316
50.51472891784425
50.411110341136016
50.679558146611164
50.63977525057517
50.69777149786248
50.79576273226986
50.68616669401531
50.607890851935416
50.74026398468429
50.96649659553493
50.60326660017788
50.605200332371496
50.50270341392108
50.448087654738885
50.209325931108516
50.46419304665709
50.567455447614314
50.67516685799315
50.684224561503065
50.6157223566763
50.6226262329879
50.60337561636045
50.35585684647001
50.29374539872037
50.32966097611026
50.58715045299188
50.467428404525776
50.218279512078624
50.44202844304735
50.5327197456218
50.36044795233879
50.612174457420736
50.50938287155169
50.12182348342679
50.1090648735564
50.446316575894635
50.466961885842785
50.282744849344105
50.15486960674797
50.475492687646
50.34430393542965
50.11474432963203
50.325439906652235
50.248845064081394
50.358559561812974
49.98718574930304
50.45935581307857
50.3612471811724
50.50630643126645
50.339658157472144
50.40827183851715
50.03716345290962
50.553246474808745
50.42705931286721
50.10887054064993
50.145856821672595
50.33707690346596
50.13402523199182
50.44996916933417
49.98259662849918
50.11470451969
50.26892599449896
50.19258722328759
49.90006417691691
49.82876317448037
50.00201274035476
50.06415282095689
50.012685711786226
50.0586953780729
49.91476254686634
50.32912976990813
50.006594465221525
49.99345855850915
50.17032909891395
50.09254677824662
50.056144126510404
50.09141934619255
50.08902982567273
50.06983447959153
50.303528570793
50.162562947217054
50.209169715202506
388.2220974722302
219.59512668718222
175.48965493881363
150.4373608418385
135.43692684330603
124.21345681667682
116.50971958565793
110.48577542715266
105.46852121925414
101.43500073633724
98.07411545850843
95.45915894640446
93.34018040671393
91.14118684588256
88.93808617681678
87.52565038399935
86.06913360352007
84.9792091590802
83.72880942389452
82.8432935339047
81.44084010759657
80.33565430415034
79.70382743889702
79.0298259676805
78.04432864668644
77.59417949532312
77.03113153240983
76.40598930711856
75.54391576544808
75.03805309979286
74.69082499761045
74.00308171704728
73.50391285167929
72.97216149693823
72.36613865429094
71.76006733889494
71.37278340736569
71.34042890526125
71.06532925448285
70.62775200508713
70.24634851612255
69.99073893136091
69.73335942977788
69.34090661115214
68.95804468590582
68.76194746069352
68.6050097319001
68.31527235495405
67.47945397161241
67.75777518496615
67.29776472905726
67.00207010903357
66.95183104495872
66.886130822225
66.45749199164871
66.31894336930162
66.32343798002783
65.76271462914508
65.42070470617186
65.4440293975748
65.04575382195999
65.03910175847241
64.94981330153608
64.47638800963527
64.0959080162016
64.06448778375784
64.2473333358623
63.748596665801195
63.43193189776526
63.632005759159654
63.4520736503479
63.18165739235469
63.164485570599496
62.651108868353695
62.53581601173668
62.61171606948568
62.402786545572035
62.323122066592006
62.508151422532066
62.284018732445304
61.94738521774967
62.00464021591864
61.088819872186
61.586154419236074
61.638165527286425
61.45570619676391
60.938078333018275
61.09858489606589
60.808021066340636
60.75455949515539
60.633685026109454
60.73625460627428
60.76025655831617
60.4023319146915
60.231450259344996
60.258397369889224
60.35645015684775
59.93521281060507
59.936555976811995
59.809325591332666
59.58275854183051
59.79167318567469
59.71871552582067
59.3171684309764
59.3398552335351
59.00109318251897
59.34477753394115
58.91436153135546
59.15150549722735
58.739426173203235
58.81794605345645
58.80160174555543
58.66209365775266
58.4200165257301
58.61792528842966
58.71525308684856
58.22978730892833
58.48088208086605
58.30016152851504
57.94634796665352
58.3997754377615
58.21113022810642
57.95256663215421
57.78127376791494
57.762146369251504
57.97265533485704
57.586786462506986
57.68426689440412
57.19789648040384
57.528378444751034
57.21945093070862
57.03190311775101
57.14817989044476
57.01930507721339
57.49538771888707
56.79489965194207
56.77340480790807
56.93362583393769
56.9402983786826
56.601785853085744
56.47771897458636
56.84226067029354
56.49393387634658
56.80220341492747
56.8347893326664
56.57547815603668
56.56811855825087
56.096803671488736
56.391002489848404
56.3682006483109
56.49778862015117
56.29791791859725
56.12035078851206
55.83704221878131
56.00774671692325
56.05898834613279
56.018768906285516
55.68952921013416
55.82284151006165
55.76327553821626
55.95407630653892
55.63791711519729
55.41445221352072
55.74855333227927
55.666817762988664
55.47377090092033
55.645799901997904
55.528790840981955
55.563738509869644
55.16018907842273
55.26462655343492
55.637404328953025
55.2655036743706
54.93210963204502
55.31153891651508
55.305656941116055
55.185471062419744
55.056637122506295
55.138259320534495
55.240708698820065
55.01419186106054
54.651067035432646
54.68257790565025
54.990513815140055
54.67042196085376
54.9001982932198
54.80014229196808
54.77099539446089
54.84353343082786
54.585849373237004
54.57384872253563
54.75027854775311
54.69173053734518
54.74336915140196
54.77758452734497
54.794615246728426
54.295306489475976
54.24347977136136
54.60661759603091
54.44103622690764
54.38988822449042
54.30347290065286
54.217679206774164
54.13659408696761
54.250236248249045
54.03520268073097
54.025542018663295
54.061919207279196
53.98033121636846
54.13323177349981
53.79431496979922
54.073254504309524
54.03866793459593
53.943366617231796
53.9557081569524
53.58728963995087
53.68100212358145
53.6739457751724
53.95710198923799
53.749250221856215
53.38738692215953
53.45522970233022
53.74639843803908
53.68263913797179
53.843731496694446
53.87105801226935
53.838592499501026
53.64786398360995
53.69403208174116
53.473517577876756
53.411664850436004
53.351025689191935
53.421744107629856
53.36967626016973
53.24643733215134
53.47185744943096
53.12561042750164
53.29886379076295
53.1788317240354
53.569510012878254
53.2062554855853
53.541756947716756
53.25969828777679
53.042730562904914
53.368053748764126
53.24420689774801
53.421937876443025
53.44510256017969
53.12630709144175
53.28887392694462
52.80591406989942
53.08113131005942
53.21213051955201
52.93252637881498
52.81661626565186
52.95085312503839
52.95663339751528
52.799410084066935
53.358035325766
52.786855563504105
52.98912141008271
52.99274636507721
52.74239179207656
52.75582716378697
52.65920281235245
52.80120799579469
52.64763625313558
52.667485736765926
52.77835625773238
52.97475292495109
52.87214980310393
52.845554476306646
52.48584907812059
52.658462064096
52.46758017270116
52.50960665170884
52.4281493863693
52.556505993649125
52.505536066292564
52.90553899569944
52.51962818090021
52.2721563355707
52.38346693675561
52.3988360565643
52.52798525648891
52.30599942107301
52.36769624176768
52.40827036728959
52.37753800276961
52.36560620245963
52.57633548979485
52.49471525486101
52.25988305296831
52.44352254817086
52.46599214711549
52.15674586033435
52.25091248404819
52.22691423896305
52.143057625771746
51.93711828992313
51.89154871980462
52.240619121939766
51.99711286623664
52.19813020100959
52.155273458465146
52.21213307839496
52.05712995256512
52.109460538327944
52.03982553726765
52.44615130087146
52.00306015147075
52.07676592508458
52.03916498431081
52.14627804393781
51.94258833113647
52.25187307774109
51.78795898646891
51.881518418585756
51.739034631050224
51.52938342617084
51.68713568567501
51.631614393286384
51.83216343922334
51.83259019541313
51.720679155401676
51.54395882776122
51.94763335432263
51.62099584968942
51.882637500516786
51.61843470996787
51.65654845896197
51.598609595621824
51.555611273874305
51.72865587514189
51.913133786859156
51.51523579410202
51.75128006129705
51.494612907502535
51.442947742765625
51.49787515439117
51.705609938417325
51.88111065734009
51.65307374661898
51.487785137416154
51.61227752335588
51.35464272115427
51.315954548953684
51.46574068056041
51.42077600698016
51.574909507319184
51.44573684853976
51.13793104660709
51.44708387865764
51.29815824759053
51.492899712948464
51.419307638766746
51.30030947339088
51.22863985083827
51.280457348809726
51.24730623406116
51.370951228820694
51.161771198145864
51.27373695234119
51.17958759121595
51.10847117252873
51.06437021328892
51.48936134753595
51.23073961300582
51.25055070293667
51.205281449193734
50.93504945312041
51.057930064587495
51.067423371876316
50.908687673402
51.08751440613353
51.046728672928886
51.18005929123392
50.93944537236741
51.10599535052707
50.99518174500558
50.872958149118226
51.139286621372634
50.88266242768361
50.90144111925034
50.874674950712595
50.93480124652589
50.97786766661537
50.89590035042739
50.56466585973742
50.706795087532
50.69909805107978
50.94056364076846
51.089711103027376
50.90123380693518
50.66305101015251
51.08691945414634
50.91530687537844
50.75536311132073
50.616640762957026
50.626149591847636
50.96646787840182
50.7635429296557
50.647022882695204
50.64642957603952
50.77239168393579
50.87203715077567
50.50668619977296
51.084004234697275
50.50451623806311
51.05660138395655
50.66715438912209
50.55148676852581
50.936157263039405
50.61911104302623
50.89354295441569
50.29271907738193
50.582313054487216
50.61352000293708
50.78834038987412
50.51178437650909
50.48829047974746
50.84844720024469
50.464658388082725
50.58869920080254
50.58596831770578
50.35646395119534
50.5415140357578
50.359120373775625
50.52983208209467
50.381109766094866
50.47098005488503
50.73441285427127
50.61656828908355
50.423555978175685
50.49128924455043
50.46022497255582
50.56011967609198
50.42532292480945
50.64737670949324
50.359979115593916
50.413001415478874
50.33967685533294
50.287469287643795
50.300194523346754
50.39446604289992
50.30878638162836
50.24431584384631
50.45680828472084
50.410372802191155
50.43468108327479
50.114470984265296
50.10592240349445
50.27147330800289
50.67980832242319
50.40906704812951
50.37693947111456
50.424180291047854
50.27897025470588
50.11894704681503
50.47426442887147
50.36205355569083
50.02544939448992
50.28663576489419
50.424093208927125
50.17970668445313
50.443531350367614
50.37926461906865
50.13503451093879
50.396908292567815
50.01390545140616
50.313469817078825
49.89423908892235
50.20089680199464
50.307637712155014
50.12141721126617
50.361898186216926
50.13753873483992
50.37936818645081
50.23445004591184
49.98770588197192
49.799985220223284
49.910247354757374
50.09848623799251
49.84487174716477
50.34560539264104
50.017289325907925
50.319727834879515
49.720242110992736
50.15785298415065
50.210501155826606
49.90915147920162
49.98171414629571
50.268185440401375
50.08849474142512
49.9056847905642
49.91169354170101
50.05626654168295
49.83813770056675
49.75210599292144
49.93576593924382
