463.61173949665044
253.30683392613741
197.2136057817988
168.21479618138025
148.32500733352467
133.7463412857284
123.12630892627368
114.42638023693596
108.18123545085403
102.3461542062224
97.9978479828837
93.82600133300062
90.3426157863753
87.75912888723104
85.0698303735833
82.75831890121711
80.83668886564341
79.16747015039252
76.9248766623973
75.35096854401134
74.12333946660031
73.12128803544378
71.17505261697544
70.26823795737303
68.58377746383499
68.0058447753965
66.81360460867924
66.1430127953351
65.05971394202142
64.45262386359644
63.51784838160067
62.40773457243632
62.10984436632082
61.443400413261564
60.78001041193457
60.205507830737446
59.73759435754487
59.40064522314537
58.72357502134273
57.80801813960552
57.54759675680325
57.131084694124254
56.72918463196722
56.01565293997811
55.98062603604385
55.557523606391925
55.060536530237904
54.86899929156567
54.31901423905138
54.26515934482196
53.50682408016665
53.09245690619539
52.81350505669393
52.797515515637116
52.37785116719746
52.38389050305192
52.16545297518576
51.37060967744445
51.37537902201367
51.14685808907048
50.84842502890724
50.65498414132269
50.482267672626044
50.554997291036706
49.92475919005741
50.02786890775136
49.89383115466671
49.436482870809634
49.128444143414924
49.12757317916208
48.80956507994785
48.84458758982282
48.40975828996248
48.320724979732134
47.933653405489835
48.12746689265942
47.72836423845245
47.434588793898484
47.56549376225239
47.14958451805459
47.08699209521249
46.87450412634608
46.79458692207373
46.55413904435626
46.66239263769128
46.37221171408445
46.360537022533165
46.27810530329869
46.00587084602568
45.82303078892367
45.881265741832756
45.81304109479954
45.53118586106036
45.16546884922052
45.51683918616257
45.416860875674764
45.0790905473159
45.23245369785268
44.85832170333703
44.88130930445727
44.83848442546312
44.52371671073277
44.54689488656209
44.438826171691225
44.1225263162447
44.29493176762226
44.18765361984733
43.87970359188736
43.92797127621072
43.8584061115178
43.72036991878468
43.651922599843786
43.619331419998474
43.4743016815306
43.46858669959413
43.194022430776904
43.187466736697345
43.11138888644937
42.97369387292797
42.86309974259531
42.868556770526375
42.91698797737257
42.59450020017633
42.61694384833089
42.509627913139624
42.56936807444546
42.68653870033743
42.5070677362875
42.328660037057965
42.072090612141274
42.10163381443728
42.090038993768886
42.00855211777856
42.19165541591674
42.025988986808265
41.833706986429306
42.01131180727828
41.98396828772393
41.5885949039646
41.58312726786532
41.363048790518405
41.36839755920364
41.37121208311394
41.401970438343604
41.28994908441466
40.98603625658927
41.10815271497199
41.28634454224962
41.144796043417564
41.429733651777596
40.90588227510406
40.972473864283806
40.667413438222276
40.853518362032574
40.65166592672921
40.89452793660373
40.71986877298027
40.508049733783324
40.47706122800472
40.293212924124504
40.414488690653535
40.603460592145865
40.53594751366323
40.590955528643775
40.41571931368145
40.1178943990162
40.07022582264889
40.43604170412735
40.3815824265058
40.060404680627535
39.9564354970446
39.995957904718665
39.91252973514702
39.67230768901026
39.81041840161494
39.86719700886648
39.89976818964842
39.41179610426417
39.82540646376216
39.731293463002515
39.6102011963736
39.67418146865439
39.653548401535694
39.687641511696995
39.27108645983601
39.67480486975803
39.35984350123226
39.12662156541442
39.47090636732402
39.25645636008456
39.18187198707936
39.285237128131705
39.20316483125418
39.22470225947329
38.99363174747547
39.05660168367419
39.034336018460074
39.08436645072055
39.212021678107156
38.91074146541014
39.106790813393474
39.05634220541831
38.98085244469977
38.612066188556966
38.69632612249885
39.16786043763326
38.85387116170997
38.73811455802476
38.6657082453024
38.93924704453417
38.51204845936599
38.55837768146984
38.55486103144491
38.64237233085993
38.440996837942805
38.763736675315954
38.14908518060229
38.33193176229876
38.61888039010718
38.34732486688934
38.28897766800473
38.41594793443783
38.404361556963444
38.16809067463712
38.435134730119785
38.190012252025866
38.40168812492649
38.2853513235605
38.25775371947256
38.23624563506845
38.211644277107
38.16989102710992
38.23082352730268
38.246504427290986
38.285647638952945
38.06173276929471
38.107049053975516
37.87131836050463
37.88306183197722
37.773823195734224
37.83309233935673
37.87663483358947
37.833976710999714
37.78094078731714
37.63831175878749
37.60637538805592
37.77544689359806
37.45672963771419
37.7114950016097
37.61321482080748
37.559676925439646
37.71914345257543
37.50849725147049
37.643812492240535
37.41166745448773
37.44917702010072
37.414296133715816
37.63820146799007
37.519492359889135
37.68186264794393
37.46349889727094
37.49436794280891
37.388136794676484
37.23051221175108
37.52008950103032
37.404834891516536
37.228567709502414
37.353361907036124
37.335064408254645
37.343462081172845
37.20226601302298
37.068015560220886
37.239242348411594
37.247605102192836
37.09273117212855
36.899241680365556
36.884476045714486
37.02129440987636
37.19903537210213
37.1947291274769
37.04790455637757
37.15893047385009
37.082600568529806
36.86513109749157
36.9964316591311
36.81829747602613
36.84617911617069
36.935606199736235
36.81678675722381
37.1388277710808
36.759988069752836
36.918681308663565
36.68648865595481
36.96192964945409
36.898279987877785
36.66036127542629
36.99011016267874
37.06175145369633
36.72673606828672
36.86066731209675
36.893042262030306
36.80218134296828
36.456196287519035
36.76046720311519
36.62728198378575
36.636570955751644
36.44942010604419
36.7135222309244
36.625624137646454
36.29857313374231
36.38463080893131
36.5588707682579
36.506846618269925
36.75700989953115
36.603293722152024
36.58066013468545
36.44623531056882
36.264274901515535
36.375764621578206
36.27459418061167
36.31422967037424
36.38494168160504
36.27544594077866
36.44546460241497
36.26500068697901
36.336320352634885
36.325601568046345
36.25987642117336
36.14591441945811
36.210451249745645
36.18376398350645
36.2897243891696
36.22215270345916
36.04628459058683
35.91498507773603
36.058378822297804
36.311784255997566
36.38175386379351
36.280257447973014
36.09935303526649
36.2769348815545
36.1610472500944
36.20642513389372
36.01632905068138
36.13254480397305
36.0445621944152
36.11908025576984
36.02341473957022
35.98479482184181
35.94126852176104
35.874378325021326
36.07893164016507
35.84611016861348
36.04556397905865
36.07960413208641
35.99853904737715
35.89262465883682
35.98775782619305
36.03030589789837
35.86007016655158
35.97843232350396
36.00390621637722
35.83655003541489
36.04830162575556
36.006701111846716
35.947393249930066
35.77872670702077
35.72775323844604
35.5512671910858
35.510233265467704
35.62795337283418
35.92902940262219
35.64614821409737
35.76820936837582
35.742987549921715
35.81244316317724
35.63940998851127
35.7310371841433
35.70525503937995
35.69256880832421
35.62712877682088
35.74515252818653
35.480660359960524
35.6951798760353
35.59751819443888
35.724363596242625
35.541553992761095
35.54626490488202
35.65183206362882
35.396067141501106
35.54841877449755
35.496335468344604
35.473265688213864
35.49420858734764
35.63338006486692
35.50267355238168
35.278448915576476
35.298293898015054
35.60618129062333
35.59592885094059
35.61275539062149
35.45445028480562
35.41153362863267
35.49330801472803
35.27007314678779
35.249853567466936
35.27357248003304
35.27142188459754
35.352551244893455
35.205453482885716
35.18785197744988
35.38914974535051
35.384821715242914
35.27735360672021
35.32721058189414
35.27197057879685
35.16305940470881
35.09115252909661
35.238910552341345
35.4675363559754
35.13200994159934
35.216756659485526
35.192031183667524
35.20704646481922
35.181088628039
35.093794995873864
35.23226514795506
35.40702351525109
35.06145457677341
35.109586568901
35.342099436018586
35.01206227589677
35.29921128969575
35.20661044976977
35.01788887995161
35.24741534215222
35.07632505517087
35.13976308888594
35.19887839838975
34.918863488539
35.07277437795808
35.168132597497454
34.82799046132826
35.10866330698117
34.97595532379515
34.88654186437161
35.17531398858776
35.008444067329656
35.013211037946476
35.1188487314954
34.85658614107837
34.75596462091622
34.87260068507318
34.90361752628181
34.92235200785322
34.8125844076983
34.89183309325655
34.91555016189275
35.05691893202898
34.834153976440405
34.829506165095395
34.79626854734643
34.70020769056991
34.8825303445175
34.888302366873255
34.781560528447145
34.905657568176174
34.87302803231901
34.83391864348936
34.9688609605338
34.63745122175923
35.00717189465087
34.76760506369574
34.70649377833952
34.688614360943525
34.74698006515965
34.7651011286514
34.852783454834636
34.77728829784343
34.807452331911094
34.604093172008334
34.48481349396877
34.60011141060168
34.91557232933172
34.61196190455394
34.690286911279735
34.83032858188236
34.668270164500385
34.678702042268
34.68543008686207
34.58805003639571
34.887124612662596
34.768288899839625
34.4804045744686
34.56337087387203
34.54649410555208
34.48711673280965
34.49709875161506
34.39616024527784
34.546208289621475
465.31686188082557
256.5375611654902
199.27423725582224
169.19683212135254
149.06745423464514
133.85962963506637
123.70313971968207
115.24273978722182
108.47447344404868
102.95911865821455
98.10274248972186
94.48740737592207
90.82030175057403
87.96385953337858
85.33380855988487
82.54756355602362
80.82658629790187
78.90041595773705
76.92797105353698
75.52226221062317
73.54195225384443
72.5334896532005
70.88452630283372
69.6692978434165
68.76960737265316
67.76403110225738
66.6743473250309
65.79270104093946
65.1084407793452
64.23088112721865
63.5072106668673
63.20429154557285
62.15551340868112
61.48145656864182
60.90110646626271
60.1283377640472
59.936608147338454
59.277678015929666
58.10564690202904
58.13323355557482
57.72069818125714
57.02777053195995
56.920491406311264
56.38329515248326
55.99691467011488
55.28835633556085
55.13831479625938
54.762473235849285
54.47921397993397
54.17975746725472
53.7365898091377
53.374262878457294
53.30029241187732
52.73916782598067
52.46843606058319
52.160913650199035
51.91543808676103
51.55924828858532
51.064410144882984
50.91406028599042
51.0439098364298
50.78955323333388
50.247374425167585
50.00660593129604
50.1509932395305
49.81922310763186
49.37829118303321
49.088290762665075
49.18982618409527
48.92776979195157
49.02198254818768
48.16574603776025
48.347304996486656
47.97643024799734
47.88408758267972
47.93812885762971
47.644493210231836
47.53951781375494
47.195786817230754
47.2715010018263
47.16698940134537
46.92691408152939
46.88907506001419
46.667748735930346
46.503547274013556
46.451742413746324
46.198070777979055
45.90597751231383
46.01917757506789
45.629486951671595
45.917416168042486
45.836493133944224
45.44599386374115
45.448469411028825
45.17885036641872
45.162045534078
45.17301155065644
44.7314146044652
44.60533185288869
44.66127975867707
44.82343933597993
44.408537905215816
44.23557035544939
44.02622192357073
44.006461482560674
44.00779315648287
44.02733683167229
43.967510596288825
43.60359616269797
44.01662144704282
43.46908642255286
43.604974619945914
43.29294868742419
43.26282562554184
43.068171916327
43.30742036341461
43.03082702911926
43.173145519837234
42.785120096756806
42.69065140376143
42.72888393684333
42.5972422066587
42.68034560193973
42.61108759918702
42.65336985936872
42.184780842217954
42.55597762870339
42.23181961284131
42.47238537326137
42.21952907728047
41.933542284492766
42.04006430276239
42.119797659836436
41.913209056882025
41.660487106659545
41.8474182520511
41.930802281384544
41.65866010811838
41.651714172765516
41.57559592689658
41.46537545324806
41.375876767019015
41.34718334409223
41.221347693534284
41.27688951097608
41.05445848907569
41.05659424778972
40.91580682267361
41.05289524308823
41.00155993904913
40.86247911031508
40.893264570463984
40.75900996204866
40.71359438036292
40.59407920928651
40.59531028698602
40.435491818136825
40.44678211910961
40.52684093538452
40.43812247978357
40.34116296607873
40.43099282480758
40.32859355329312
40.34912105571195
40.153632866873664
40.28471727546148
40.10566472909338
39.956961807848884
40.09166709913835
40.13060158559681
39.87783593209488
39.72937003185752
39.76599453593247
39.88354476555047
40.04716073854929
39.667036816232276
39.54064022907263
39.737255352378725
39.45134854304563
39.632347256894285
39.51459637980471
39.475163425517934
39.40374124799127
39.35537981307347
39.426816198434615
39.429525979078605
39.206639508251875
39.34774206731294
39.244802444764304
39.38120665615846
39.334967649760934
39.184538920480826
39.04519616811014
39.0484122330866
38.91480761018501
39.12098111516529
38.76907924357908
38.98553319594229
38.68671614942373
38.66399977422427
39.05605921868721
38.82754717844419
38.81200174798784
38.50523578734142
38.56175724321363
38.59513565181999
38.462455219564006
38.605032911787
38.80660963606201
38.30783940636641
38.67637796320581
38.491884224605016
38.35804774866117
38.34667022947753
38.499487520202244
38.35379824933378
38.46765823222072
38.158694640523926
38.457605284767304
38.16246500483107
38.3253689659997
38.31506778715276
38.28216787602586
38.112888317134804
38.01344631703618
38.11404340578247
38.0429292737147
38.062582455956615
38.104930110512356
38.120032766615914
37.91438501815286
37.95841637054138
37.94799752296962
37.87325322519557
37.935016591221206
38.032096133460634
37.79159014799729
37.7950370957968
37.92617276247089
37.85124940332608
37.596600660448026
37.70821074780245
37.82140968827954
37.67412882516022
37.734172568047526
37.43360233636088
37.75479129340927
37.492890349416776
37.563953042242225
37.176283840895024
37.26267389236285
37.42860773741635
37.15764002118788
37.517487066405884
37.48903670230223
37.66775716364735
37.51076970011603
37.35623488461898
37.333610437036235
37.347968903112644
37.193846848083005
37.31565960462203
37.21529477970999
37.305396418606385
37.41461616504307
37.32114650743147
37.24113011433027
37.135275250581316
36.986233332491715
37.226308205769584
37.15260109372891
36.991164851707524
37.054296025556106
36.97939415688018
37.12231876796605
37.02296081794341
37.12022592568144
36.936979683676505
36.80870534054794
36.75592966441389
36.96288684475568
36.93527612235763
36.915400670092566
36.813441092306505
37.03436934136537
36.93474917696437
36.85716297057794
36.919957146472555
36.70141386303752
36.74592558119761
36.67937080924157
36.8886811894608
36.49703778090791
36.573229336961866
36.83096452662854
36.548096115944354
36.59383371859615
36.887535978775986
36.56692771581739
36.50368891641222
36.516369967791974
36.61604888481819
36.55742807997353
36.53890983895304
36.5223570367659
36.54308185767693
36.34714343102105
36.517299741972835
36.388143503870936
36.36997495486751
36.41914660236708
36.334525270820095
36.450535748456446
36.413598886292135
36.2913763764293
36.3911411804227
36.34661428319445
36.32834787872649
36.45899827694539
36.249646148458176
36.49303102365308
36.09658509712458
36.29141216877871
36.0930168832741
36.29270544048128
36.37475943418819
36.233857170270504
36.249882675907465
36.09403677840435
36.29767940829366
36.00149143942643
36.17081208039308
36.072358039961216
36.170713767002
36.16031510539144
35.91855104736592
36.08673148071934
36.179802060794714
36.16623637448042
36.021056170931104
35.96698587122338
36.124007334653335
36.136420004175285
35.962159985516244
36.155399366200974
35.97226757582669
35.833505628392345
35.99354171142506
35.9932047172346
35.9108961254427
35.73276818295517
35.94524943227121
36.02147150132747
35.66957801693152
35.83907008260266
35.798389846607165
35.99272857982228
35.952542242376694
35.776624765405074
35.7342237626289
35.73823911095745
35.67250005364517
35.80561966664689
35.74534004827066
35.53063099484839
35.836918656089644
35.53921691380342
35.66379488668916
35.64099265656863
35.92422151843462
35.731539523439444
35.45418372173415
35.606254809690476
35.69157155819723
35.56502191436113
35.52703701987815
35.51150863803618
35.61645362527597
35.70455944336226
35.47664458095469
35.31849676984889
35.65524494854465
35.668710803928995
35.533838816291585
35.338508850667594
35.54167258651578
35.541713093365765
35.479159949567354
35.36817448281846
35.48658462463072
35.363063549189405
35.48265092039931
35.35567502150511
35.392261766840335
35.40882629030716
35.36907704623256
35.28523244766868
35.17067967345235
35.36189781947479
35.189910011171015
35.41445856531845
35.34752911308217
35.18071317781004
35.48792583856265
35.40437050725464
35.31256518553195
35.30068816396925
35.39049528569411
35.27479392639196
35.33164492325883
35.252410537583636
35.082312345150164
35.14885409432851
35.15083521096177
35.30276418598866
35.04437994062118
35.090688274615765
35.139761104520986
34.88348718818619
34.88260187456107
35.16371805991802
35.07608708311887
35.181559469602384
35.22890166079905
35.066512835808496
35.15813056638453
35.112050270684
35.372828252087686
35.132522177808404
35.039866696760285
35.07947284564334
34.96931114142766
34.848943536619004
34.92201808491635
35.000491202280294
35.101620731841244
35.047961296002384
35.01910282836786
35.05360587494322
34.99174274334999
34.792718966257375
34.840780360248715
34.81991968007814
34.9180624569573
35.023743935466065
34.683814793027594
34.95121698917261
34.79512319855985
34.776010712068434
34.99912033161089
34.855580065171864
34.82128739821746
34.704457510673635
34.93585116122393
34.94277215272929
34.7873823882738
34.631028730338784
34.97687810911204
34.84231749138653
34.65042915057992
34.761050584889254
34.724677666817236
34.88656543293591
34.668294407215505
34.79979301142457
34.82449416682646
34.80593050610506
34.800754200830355
34.858159935175635
34.599231872564836
34.816244163363585
34.991831937656954
34.56921375105201
34.62982163250637
34.77254123908066
34.64594912644225
34.89505485187803
34.502667640744846
34.71935991223921
34.63884977476206
34.58886259053196
34.427765628309075
34.49724479237107
34.54503608478535
34.5292750647652
34.484799884379
34.56549960392118
34.42650166794996
34.789402964267225
34.500405466114664
34.500119256929885
34.61122499141473
34.64921907903527
34.53597637349928
34.55677529354317
34.60882307258155
34.63063079249678
34.63513007339074
34.64355012684265
34.60323970390953
463.0442222697811
255.14137661342548
198.7561861727075
167.02474577264184
147.66808447789435
133.1698436234297
122.73248799928507
114.68132587268663
107.61993714968189
102.18089061787033
97.52172089839667
93.73925711333442
90.99390671819677
87.74716706307542
84.8678836780302
82.65831322031185
80.61327197568667
78.78451435212682
77.13157178766356
75.51659682363851
73.62718163590476
72.25620722592315
71.09897403726887
69.99664246680992
68.67207101042665
68.01877224280719
67.24914695653155
66.12664093363877
65.08511747126263
64.3891861326648
63.69549339156471
62.68670557871466
62.11104322481709
61.53155700430952
60.76416041210315
59.91468710099116
59.502914514383974
59.08271710506565
58.60743519089181
58.1164243945547
57.61974091416076
57.248708860607564
56.89278281965774
56.45560709242256
55.83596015502511
55.51006170609096
55.40036351897154
54.86471052883425
54.29522786273148
54.00671643817541
53.75150182488331
53.48820232152282
53.046517668420066
53.02970124335577
52.437284223569435
52.22620448105981
52.1750238691759
51.66883110819854
51.22614908193581
51.22530818850035
50.698168866900396
50.78599020872519
50.60521444948452
50.22333411464572
49.89021115696714
49.68216031418645
49.709330065156536
49.23431580095709
49.082810023705946
49.016047447577165
48.88246837891833
48.569766393236705
48.646418259128694
48.133976621881864
47.91482898561827
47.83492590517743
47.80355180014622
47.438117380264295
47.61154042738951
47.45959144742103
47.13591331092339
47.08490868468841
46.40602966409959
46.70580273249389
46.78618451204663
46.50927101795354
46.12600362629736
46.29141692334597
45.80880707743546
45.83177018891204
45.74890489056589
45.77297711919315
45.770479862501766
45.41183542580945
45.16250205321028
45.188905875504716
45.3240917998261
45.059203564692474
44.94243593395448
44.51280102797894
44.55793975917674
44.6032564454731
44.56306209461717
44.187359592384766
44.28029245861804
44.05741478645538
44.12171147624194
43.906335459454475
43.849452225370385
43.60048749872245
43.62616525723487
43.564855188248366
43.58069179055676
43.325599988991044
43.261375485382054
43.358557613028125
43.216469279941755
43.22699801248391
43.065364637866985
42.69457128642412
42.93499300127099
42.89303104798314
42.61809654726074
42.514271627739085
42.695987220510645
42.77049455798065
42.45937054113816
42.466923926112614
42.03186838075768
42.2974206829852
42.10734654679353
41.806990768689836
41.88365126479409
41.77308700981509
42.0146494353707
41.60419307163915
41.564466328468725
41.67871335201254
41.690026540390335
41.57861079891861
41.450899645610576
41.4129180492645
41.23582922458766
41.44158024014691
41.262211410965065
41.16963168476617
41.14771622470668
40.882565932094735
41.09929373368751
41.037151148733386
40.98568824911479
40.886057767086896
40.766693389482754
40.69413220216349
40.736682536775945
40.72764599838001
40.644513918375864
40.45888882433377
40.41249534029537
40.3774822720896
40.46641931318804
40.368803446782955
40.08824706726163
40.366994311459194
40.221309118024834
40.21054754975798
40.32667589128834
40.067570539152314
40.06339332969337
39.96827013739445
39.82685151655493
40.04047893383988
39.824992653474744
39.63353272020587
40.00357504463736
39.853669202466335
39.84587573747263
39.657616188504754
39.70500199607023
39.75057006599395
39.633269443467036
39.355441027002335
39.40877160833543
39.65282844994305
39.362827220759684
39.45253665250029
39.36454999186003
39.341570078953005
39.37563806691106
39.338718184953805
39.122998072135225
39.28049215233161
39.33314806131008
39.22283202021222
39.25888007678518
39.22214176882616
38.90155577924464
38.818955009873214
39.15310150586172
38.96098395995639
39.010006710083594
38.9218178074994
38.81685535820998
38.69105242415798
38.79342214083453
38.58813671768901
38.706284464483495
38.67414663224586
38.63771766389875
38.7198713059227
38.399852102116746
38.64436201031755
38.5420881550792
38.593708463690554
38.485384935051734
38.266015232680935
38.39000529850051
38.35624768807754
38.57013123018096
38.31718949538689
38.107512172690846
38.06205851589178
38.352640401432474
38.300873938939795
38.31165001963644
38.22110624924703
38.46736560769403
38.248106930031085
38.169348039990986
37.95576343214967
38.02070065804471
38.09019597239843
38.08892521846607
38.01503596226508
37.81178507640718
38.0581213984663
37.83051336704187
37.93206996744881
37.747304022743606
38.00885949976555
37.8225931219363
37.994401258048285
37.94002196604302
37.77382132417266
37.9318617699749
37.886672863291444
37.86187323457523
37.925128237486526
37.866114900544865
37.85294857865208
37.428271663489795
37.71906780836325
37.657266151033994
37.57654801880916
37.390882890955055
37.43934536142528
37.44808262679385
37.388874257557866
37.79450839428491
37.48083080891254
37.48833067005743
37.56200925245686
37.37606827332122
37.36633907695266
37.296279859327484
37.37705245849684
37.243268888102904
37.251818048427424
37.25068810154008
37.53359230088349
37.379719686246425
37.337091812434004
37.114319636257555
37.23120140648266
37.09341179205871
37.13370218073751
37.02360939702239
37.10825565381591
37.09074839264348
37.338710751111684
37.133516280577496
36.822455283155726
36.89667432057531
36.90486303137668
37.18716250809972
36.867593322385005
37.03898689978684
36.944490035674754
36.86960261418704
36.79991027204938
37.050810813195476
36.902329731118286
36.97395555016867
36.896777390183956
36.971591141941346
36.68904123331367
36.77552305388394
36.770299835386346
36.67102100872987
36.553326718895015
36.47176972664344
36.79887165843849
36.683795851795985
36.640495920478955
36.83566598169317
36.78436832078904
36.61454685406785
36.70280046419523
36.599685252738155
36.80332014222617
36.604105015297954
36.67520885640429
36.67033825243745
36.64140815347977
36.45649654057837
36.720552175494696
36.44618605030101
36.400262601068476
36.4137699748392
36.2569630705345
36.3131845054086
36.31840060349331
36.349563945377156
36.38077899853007
36.25171970939946
36.37622417935702
36.46002036771781
36.21307747971386
36.459562652544626
36.30197549925078
36.342541540529886
36.25775903545638
36.171578937858726
36.32664284784628
36.38685556930664
36.09405414927584
36.22994741748932
36.12179183042865
36.19037180932938
36.15704925708163
36.22515215331417
36.39304630290563
36.245584235902
36.176941987120536
36.212066289400035
36.01342720231954
36.04408921064854
36.02562419380944
35.92587022459092
36.12045117903318
36.07025127802113
35.8379265042579
36.07630331671912
35.8894010600049
36.10292948647177
35.90624150785368
35.92817128425725
35.84207270413191
35.83972087909956
35.790737452006
35.97787891498059
35.757892032651945
35.91007234956491
35.93035499209378
35.834096808883416
35.69998584901305
35.93652158640721
35.81784405471451
35.870621246677054
35.75040589712915
35.71275113523969
35.83108944121341
35.644193666826894
35.57251778984203
35.8733698365445
35.59421856852534
35.82901686411918
35.55563058662724
35.75573717366589
35.56526685437322
35.57818991324019
35.719279472126715
35.63877702518459
35.558333928862005
35.55018126880169
35.546739628975914
35.487895904374795
35.601379355878834
35.456842893109844
35.31518012389598
35.46866737316813
35.43119271213976
35.70808164677667
35.52658620258346
35.374656607949824
35.664339321568505
35.501297835024
35.39293656168625
35.341106940998245
35.4165896487454
35.44393444451925
35.411866015456184
35.34953527309951
35.31171434498533
35.380993166468485
35.34542456669749
35.27887297572194
35.58751579700605
35.24661749605937
35.455627777723684
35.304920485253014
35.235525402799325
35.48997293543575
35.28365721575908
35.460892050561114
35.14730264466808
35.26068080382715
35.18989958487323
35.38409007443793
35.12037257978549
35.107375777640506
35.4604175599494
35.070541241263655
35.092549487230706
35.14644371173723
35.030247349989686
35.23854201479425
35.06676104692129
35.160843872078
35.104893702503
35.01994590068507
35.201516760348284
35.21506712908575
35.112026607254656
34.98034793038674
35.065767686186874
35.112185336832226
35.041162884242276
35.30088299370377
34.93771613363263
35.11961456246504
34.978361944154216
34.94665201192175
34.8679519271203
34.94593961719943
34.925287987378546
34.822927218418805
35.05414802486253
35.04520106994384
35.026270114387785
34.6696344905775
34.76058613167794
34.9086540323306
35.13008388562464
34.91356599832194
34.91626564545425
34.894209427214115
34.909275385797365
34.85250350749966
35.08535911138316
34.85248177929996
34.71364854353939
34.85869117385491
34.925146887780954
34.8564897005388
34.958281707789205
34.99003663300779
34.82712690247408
35.0153689450499
34.713299713034736
34.872865665804696
34.61357802414006
34.871926708433186
34.86141055779454
34.77381438173614
34.848323046328034
34.82643241258201
34.85879326828068
34.8246809497132
34.68662637298484
34.469531169064
34.551080210524546
34.80802282701203
34.51659214006227
34.862696911972286
34.59021345434346
34.8263766301687
34.54166412351318
34.7268151262832
34.748520786325194
34.61053112347121
34.64333207716269
34.69502681913634
34.668043358415524
34.58429990737736
34.50970430255767
34.62865592617652
34.54149143483521
34.438341565625564
34.502607018888746
