398.2786578612621
242.66675949403754
196.5497869140766
171.374902845155
153.72304600098266
140.09427432392906
130.18861646500955
121.83643785413943
115.80087214585507
110.32211241746747
106.10415328095719
102.08169910835262
98.78173306647801
96.2016729296573
93.42579837499011
91.49124026686883
89.415941804763
87.79485553981871
85.72653478609831
84.11978512162779
82.91498626898951
81.9499586530262
79.89788515263935
79.12139485862029
77.39736491091492
76.84886395796107
75.7467729545668
75.01349584750652
73.78379566455773
73.42708604950249
72.5709576318516
71.11949272110489
70.98376215133429
70.54072028962936
69.5812307156374
69.23181425676258
68.57235423618147
68.26885006878602
67.516730287149
66.62955097322136
66.3892190010626
66.02821074354182
65.53305279315549
64.85581996125725
64.82856415303911
64.44347239946455
63.769148993783055
63.643494253688154
62.838504167914316
62.81750922358899
62.14172608082603
61.59752325097086
61.1882893998456
61.33088940586364
60.88457443644903
60.85825428710981
60.54635064180447
59.834682299907385
59.57581559271464
59.54729976584209
59.18059630529794
58.90192622776931
58.67679133318165
58.92289036142239
58.15917745323083
58.39133563039637
58.07643126730045
57.50882399751209
57.21261012915096
57.261815596961675
56.89994323843195
56.79810483316942
56.469401383605074
56.29739439812532
55.83076033052863
56.095660811963995
55.73945929200362
55.341460257007725
55.497826955211536
54.93574780979346
54.91159701430787
54.56369420904352
54.48072148675006
54.2389185842498
54.280532226781894
54.08052382581417
54.066068653113724
53.880055898552364
53.570636110483285
53.44713434509516
53.37143277575996
53.38055554109608
52.96445116824586
52.64862246915263
52.98923913724246
53.06860041731363
52.45166870019455
52.806283043931074
52.40347826493917
52.3228594168583
52.23817167871788
51.96877914363099
51.84321109115847
51.803197133514736
51.58033082307875
51.60475671043928
51.424963279635826
51.164346465355756
51.18041105954226
51.08060596707553
51.061782889412044
50.9752549186947
50.90192486267345
50.57369498127672
50.760714029245094
50.53127607102618
50.3884032517906
50.25107246816346
50.24641251124294
50.12732509095093
50.06218749773114
50.12140507654562
49.848415786361976
49.73044634288014
49.716981017386644
49.6372106042018
49.75676388267843
49.695801396170715
49.48693684867371
49.091290613326066
49.168667549455954
49.434324698513386
49.169216787620286
49.24261802547495
49.12825203033143
48.89190545250264
49.1923453698233
49.153157450032516
48.6776762532808
48.5885223640609
48.40763663350084
48.35302794934844
48.43296323720645
48.506754322660505
48.36487859585262
48.089415263289425
48.17277961664426
48.3543208889051
48.30902005172223
48.476078341884254
47.791648020691866
47.9886206043304
47.66338242292302
48.0175290589514
47.69488761152761
47.877321530837
47.780126095790955
47.50598225294161
47.55371953316355
47.39783468315408
47.42428875626298
47.6694367420518
47.42471122644622
47.46921861499734
47.44964053391997
47.20527856585868
47.025678025623314
47.392113089035085
47.429532150317286
47.043814668652836
47.05140638600015
46.9097517259714
46.85087498306036
46.75056580790333
46.85128733472559
46.799519940873765
46.95971226251681
46.48474840775718
46.75088539585484
46.72606126234049
46.64748218199106
46.691513876305294
46.67348325912229
46.72511416395939
46.18313282656852
46.802513991011566
46.24899195910676
46.22800970756233
46.53579906723975
46.17863622963203
46.23659981976027
46.323628710032075
46.3468663735377
46.26652336540439
45.91877283968208
46.093805980873114
45.87611962485562
46.042525656819926
46.33423468106008
46.01304311840922
46.08245848634792
46.132940182738544
46.03640564948991
45.632101793707555
45.59135485532928
46.18029482040653
45.74823443984414
45.842500205797386
45.796743960440445
45.91373986727172
45.29252963199663
45.524121332804846
45.628332030748254
45.56067946837935
45.411218490437534
45.68657495565148
45.221003669645675
45.47196083716424
45.72397544722671
45.45580695931778
45.293892934442866
45.38055104740378
45.37293262075609
45.22637334121789
45.306814242306096
45.14512116037398
45.33464994565383
45.277160934970446
45.300658993996805
45.22711183617808
45.24710848099525
45.10036031249636
45.22449126671183
45.29629210185307
45.31520653391888
45.17311464636532
45.19378066648959
44.92034120580219
44.965712960855335
44.875145804290554
44.829801800773524
44.860224429068694
44.85058286243606
45.00293471321657
44.75846532420965
44.6747506870504
44.7732378168702
44.45108286389171
44.696352539622616
44.58842050770694
44.63349580668531
44.67149807251149
44.46384928394463
44.709864296798166
44.458524669431306
44.37377057375468
44.42876718559564
44.62783974856824
44.483550902292166
44.66096352219158
44.43290100399428
44.453950022529575
44.340547068901486
44.27860754478641
44.498574032003035
44.45095759233149
44.226054133578884
44.31454909696161
44.472889490510404
44.45481239950773
44.28816922560296
44.01594385840521
44.259943803641185
44.20704257575331
44.23852047666512
43.87337275916345
43.84423730125929
43.928152874603605
44.200751746321544
44.26763340840092
43.88630209720132
44.24351507591986
44.03161415921402
43.896603808621705
43.978970354873105
43.88877087934309
43.87519328710221
43.96392527270845
43.74649182382753
44.20054165326274
43.74907527471447
43.87465736544904
43.638920125228
43.94396064335802
43.854578816439954
43.59341808310334
44.01280907926011
44.16924982401973
43.607003856943045
43.95282958441591
43.81470238778031
43.783225401697344
43.53540323583388
43.83021429595568
43.67523778197836
43.58409683960452
43.39634143483981
43.70022719578505
43.578436710377545
43.25167827534908
43.34285250357799
43.397562021574934
43.416202514961086
43.71315353377662
43.48538149533998
43.66798121864959
43.40040434623403
43.208961848429254
43.30200850504771
43.34627841908826
43.312175995055995
43.43346951432779
43.20759719018176
43.34524167729452
43.23010260692112
43.40827865877446
43.28468932878545
43.1298412473071
43.07780218006127
43.167784424242974
43.209110248322574
43.18120997635057
43.224754571834495
43.116963494917805
42.92497111305472
43.05270347475426
43.27572261753094
43.28148785658727
43.2624099108664
43.085885142208554
43.1920814139183
43.22150236539225
43.265954310723465
42.95770386120883
42.97488215301861
43.02365950857227
43.05315412816046
43.067631773069394
42.90108275732137
42.93531844672828
42.804610808287656
42.99231577536267
42.88225079017676
43.2404247897385
43.172767564530815
42.990418179939134
42.893738046675914
42.933212396949045
42.9311015673435
42.872283925758055
42.99281843551003
42.8763831859902
42.78248839452072
43.054060293377525
42.87529412195378
42.8538598960233
42.74768126686515
42.74374309128757
42.52374788716859
42.45897518164677
42.65340240674968
42.97471733747676
42.56463397197305
42.80250414931366
42.69622519777391
42.83701434929114
42.601032685102645
42.81419318116591
42.50572344142227
42.64409636170995
42.55065823437903
42.78905999677802
42.40241674422623
42.70779608776569
42.48999842925968
42.73255742374235
42.519009825385524
42.462802641951136
42.553533566262765
42.48695322194979
42.52093181645655
42.39958171980172
42.465093927779044
42.45593966064035
42.5589760281992
42.42345745767709
42.2707176487915
42.27038097106276
42.509762965527386
42.46010890939943
42.57309168670023
42.4384959455354
42.40905355968643
42.414836111658154
42.34324352037603
42.167470606725914
42.258969827653104
42.30505115086415
42.28736044917011
42.11194078448024
42.151057723402744
42.50499419603865
42.184521346329504
42.153638490808774
42.37762099989273
42.15565005004134
42.082439406993025
41.98779700852936
42.19171510714846
42.41108156940241
42.17997998871074
42.22258267229461
42.30474202308188
42.16699368213873
42.28338718432946
42.01474636543925
42.192014372667785
42.491951494170785
42.090792213883105
42.12012321970704
42.228859681675296
41.99441417915171
42.11979233558651
42.11930930298408
41.91915188622775
42.221874999524935
41.875565517451705
42.005576728703595
42.259481983616006
41.86396413314695
42.096676978231386
42.0530708411744
41.84030444538026
42.134651414005404
42.095779907332414
41.90005047017181
42.10099284940062
41.942412037611675
41.97000809745896
42.032707251125984
41.7960420777024
41.832149194915125
41.87841407572183
41.94860632753687
41.802747580381514
41.64968330756225
41.918936660379515
41.82222232542119
42.12701848254695
41.83862024757693
41.8102855582764
41.78248060416137
41.65771228335654
41.74260611811371
41.78779738537168
41.73503768778142
41.94281740273434
41.71452371019422
41.80466020814378
41.96054136388158
41.5658301354042
41.91505336962767
41.74395670261359
41.73995741670858
41.694492652064994
41.66180098655075
41.68375323040267
41.82000475269528
41.82873528119199
41.77689213862064
41.492237670017644
41.427548314249464
41.472331918784725
42.015317402593105
41.56387100626434
41.58471089447808
41.878744193228165
41.70526427866089
41.713070746851955
41.72628067404887
41.62888432811596
41.83849398164007
41.769720744086406
41.41338551589429
41.50829546955628
41.54053961225448
41.52203745627286
41.48401350295899
41.19886520656156
41.510398348484905
421.0117386076395
251.56856973762706
201.934857979321
174.1739862930186
155.35689600047277
140.93224199096824
131.29186155224014
123.0345927546208
116.53279731082928
111.20819537833074
106.3350469629622
102.88049176817958
99.30604359221832
96.54198059225831
93.86869703172057
91.45361009025315
89.59052180420927
87.69076524566508
85.89738427713434
84.38962164149889
82.40067684115243
81.50709425722619
79.76598297020988
78.53621340609706
77.66887190693053
76.50801069114146
75.51944073024876
74.62691310910932
73.91841323066195
73.12434716369536
72.60655025798053
72.17848422435748
71.07471467321027
70.32691892014861
69.89316991442756
69.06623958796307
68.78866346768548
68.08418032910801
66.9289450208379
67.08002941778203
66.51683706944844
65.6563537116044
65.7284636946738
65.28989042759714
64.72172354907605
64.00878017916233
63.82412085741729
63.49720411924827
63.04305375528211
62.785715093261686
62.26887829672024
61.93916566598466
61.6875461236366
61.1565229671038
60.93226404817213
60.62457284157305
60.32317334997384
59.93175023471176
59.470674993611254
59.276261640989055
59.3265921197974
59.247260864163835
58.46329543567996
58.18258849430961
58.29230531406587
58.003944787000506
57.6964662402361
57.20740872961927
57.16082699797252
56.821473538907725
56.93960754685502
56.099678875910016
56.31509411339156
55.79602772284834
55.759901845316286
55.7762679066743
55.56218401667581
55.21576060680773
54.94804942355275
55.12890637907585
54.985541174594104
54.495590056961525
54.553100357392886
54.32124992186757
54.06863695095309
54.1470722521126
53.64198122320737
53.313157230129264
53.53444954833491
53.089256756651665
53.39853093992877
53.291405350110985
53.00896059085231
52.72401020752268
52.5264957791971
52.65434987768988
52.49522264549762
52.113942516184366
51.95715197105085
51.912657488967774
52.26296256141782
51.70847520451509
51.584498011940205
51.307707372713956
51.3315797957439
51.1632470939696
51.343156444018646
51.18717924587263
50.678984652976624
51.31528618258018
50.654556906043524
50.80784038873114
50.37193109559923
50.58615745767332
50.14909352827536
50.440803360666614
50.15907331936957
50.344786331167164
49.91635580885729
49.80977743325186
49.7945889756924
49.668312902467434
49.83563862287332
49.57386279118153
49.596461691672054
49.102400576821736
49.59948990077671
49.31022189236505
49.69777446907602
49.24046501897053
48.97491259984005
49.02261333685767
49.09384773412341
49.018317253107035
48.73670310219543
48.88531986783428
48.872391981150415
48.666481127743246
48.54959706352358
48.553293199051225
48.313204067418006
48.44181100171352
48.245939772558295
48.06874856697549
48.23223005784593
48.00879837232467
48.05111739394931
47.92843959469758
48.06794536913737
47.85149386089718
47.759944070030656
47.84194158964656
47.78296596049322
47.7249280540412
47.446904791644
47.59407088204931
47.346831884996284
47.473587435669764
47.41639615182539
47.39989221232778
47.345853507940774
47.31845727492282
47.30290608703203
47.27782756567972
47.096471653290095
47.251712320672226
47.01468133151571
46.84618739844648
46.79607340830831
47.117809239076735
46.77102347072089
46.65756927858788
46.780149422667826
46.84198663994484
46.91170411432586
46.4648773108707
46.496918257980866
46.67323879891149
46.283821181199585
46.446859627748516
46.580889379183915
46.561558229586645
46.27196811410238
46.25190728927981
46.36349667314089
46.50723972979083
46.217755425239766
46.403691086061514
46.18332084990671
46.30222375883821
46.21187001903716
46.06810195383459
46.009452881773235
46.02075780735385
45.87389141698084
45.99715820085256
45.73650014042547
45.999311426831106
45.67114162007669
45.529307184937984
46.041144133939596
45.76964926183419
45.580440964709595
45.5125890827003
45.36848802760974
45.47560824903032
45.301457811504555
45.51662136130463
45.73737197504263
45.19872791311219
45.58712322293722
45.3576508273261
45.31390508982157
45.320982731311766
45.434264041997224
45.335886073561035
45.330984546432475
45.06303201189617
45.34048994922199
45.20250605929299
45.295471625753514
45.30820421516976
45.19858972261775
45.04846113186081
44.90774299128962
45.06194033650011
45.00427806542879
44.93971153174621
44.95838946650468
45.12966772185573
44.79206553781921
44.875854611101545
44.83461082623558
44.778045717743645
44.794942994105476
44.88396427575977
44.61835590819382
44.84253097386961
44.777453501924384
44.79568404597076
44.5370205707165
44.60760631615346
44.714899078316826
44.61581333689674
44.65587425136908
44.26445931054137
44.738926740646875
44.52347422050142
44.439485360515945
44.131244893633784
44.205652232404454
44.392101004520434
44.02470156597251
44.52890606267842
44.347363323589725
44.68245805470985
44.31624194396268
44.235939271081044
44.19626022336594
44.18712691961133
44.21847676968556
44.240047078386816
44.097375747075546
44.156440624132316
44.27436773105965
44.30080335838837
44.1127984109028
44.026261174627585
43.69561862667738
44.23855354937567
44.0705415570986
43.87425278489147
43.98825237427456
43.83212151907844
43.90121172495481
44.02134971933781
43.98386868844565
43.87107719009635
43.7999436359748
43.51182317408225
43.92570024084798
43.78448132029684
43.849264888499654
43.698094795253695
44.11114549780593
43.99015659103398
43.76764235570172
43.79165888081387
43.582211728544046
43.52806264167251
43.58320663299234
43.75387218186208
43.29274593726887
43.465038569190064
43.75365949339182
43.445796891032465
43.576744777060874
43.79527067926015
43.434763235183866
43.37171496630164
43.47296405146705
43.47786497959268
43.40403109498123
43.518045279007545
43.48931632997513
43.57632954204287
43.23171961955105
43.33332052795583
43.25695530188317
43.267214198115504
43.36336906530612
43.257414893483336
43.40635693450709
43.30595145266538
43.225808507223796
43.2600242764522
43.23575098490271
43.25115130192443
43.29938137001794
43.02259272651564
43.456440903615245
43.039844288426636
43.231749795456174
43.10092516269333
43.270792191911795
43.18726434249812
43.049600533476784
43.09256097737565
42.92437861716619
43.10762295954167
42.93158176009298
43.081104335719104
42.93851582493943
43.07494257305138
43.104026930479634
42.73604866872515
42.9474891324215
42.97687249238898
43.03222274877322
42.87647723639031
42.803895290219245
42.96809167370538
43.20275308189093
42.97300019615968
43.212357784806606
42.77319782073703
42.700216127119994
42.853498623073456
42.81360279398284
42.76133172621774
42.67093748518876
42.83206739968365
42.9485248259417
42.523121227782056
42.66098141967811
42.560682357981726
42.89544149534661
42.844340999628265
42.66151296821416
42.516811581621496
42.60502224872406
42.59514427141468
42.76759440447341
42.726908804588795
42.55528022246593
42.65378158354144
42.41033432591498
42.63341132551902
42.46963225142658
42.738931824143634
42.62949050692538
42.229697209956335
42.511143856877794
42.66043765468269
42.357679719383086
42.48932008586315
42.38559854514733
42.3986347754139
42.60494047623574
42.45315735582313
42.138246351973486
42.579513336509955
42.427705906768175
42.47280387782643
42.25373253122661
42.491812898338154
42.4638670868205
42.37936585655125
42.213390775036316
42.39487427652179
42.25684435468899
42.296066288948
42.20070353833645
42.11646812471785
42.28496695523003
42.26133897421011
42.09246116267131
42.09070742045798
42.31086410932057
42.07892431361457
42.26930148924248
42.26240059030751
42.03768261738786
42.37114971683999
42.19685881632229
42.087655711791406
42.230890347370924
42.32498238106343
42.09082141997738
42.16953348666403
42.0961410337103
41.945277149284586
41.946909982491256
41.94983935836172
42.122388344425126
41.77711915857089
42.01652730749586
42.00173878673983
41.70709742783595
41.6822476204842
41.99267109324263
41.91486736434331
42.06793577576613
42.075823238786576
41.99751302201202
42.07312513319464
41.98284757059844
42.183970562121345
42.12311516180714
41.93382955157941
41.905618726222556
41.9499409420075
41.71168667609249
41.836016018182
41.857777660243094
42.062961909343066
41.96363899238784
41.83273421254938
41.86551423282087
41.853575724805125
41.63420200588902
41.83521929023736
41.534452257198424
41.86285324965938
41.844687795729506
41.59274824167068
41.67481610187856
41.71055307905139
41.54165639773888
41.847007903722755
41.75877524696208
41.51501977166441
41.56402381431274
41.741723888872734
41.720609033334235
41.612320054419826
41.36734074923532
41.78286090376757
41.71590977415782
41.51478946238078
41.728366668094864
41.68189456622299
41.67231670284432
41.44859193755402
41.835175852042795
41.5163273207521
41.7008367294826
41.74861645329225
41.724039408394646
41.56259055067612
41.80684992271285
41.752683296867836
41.42964388300633
41.44538070378229
41.60608959854587
41.57071572956637
41.77903947492107
41.34799861617948
41.545032955277954
41.488295879321434
41.48909791375318
41.264116642304984
41.20071476998436
41.33739756771664
41.43483319333641
41.40824793185739
41.363847086736364
41.22405550297226
41.73376777703835
41.31321833943602
41.3371245277537
41.566559956693105
41.52376800941907
41.43094028877656
41.35443983804641
41.48265753729218
41.47776882204702
41.58600934000989
41.65554596912961
41.53410712287933
416.0806902367387
250.7884298315167
201.39637563989476
172.57017239297636
154.9459602795368
141.31243091676353
131.17935049051138
123.1501525093142
116.42674033888333
111.18908655407158
106.6859149218996
103.05496202306173
100.25097158151797
97.0834838036102
94.08872166686166
91.8291102421834
89.74118236404513
87.97051898727698
86.35602047843146
84.82632052037415
83.10150184750482
81.35760451149325
80.29380432982207
79.36492741521691
77.8681359429197
77.2696173197614
76.3180201814249
75.31068271134967
74.19339873826559
73.61583067119847
72.96345144964052
71.99376500563926
71.36171164551357
70.71048041532593
69.99693950722835
69.12051084979782
68.58008569835911
68.31729610643275
67.57302335487171
67.16894584142611
66.57917651385878
66.19650608007818
66.13611478121938
65.41532715571967
64.7355783803098
64.39177272629914
64.23241146402123
63.78940871280691
63.03478642108301
62.91887182402652
62.435714975866155
62.10364655281533
61.94259338387633
61.80147482570865
61.18116704820731
60.81636125744845
60.74710468673738
60.32816871857026
59.77597996503582
59.818936346612425
59.38033259058298
59.312933488517984
58.913675628893095
58.59096936698557
58.059628026118006
57.91732101325045
58.1837071668962
57.62923875891333
57.356556069333756
57.23495969454421
57.14394192102877
56.77621460048319
56.64711474817054
56.268505856132215
55.983989644963586
55.94359500747399
55.808222548939845
55.56967185688182
55.66671898184188
55.541660379090295
54.99244765082945
55.02708591393969
54.2546198934779
54.54060809668188
54.59739481128658
54.257914688257436
53.82277231126204
53.98795808294232
53.56598744366084
53.401062988141504
53.31037732809375
53.50649505292248
53.325577191765575
53.09314251218234
52.815175926462786
52.70834469185241
52.89079322941165
52.40247967110388
52.48896098630336
52.08517964854431
52.07740658168038
52.119749549186594
51.98463711695177
51.67255051209892
51.57176658048418
51.40138918375382
51.56698975335435
51.29988505194647
51.20789196901102
50.90255026108372
51.036150946800475
51.070665065672976
50.843135073148524
50.69064292144902
50.47664961827904
50.84993485355442
50.528014800228156
50.57507999103192
50.36076313884043
49.93987962252684
50.0881029821308
49.96533169736986
50.00478876785473
49.84980216932264
49.81702071993804
49.921569798203905
49.655735938626876
49.62132564419756
49.160424794371465
49.49711915813677
49.20267982246318
48.92275516481922
48.975427702761166
48.88029709632058
49.22197314589692
48.75154553909719
48.70811047428712
48.738192710496946
48.62403156266506
48.53861433479702
48.50034914412639
48.63552824044033
48.28929484620698
48.61556694906439
48.45771120346027
48.364515637580276
48.22997645573497
47.963221505685034
48.13160321709786
48.112083152526154
47.99054205140035
47.897806873478366
47.73459413789301
47.687809596125966
47.764315052586255
47.76937710999429
47.66119110536619
47.38252415579787
47.44511553214107
47.51149826447877
47.420610383300776
47.28837717922878
47.07999293641723
47.340718612424986
47.30379300637167
47.199125268058665
47.2858922495882
47.18933717147712
47.11304618733897
46.84398594365566
46.86749717391908
47.14314824218338
46.77251039655135
46.61181704897101
47.045074922705375
47.00849828028274
46.82884440818
46.63910067232297
46.55105949353745
46.722938096510454
46.630493068617234
46.26377571087353
46.35712169878919
46.56849144008751
46.311140862310225
46.43188369908411
46.324559961881825
46.20133441669258
46.37869254275684
46.17135552601376
46.049646003351036
46.22492945761384
46.08598646821726
46.14335834542623
46.192751680475254
46.21954492489486
45.791276204833345
45.75226044899291
46.06170913549825
45.874416801387596
45.91500022129583
45.81050494806297
45.71640503877001
45.600403674372075
45.67930340182504
45.58990451623325
45.49492054380865
45.555405936121566
45.56013469643996
45.626820906727545
45.43354859342145
45.53968596706468
45.5824582710007
45.47004435439723
45.42532731349775
45.1571413885473
45.295923378886954
45.094185049219014
45.49561436687911
45.272272881132515
44.94124255034932
45.10828206772242
45.17497110887966
45.175301852860485
45.275484154382085
45.13850867181477
45.17050354221805
45.27462098756796
45.003950066664125
44.83391332332547
44.79972726172813
44.84842805293635
44.89107509836564
44.88913621554669
44.69526722848169
44.89143734817077
44.679066883107666
44.93187648395445
44.65800831582818
44.90320552910964
44.61191847580013
44.8060234010319
44.83530262685505
44.72075950814201
44.7101781347707
44.84130501092633
44.69998283414435
44.88451288202257
44.53628426122888
44.72360340182901
44.18964540525423
44.598917023769054
44.54286436427594
44.37784722406049
44.22543615532631
44.270699270464554
44.33942756673386
44.174458440040816
44.62727416578646
44.341539473877084
44.23980005605083
44.466810766300625
44.02913141630607
44.18488748509868
44.177803164964
44.105346421307914
44.07848836460662
44.059021480124976
44.07395135049604
44.45076989659541
44.2324044456804
44.22167952442598
44.01207221108846
44.04047510244221
43.852157936645135
43.95527095057774
43.91156475407879
44.056289374368475
43.980786540829634
44.144042375845295
43.88842160020869
43.80343483356073
43.688344350611914
43.73281579294316
43.91089700395634
43.7461994775107
43.88626528394273
43.70995267447017
43.60385157462412
43.713008752255504
43.93832861938438
43.81063714264392
43.79181350080323
43.789872449375004
43.885743219964404
43.54077181473547
43.728523027326546
43.64333635483939
43.59919760687912
43.48395016060025
43.319701360771106
43.65860632486256
43.594694699801714
43.593025966692196
43.68008438962112
43.555243634271704
43.41900884968638
43.70485833920855
43.57028123448728
43.64818376715422
43.51200146858599
43.50351907060281
43.54672604577723
43.44181558861912
43.35134441580377
43.61947085319625
43.20550427973633
43.408349354237046
43.17461288930433
43.09323864067437
43.27443988898398
43.118088454193526
43.21048364115114
43.1784383068329
43.20209642264639
43.23454673186716
43.448251884642424
43.101555908695666
43.28994034165814
43.130771305634326
43.082590375083036
43.14331495519614
43.03204360553634
43.21968216693263
43.31524972118493
42.94808787051599
43.129211381630945
42.83296579792227
43.07772117532839
42.91371099174492
43.05377229368471
43.190522675686275
43.08778902458164
42.98152711797255
43.01756185065774
42.81808774507526
42.8339124429153
42.89549365264186
42.73977337618706
42.9851279349496
42.756194283756905
42.64960712284975
42.95563336764563
42.76631131230867
43.007431565502216
42.63367403315091
42.811265362376595
42.526953644912645
42.74344017296432
42.66977803706761
42.73783444592345
42.693005372593056
42.711997861092264
42.778876576991046
42.55553763758436
42.48151991455767
42.876225822256856
42.72331841254044
42.701300232161195
42.697057589760064
42.65419299429685
42.62853200715853
42.58822106574636
42.312645443771956
42.6505806146018
42.53878781285862
42.818437398661565
42.48098099705955
42.59734832431499
42.36846347630958
42.53498877739868
42.57455752081281
42.43127748334217
42.47352832458652
42.50811993925357
42.34167356612807
42.49641284168613
42.57573449503469
42.25917527146853
42.2947639777145
42.473436098183164
42.374098319137666
42.574280653537855
42.44759257136292
42.22283972562189
42.59007245977997
42.51719611814831
42.360507398832695
42.10615835456409
42.11301749352054
42.3251636257556
42.230790832499736
42.2759453295162
42.194694824571776
42.307430288139884
42.375246188190815
42.05953907296693
42.52227168940752
42.007275912518686
42.31101769080498
42.22344898717101
42.115769246110084
42.33872295416258
41.9990343863003
42.406859589242345
41.92151380429911
42.207045690347705
42.12366609472113
42.21776021698009
42.04700217501832
42.051133122927645
42.24237477990472
41.99565844937267
42.08860366204398
42.066482341601706
41.89959879004812
42.03279506645103
41.86856134385732
42.108884993257305
41.92995086289139
41.78920057570313
42.04129805227264
42.06764163111022
42.03921179735111
41.88335348393788
41.925608457037235
41.977559832283106
41.845174295557705
42.11427158428373
41.62604097280143
41.93090893995901
41.84867057936694
41.879037412479256
41.62903483339312
41.76410883191201
41.81484190876097
41.57082974280086
41.93091706723953
41.940198486227445
41.85052358708334
41.732457653541935
41.64908256986835
41.8505631258363
42.02303750509737
41.87807959203988
41.777331582623304
41.776291920335154
41.80034233066485
41.66580363644451
41.87634258980014
41.71764086458424
41.695526169205316
41.64791515828421
41.743942342298034
41.7016627308291
41.92463104370792
41.85111415693186
41.671511485814264
41.948396193165415
41.52070373364318
41.67080032503239
41.508035019869325
41.73898466570378
41.81687194903049
41.64818907637456
41.74217286291313
41.65283983314309
41.81330263304719
41.597795916482006
41.56669968389178
41.38768336629697
41.42413899423712
41.6500244341816
41.41756238518993
41.67467461879515
41.39594203908121
41.78811163389283
41.34513849117042
41.61926804841363
41.69939810474681
41.37614542135782
41.395033729147805
41.61989981337859
41.539371793161564
41.28197110675137
41.39509420784502
41.50439373113639
41.36197217269909
41.20131567050265
41.37976534114165
