471.77065313895866
254.967790875924
198.02925004915582
168.66672352695886
148.87023349152926
135.3952926075022
125.7643563819121
118.1973826031545
111.79889850129838
106.90361642177601
102.98196666198812
99.4107438808833
96.57503831149889
93.71829933276094
91.44107502162699
89.03639129710044
87.6562776958274
85.97660419323269
83.76899123618774
82.47933362008257
81.13529553096599
80.13215827147982
78.98577064929141
77.66274738285283
76.5805372941561
75.98185474128977
74.97190540793933
74.29146447034915
73.33944106377815
72.27528700092678
71.50530923997313
70.79454505141446
70.29448070540026
69.97443188241328
69.31701834455468
68.80812517300697
68.10069310170677
67.86523759326467
67.2800676265742
66.21255043948017
66.0846577565273
65.89257014275032
65.30950110794329
65.55117474814229
64.66722050171845
63.945607063177185
63.82959563464366
63.81446710738573
63.2626369071349
62.881091848276924
62.362422251619186
62.211808880625405
61.72822857666559
61.356069214474864
61.48912856414945
61.069591450439255
60.811749585729316
60.60015947086575
60.225535433516114
60.141849997602264
59.926218323995464
59.66138815163791
59.536424391621026
59.13218705632951
59.104040444500626
58.74683786608378
58.60807609860006
58.1891292487532
58.317619141503684
58.022863854955034
57.78852466469447
57.77086128378939
57.55709246475624
57.277418268893555
57.22400778374329
56.96509136582711
57.081112718783906
56.4590034568177
56.6195946169648
56.15732026010389
56.51135373158747
56.11519379014359
55.868010080013846
55.96621741210578
55.81664572338268
55.682022236792534
55.52684365069832
55.4545598517577
55.1372832715653
55.13672995286713
55.24662952751037
54.80583539842923
54.321775243753464
54.56035066218119
54.5765970870225
54.51660865807418
54.51064010508819
54.00202897716118
54.36423742998189
53.93790560582839
53.92830062496615
53.99696811925675
53.8816654986888
53.77691068806643
53.62409963428103
53.631865286803546
53.381341777455866
53.54770309887126
53.23013802314033
53.239718385939746
52.99612456008389
52.79600215466794
53.20819454085904
52.87401335815932
53.2485716966357
52.7980319458459
52.368893378489766
52.471473513442014
52.80633746436592
52.29297032644266
52.134131531628555
52.501897718727484
52.24020420930371
52.31289072348211
52.11669761505353
52.201190741103
51.89072203051649
52.14831988232444
52.003037318798874
51.74489201727237
51.80447280387818
51.87977186351057
52.07925501428093
51.46678858399361
51.83361681836275
51.29054642340184
51.65994742634346
51.50627367264869
51.32166044091851
51.151550202281506
51.34931293306969
50.956373103166676
50.99601833552546
51.24386820234242
51.02526980618794
50.97124128227273
51.13148953707262
51.0545462615559
50.81280685663606
50.81303272626202
50.51741499934108
50.99274965596753
50.57233668776425
50.55746328117101
50.56812499615978
50.38467901367714
50.424530206677254
50.19721478603536
50.34601404043723
50.08291579666653
50.32019963684103
50.166211008337676
50.50269238974034
50.39730743162234
50.30285790901509
50.240510104757334
49.89877593649458
50.06537695234374
49.83965662263429
49.789912287433346
49.63010943588792
49.55040854102805
49.73691350639214
49.754628274490294
49.69446709509073
49.68201152456236
49.215672863051346
49.64799084340337
49.578193438261586
49.40482936881612
49.51037323568542
49.614436463663544
49.36337486592331
49.37373537602728
49.826397856973145
49.764731113958156
49.479365304527754
49.18937547055516
49.03975810331557
49.41760526373238
49.31835981948105
48.99761217031858
49.03816955624084
49.214290417026
49.151561095992264
49.137387694437905
49.06066254182294
49.21749969235385
49.223432969786565
48.95494998197137
48.72998817006595
48.99643610663536
48.54214476150451
48.736890757453445
48.87084823846552
48.86678032039636
48.6303516604826
48.4263989755345
48.69736757612029
48.9306366223261
48.63889418503477
48.666624726687424
48.633612698598384
48.55890408041339
48.50116806305561
48.74061881229326
48.2205695398069
48.36906105067376
48.47515360771044
48.540982568292826
48.550489622944426
48.342175429263506
48.44358508594262
47.92799368037991
48.36728783830029
48.313212719224715
48.34423263791077
48.454993159418294
48.34115993848447
48.35405325287558
48.13940747428285
48.24076558081312
48.20504845966184
48.06434792752319
47.8684300464991
47.992722700450955
48.20590873243362
48.05416173694333
48.00585312415548
48.02495136303396
48.00282098635321
47.983050291793425
48.04825674209384
48.049385738366745
47.79988785044046
47.68571986096681
48.21817921808681
48.02132956986872
47.79258246431588
47.772326185150185
47.76317411632214
47.84042914986529
47.52700588214385
47.60309989841544
47.67036103264732
47.47056355578383
47.52540241342206
47.461030615874456
47.45356920921757
47.60274728866141
47.231364518201424
47.5506382278699
47.411953494255364
47.44496872924886
47.423947331428145
47.54817983714606
47.49528075240564
47.47084014678687
47.322183001680926
47.252895307517186
47.37767906398538
47.27295191711431
46.98631893839273
47.071121823004304
47.37430811475307
47.04890953393394
47.521852617634075
47.239416540045006
47.22242214573023
47.08947796468685
47.12768659429352
47.04697262715001
47.6343191976468
47.026446141244115
47.13892110201123
46.90746392220927
47.190559598046605
46.94049828990319
46.95190880075602
47.0603523358655
47.112222095973905
46.94767107456995
46.82363738758493
46.96463822874044
46.952727822305064
46.67582397772628
46.887896544578005
46.86692427665577
46.93883270717866
47.14797740055158
46.88823933165395
47.060012247462964
46.933015981304266
46.792188248896025
46.70692971393609
46.76312581664103
46.99122513219167
46.77797074760168
46.83516368844707
46.24666276255416
46.41346046355415
46.822335232291
46.47486199115179
46.439239251294396
46.54342622685436
46.46290577543589
46.6088366204918
46.740205514859305
46.760755345192166
46.71414190584106
46.36875964311035
46.48194623848371
46.395135364473404
46.5116520703112
46.51393306444982
46.510145342693235
46.24017717387913
46.6523683810163
46.29185644729477
46.34948490915722
46.42797208467906
46.56158955335614
46.50511219928149
46.10113066444684
46.260691185586154
46.39598443205176
46.22606808907391
46.4886497105946
46.45812808579895
46.12316187943006
46.0701188637207
46.44762504164619
46.23995069843199
46.4233745274504
46.05684750549685
46.22989793010246
46.37701081356124
46.54197697016101
46.41034398347421
46.205980957680026
46.22451549350462
46.11965115484888
46.38862673395055
46.246066451441294
46.05906526890009
46.21538845136017
45.97082996926183
46.19852962059378
46.15297307562672
46.020832095929315
45.90148189462484
46.023610598435894
46.02504154879156
46.201921068588426
45.93852733262494
46.01168449327731
46.101773773062284
46.16753558345239
45.88998064797111
46.08182404520736
45.913095400027814
45.80156156273745
46.035687313600675
46.15529761351627
45.8497086849384
45.86900860646066
45.616560901920735
45.834270015685554
45.48664266802779
45.930376170591536
45.88134153499573
45.914809620995285
45.62781717351903
45.891886006912365
45.725624440688044
45.749074545727936
45.72581154512625
45.92313188090074
45.7104710049366
45.73846717402897
45.54688417009389
45.93787180859001
45.743829039458156
45.68916711779353
46.00130875066493
45.70329711679221
45.91177816568583
45.94905792099956
45.691303093429106
45.74690731795368
45.451730926457174
45.77956669947748
45.927946986141535
45.45400505412533
45.689911878636835
45.663816943045084
45.598277825185725
45.61450073290529
45.91203887799213
45.471046505004935
45.73499390681975
45.45007732191618
45.492188147131614
45.51566909193363
45.48213572324421
45.36530962235207
45.475015702211344
45.69569589020464
45.535322521220294
45.207297714126966
45.45277746676918
45.35394015184652
45.47716921123379
45.42656022937671
45.379282363991344
45.581453178811074
45.5603778133016
45.382462203845584
45.38499397819214
45.55162825894506
45.338335355835795
45.48913963615569
45.25172753712694
45.389344385420536
45.09107495261659
45.202280365290676
45.400872713525494
45.377220356599494
45.42576234573351
45.29989035027469
45.52955839709373
45.334248884491956
45.22279128458689
45.336097936656415
45.364744332436395
45.3640012585443
45.07593239235728
45.27837709505695
45.485121012926044
45.41021294478724
45.04298258705568
45.15211527715886
45.03190196299116
45.29570073347445
45.36497412610827
45.341217395136304
45.33676954303543
45.29331899598924
45.304149957801776
45.11294322436005
45.31104396285611
45.181961763041684
45.16546229861328
45.30193488732499
45.01667140924793
45.10650246956299
45.18077741394639
45.230706168137004
44.96039862188946
44.95561534397333
44.966002146506725
45.358757497268364
44.94796905402334
45.03641795261168
45.05848536038313
45.22209096646512
45.1765141349297
44.985978042680635
45.03628411359713
45.02543620003991
45.01177669163073
44.99202664879392
45.09602215848848
45.244856782974516
45.026434895211274
45.12722288204198
45.1034884563993
45.178052480228864
45.02944336381424
45.14989581669794
44.98042551681322
45.03679123203382
45.16860577569091
44.89009533295221
45.35192680187704
44.93854577477605
44.73982620027118
44.96324584345238
44.8389087812286
44.896049503900464
430.95595940138264
241.61209124240654
190.07659157969232
162.10386485802556
144.51127844001886
131.46916319323108
122.48068954516418
114.30972444375006
109.00101824346984
104.34563210058494
100.30972771259793
97.21903374051202
94.34528757256399
91.80896277343771
89.4452447954518
87.48325304950754
85.70198051240311
84.08659967190422
82.49993053727461
81.0824912596719
80.00815122395483
78.66816685436437
77.52370367166455
76.42009154030457
75.64001883880044
74.40702956887058
74.37028978598954
73.18087451066754
72.3728544845115
71.82093151254867
71.16682568911611
70.29349400612082
69.76456163920714
69.31982375520764
68.84090244657213
68.25366785561991
68.0984465203153
66.95824031635632
66.64350960330522
66.75156846430973
65.91655040495688
65.46744770769608
65.0100313310922
64.75298607486691
64.18938210508934
63.79532350865388
63.46214364054098
63.037294032845146
62.780207670133294
62.59996197932025
62.36226828262683
61.780767272600436
61.511863481283044
61.53633273292292
60.970136805297805
60.90865229407004
60.61910617129832
60.196843762260144
60.20933261431949
60.00270578448179
59.77647500678099
59.33063682384344
59.2473696658515
59.03722253467658
58.66181872418021
58.44267930774201
58.46257993783476
58.33816228607992
58.05168784301382
57.95477904285522
57.36495704240076
57.3336607907849
57.36803367724074
57.00902674822884
56.91186936650448
56.677901972071844
56.49702632048415
56.24023858784431
56.040877329324964
56.45389173827348
56.245809719768445
55.6968539124531
55.82713785518605
55.36327435692461
55.51485002534363
55.20498674505425
55.34851608705621
55.22666716246915
55.09576785028148
54.924485969174974
54.898698012646584
55.041394781521745
54.74538266315752
54.56161808741698
54.40778667802848
54.178785711682956
54.16522508440415
53.93166075783427
54.16946876942379
53.86883211309979
53.86985903626264
53.99866564068511
53.43894291149175
53.732354188882255
53.41978021159194
53.645954069484745
53.46927697582856
53.4280333472059
53.18668979383262
53.434091093095404
53.34232220166226
53.14333611245438
52.69553232308047
53.06051523760278
52.41031294448531
52.52009125843683
52.59135727412329
52.220371624386374
52.46789749887629
52.34220583562731
52.44352462425526
52.34339531253772
52.18538509874908
52.22387668728327
51.92324208315758
52.0562638502071
51.81776257051002
51.51405583741853
51.501988307881746
51.693064605364555
52.03930547369861
51.46048754720319
51.67366562359323
51.36545010683462
51.477716780641295
51.205140711088355
51.55036293707529
51.274828028281696
51.2624962230144
51.2999144037488
51.37114483877994
51.05281548218847
50.94000414905681
51.01712980797036
50.94395919633424
50.87469491800381
50.95212735395877
50.86320262253561
50.765961386127486
50.60160419624714
50.61171098951973
50.77215575310774
50.4777870441234
50.78044266368638
50.35251923211103
50.33933835850829
50.395069302496516
50.434348921644855
50.138356577635456
50.405438681816285
50.43043782101877
50.16247900099
50.27441823325634
50.375282069798025
50.29071623718424
50.083093037913066
49.956257506830546
49.63415385286833
50.04654242705425
50.293022577476776
49.822580421036
49.56134458760739
49.914343381154204
49.75661825597981
49.95369630858888
49.53434787903871
49.715237544374695
49.596551190111505
49.500043309101464
49.74358836059337
49.39650056440839
49.556333848680744
49.56265518670328
49.4560563433969
49.31383895660991
49.46675932038394
49.4934405162132
49.52960015657559
49.25624561073585
49.254677775961895
49.25276110431344
49.17344651549138
49.164094804167334
49.254880211333244
49.371969935928796
48.98944426664708
48.869634866169626
49.124793622720084
48.88607843093626
48.92162004958955
48.960515766118746
48.85185126141866
49.083472314774184
48.97275309361682
48.68124200277479
48.694170388131994
48.865184239986824
48.71571121969366
48.94437508849891
48.839469304585776
48.54264255624548
48.77587804228734
48.775412356664674
48.41780153815403
48.53761636379837
48.708703573973644
48.50088062716996
48.20279781425178
48.78226829008511
48.28748100159028
48.32516799576836
48.61324156938767
48.49139412544197
48.06876255001615
48.36259576032362
48.206459656183895
48.447054412639005
48.27204841200074
48.05398696564634
48.286476147912666
47.99303087257285
48.34025500634616
48.207099254239544
48.249146399195034
48.208787895357716
48.203625546227265
47.907298100065354
47.844027052216546
48.06440296948273
48.007612612082504
48.182672050195876
47.896008189906674
48.053938544933516
47.82841494821461
47.807233371484294
47.847213821469374
48.01679689859415
47.747988007387654
47.6308291521544
47.732700879130846
47.67253416902884
47.79060496391833
47.572261191263784
47.494047861360166
47.824964460483606
47.61035335703388
47.83997905144816
47.42410835386468
47.43509047262642
47.627961397021295
47.75465104669528
47.53209371724592
47.571603000229345
47.578575746330124
47.509824518093836
47.63408738064288
47.498667174735104
47.63094885395299
47.322640013353464
47.30737785864836
47.42601997458377
47.24658013271491
47.440322712636416
47.34009246758498
47.33909123932278
47.26119513557325
47.287477111536276
47.51804841836184
47.423117671774484
47.3771990343063
47.2312252185493
47.23750050073318
47.28519412124698
47.32646705537343
47.278635217448304
47.441495872481696
47.341910630984394
47.3774658306121
47.03058168790282
47.05123580378576
47.006813930258204
46.82703325025082
46.99249124551528
47.11223832695322
47.040488429282426
47.172939741913936
46.92670888420408
46.693036787710845
46.532503565572384
47.045717584391696
47.08952475929068
46.79598238397161
46.84173559462149
46.798872187765355
47.00809951319456
46.99587114056856
46.8692041736534
46.95690284747442
46.806808757776956
46.81213927818137
46.6197718218997
46.948302512995184
46.857563933709734
46.734090889922314
46.8079370286431
46.62899850713118
46.84304708573331
46.63572649731007
46.7167307374086
46.939093328276336
46.53520721109177
46.650895404007976
46.74677420390654
46.55074964005367
46.30070258110958
46.349991557429426
46.42699843218034
46.73637266764507
46.290649182310766
46.63314748934154
46.77610250386417
46.46933988277992
46.62680336236464
46.61825424647097
46.61868837302721
46.61775035992872
46.47537400459898
46.428184246299686
46.561900128417925
46.53937552934191
46.50836339480633
46.34000305972116
46.65883325216148
46.220621155811045
46.40850445005044
46.30960129538351
46.61166896570062
46.371017698010654
46.18630301698298
46.30961413767155
46.337747933823934
46.33358679558775
46.46117418820275
46.090846551141794
46.16617250675347
46.289682475609524
46.25154577931423
46.1171999339854
46.03463678516438
46.15581416631067
46.38296400723289
45.94030685331382
46.46506267602588
46.22997511562125
46.10228874825434
46.21629942221332
45.975491875153
46.17910230320971
45.96482357762137
46.038668780914534
45.95961244751523
46.03795690909277
46.05676502335287
46.1740845556953
45.9909253198631
46.404884094116056
46.191292847060694
46.12166608613042
46.148341524803875
46.17751102803104
45.851374403116615
46.059570809949456
45.96253336019813
45.80679102668048
45.969277957601754
46.22662646720116
46.20348503924801
46.108113276922936
45.80800376645408
45.754078529313105
45.807553911970174
45.71395614065523
45.820202790498335
45.80666380945408
46.131065726718994
46.14068361385645
45.873217100154804
45.55064492642252
45.807797459654246
45.98733204814099
46.1855530150534
46.08849115520202
46.11801705378499
46.022628478143766
45.820829832584714
45.95583870852283
46.02881169813134
45.98397621494916
45.63502470544458
45.80476130292011
45.814181415643006
45.83831238795356
45.66270421650444
45.709014501523576
46.071098119699045
45.471639064159994
45.75490657903008
45.68101374111677
45.60169328323113
45.916283651494105
45.76137520847505
45.61661250262994
45.738706399914015
45.30864554435933
45.4573028421588
45.561245902280746
45.70998655477688
45.81038195299572
45.49583144543899
45.59688091890795
45.53450572786068
45.75162520308955
45.454594219989744
45.63508290685222
45.500316598124684
45.60592249414373
45.424259800508494
45.44428018096628
45.54773917114431
45.617461651128544
45.60607453916704
45.419967891692274
45.36402691395622
45.532773078965526
45.45398342702142
45.74405977734429
45.26767291673717
45.42799131915428
45.26640212445194
45.46692394815021
45.56510899171476
45.46389784324682
45.358514084485925
45.277391680824195
45.49625765174251
45.644810491334184
45.41441749350569
45.22073373325751
45.46555561652848
45.384403824077374
45.581658111451404
45.30792824391164
45.58298000314962
45.18744297474486
45.38715726794281
45.286353503653956
45.357391783821704
45.46025965043695
45.23766599475414
45.34791624902606
45.244581456210994
45.352087339350504
45.16894044546774
45.49816476419062
45.259771528732955
45.1668909411999
45.213612775744146
45.25248053425071
45.15680139703104
45.41554677516697
45.271106605146485
45.28050764117465
45.20813602921503
45.02028065593517
45.349695585295635
45.2814289650626
45.260792165607874
45.21647751429652
45.436545529604636
45.18232437823199
44.965932636282325
45.084905314556444
45.182451624874844
45.28050042516227
45.11559618172007
45.134490498706
45.237872592405424
45.22584935848455
45.03494597447838
45.06878093922929
463.89701984648804
251.2042388523954
194.660234044319
165.49223329378125
147.02447063804192
134.0356248005624
123.89309553641137
116.24449582601507
110.50093513768488
105.35883454805317
101.07963670631581
98.37544985624488
95.42652743880144
92.01574358683288
90.14949711304904
88.03802467259139
86.30039755444237
84.63356498189076
83.25567153086473
81.6728795969984
80.13361154882078
79.30124278017225
77.91502823870391
77.0729024323182
75.43593970657848
74.7023296405323
73.8192378396083
73.2040763688019
72.39678945334823
71.78375410796623
71.28735339644331
70.06695725274527
69.54058161517416
69.18404859581763
68.81112179935022
67.90655738564149
67.17810879540161
67.16626319017729
66.65255842807062
66.1290671442005
65.61671843650811
65.25313475928706
65.14902542328956
64.50832620421446
63.84283311680197
63.74925038478374
63.28989768008096
62.921038602552116
62.78587733764241
62.46082619126504
62.22160507516337
61.62567742083769
61.48985296790074
61.24056590138757
61.19751704927567
60.63207139489446
60.25290092612305
60.211844872535565
60.129978196858815
59.69729104044704
59.58792496846709
59.49631570634418
58.914139132030456
59.07774346635013
58.29061871910144
58.56348202077233
58.502768316884946
58.24324609369634
57.9349114940398
57.644420971366515
57.57792381147061
57.311255699960036
57.22429643451274
57.12797405344593
56.8919638230539
56.50155823441787
56.48686988124012
56.42580425125114
56.04609574707646
56.149460649158065
55.88469117843184
56.14253209982914
55.529512445968834
55.44978158222605
55.56619582808367
55.30234519869688
55.166262445962694
55.0118482794042
55.11112204800668
54.74825765727483
54.588850877626356
54.608318008292386
54.61268848472466
54.150652908559834
54.15499058803813
54.34076083489073
54.312450045476766
54.2087028173949
53.90750994364046
54.015666567101235
53.49464366979699
53.84517337825381
53.73777667332009
53.77703503913554
53.348513566457804
53.4767144592335
53.43882154939955
53.162897432452326
53.166692921656335
52.62952330266607
52.93947010172537
52.858729128871076
52.91067410643741
52.788855968536495
52.81709413249923
52.88690087358005
52.27451963699528
52.417632208374265
52.41982652119301
52.318145316179596
52.23797476053326
52.11459223336549
52.278193700021724
52.196728358289135
52.01743895328754
51.99992531308473
51.94735340565509
51.831149419115214
51.78882818005672
51.635771414626156
51.645481850391796
51.68944686932479
51.65521148262779
51.501751338588626
51.53490789955948
51.437864319558294
51.41842272966665
51.4361563552244
51.49381335961519
51.04344973807348
51.56181116732646
50.912272514593106
51.12721263193617
50.709006434598265
50.68125297889282
50.98473208650694
50.747182519296125
50.715035615261414
50.67552325666778
50.747883679268966
51.00663409524518
50.517037666361766
50.44277768615044
50.3148312233629
50.309651357787196
50.68006924901872
50.360031023169974
50.24673753363416
50.2403119824315
50.270523096885825
50.06430975088322
50.10410584458393
50.036999630063846
49.95421234474392
49.95774158227875
49.994604967701186
49.96590491155676
49.80015836710839
49.74701533742362
49.89871009830243
49.96033157890551
49.84016813514375
49.6993478273694
49.4361740477802
49.81479209629845
49.67196988828559
49.57229318493015
49.61167747200537
49.93817054060511
49.49876096331101
49.49488335774091
49.460317605278846
49.32027997663291
49.498126179665164
49.36975688227321
49.62135864611061
49.35186879051446
49.26888942669933
49.05275774519104
49.17893427581729
49.05349198725233
49.26543104145093
49.09361245817994
49.13715443533943
49.178895231867095
48.824465431094524
48.92079379245726
48.857360051249785
49.16220518067211
49.129786178722284
48.62634010647978
48.80808907510877
48.743602992225696
48.911542771795595
48.61881142104484
48.55438216847771
48.77304010593627
48.491869684299246
48.85158741820128
48.60913355645604
48.51856058522502
48.626075856863864
48.35514850571397
48.43543456201046
48.63124500440442
48.51155324075216
48.457602334130016
48.38376032098287
48.20695875029097
48.56077039566727
48.335823875097304
48.47322421730925
48.37238741969461
48.527004972223196
48.41627361711011
48.268111365155015
48.10263851604935
48.49800619718649
48.122215635276206
48.30109534206266
48.22003572355488
48.160107948536265
48.35929696508572
48.23240206371362
48.03085881582405
48.40765679442281
48.25737607283064
48.257322627669595
48.23053188264779
48.031027754202185
47.791104561236025
47.889757567891834
47.90940382299985
48.07318964542127
47.86211424694325
48.091812926355864
47.881811830514614
47.85536597969307
47.79144619888549
47.41747273928372
47.61566752041284
47.62974958212011
47.68637104318775
47.88871396235024
47.57259154930681
47.49071347872191
47.35322650107635
47.28531255766535
47.69248755202548
47.61852800417698
47.44403162065881
47.69500426820033
47.37651506125836
47.518489148184024
47.46667578796337
47.46674388883289
47.50011171296438
47.40976764849015
47.39857268433787
47.35210121988949
47.13856730770246
47.56567557183359
47.21223054308487
47.52669998560879
47.26037241434997
47.32145687082869
47.31204440091477
47.380206016345504
47.623552884230776
47.29382904959581
47.25636998956696
47.35172117912339
47.02480564379644
47.04602704224528
47.23850459044599
47.382810305003545
47.350727000055016
47.17416849753411
47.10168381413043
47.10242250605806
47.09315774944637
47.16260000867557
47.24888548349386
47.08798965253515
46.85797515865671
47.01224536777486
47.05307706624598
47.10891650129654
46.97497724289688
47.21402889161917
46.87030301591925
47.05783656388352
47.262143894046
46.77804105180445
46.797249133120104
46.71709653981537
47.09352351220713
47.065742246647254
47.01070465630548
46.64257476167318
46.802577471121275
46.74833900982659
46.75291178303861
46.65001104047043
46.57039737242649
46.59497038974342
46.81904742544556
46.75489642292126
46.766853909648866
46.81941118258492
46.760193250656954
46.70288761421259
46.562826681736134
46.85502744450239
46.59846661639668
46.57481417239373
46.61125755843326
46.6524397179019
46.45030062350153
46.621718707179575
46.710641100009425
46.5855436508402
46.436833562217274
46.66521612568249
46.2361625707961
46.687364028373146
46.54596654547354
46.443664197725454
46.389694620932865
46.23139565587255
46.35789255241989
46.521360753614225
46.507066635587684
46.50183430578438
46.44482924758448
46.361726080034025
46.419393040206856
46.114314302620215
46.339776014168585
46.27628687982749
46.367017826194726
46.183335314007635
45.973713185266455
46.22297846413374
46.18112435195635
46.289686772183806
46.29654876836448
46.038539819350575
46.3137375313684
46.07153865643572
46.259190560989786
46.378367203115154
46.33363220096918
46.27208029729069
46.271633555097104
46.04098083170026
46.13793727783672
45.962701019024514
46.03416974548196
46.1647650264832
46.200060513888936
45.7563942855435
45.97640823673012
45.94126619088629
46.012708787222
45.91395829198954
46.19611275190601
46.228174093515946
46.02151186186006
46.174021892708396
46.03919963242421
46.105095278907754
45.97438719478161
45.92536903323702
45.944061127271596
45.80398733682921
45.799030807355976
45.96629658416669
45.87107086771328
46.02001586916795
45.8586552151267
45.69449722776751
46.031914424313584
45.9209400469721
45.956288761260815
46.0303994080546
45.78144111721414
45.9177611115448
45.93714583876425
45.799159994749616
45.61492082638703
46.013679685977735
45.890369575472604
45.60938092281104
45.67011203121486
45.8188971142054
45.70336419498824
45.985661207543984
45.86340273809678
45.67436761892324
45.66538370956116
45.84350640568814
45.957651142398774
45.86306619878735
45.6003157800574
45.49774115920167
45.73880896446249
45.48429322906097
45.767774961833446
45.736060896769764
45.61834785711379
45.61814154948528
45.59325941546423
45.571720585767274
45.77948457177658
45.697008197477146
45.54668077838538
45.54332225083576
45.490820590915845
45.412057896277545
45.60832813197528
45.6609898946247
45.397054643675446
45.579816733389045
45.60623718103279
45.5024500722199
45.47907275768428
45.59687106542867
45.4400638113377
45.43136872156777
45.54304179045783
45.33244101987169
45.47016381858703
45.56488263911665
45.351887157793335
45.537928158495085
45.57668391416738
45.27006999958863
45.539759988686356
45.174246286813975
45.36595106277604
45.44044337732625
45.766276764525216
45.576709191101685
45.54892417098202
45.27009124466422
45.57177304482435
45.435158993641146
45.48115155638931
45.315238824951514
45.32449060683608
45.22413051486444
45.59700211464083
45.32335035529199
45.344427976957306
45.269868522932114
45.23400882095647
45.1439685617173
45.24701162464629
45.250190493422934
45.31467642893365
45.29678845924622
45.48309610750121
45.23044917984702
45.47766063916351
45.09945476940684
45.27296072668936
45.06684369579042
45.08014455196035
45.31537981301702
45.34763335931525
45.217924166336765
45.268098022359204
45.169885419890896
45.084773547770986
44.986838362453405
45.3435563382887
45.05133167274951
44.87258707465099
45.21904720429557
45.11331169224213
45.431113715113874
45.10145418527851
45.20964588243385
44.895806282078865
45.19269901881022
45.07051633360377
44.87375394770748
45.13418505528058
45.109712328157165
