528.3396822473792
254.23172423894388
198.02292665983543
170.106818370968
151.20154597261092
136.96898606616847
126.90219177924004
119.12339910579587
113.19177633458183
108.10642530857467
104.16556386924493
100.73398471177185
97.69008096547485
95.42705150197702
92.91749316627514
91.32412987023773
89.77411456436023
88.45835510005178
86.60449240957296
85.34066672805315
84.47600461871319
83.9473992921687
82.24561936006353
81.30763216355105
80.12843862490845
79.77784208053197
78.97649269719841
78.32763091645832
77.21994472141563
76.98253945287644
76.2260203658703
75.00199954029164
74.91568549814721
74.786994020274
74.16201503808641
73.90796948619305
73.32816952458607
73.2195702226807
72.59208190885198
71.79978140765357
71.72223533503788
71.2790630153424
71.06885549720617
70.44918539568805
70.29453551728889
70.08900699485059
69.67794985767303
69.62734499415913
69.07912750270815
68.91901715464145
68.10366972193447
67.78878749862288
67.58359120381937
67.67692477425562
67.4233558012009
67.44428236740416
67.12201672236283
66.36141481028739
66.43188645848227
66.5384721835533
66.04963606679331
65.75455201336433
65.63307023118024
66.0211324112412
65.28761989054888
65.435989649256
65.3445578038174
64.70330977354882
64.4355935859594
64.5755327389065
64.21510774167267
64.15272159336584
63.7030742994618
63.87705461511163
63.44305216432802
63.67924291718458
63.3095160366363
62.84596471636223
63.08201469089108
62.625371003566855
62.633552528297166
62.33985377125815
62.196886096292765
62.1419499889999
62.30569663725517
61.97028614126501
62.0382721311473
61.97968176241126
61.69041700552431
61.42397827751659
61.495985248469886
61.46494517405981
61.02397160636503
60.770144790735245
61.17071662849431
61.06124213920874
60.684035291560456
61.06214080271623
60.67823309964648
60.61597251568065
60.42080147932686
60.160365398931944
60.10286829570552
60.110661132729774
59.82798174739987
60.09239103691116
59.717703436751044
59.50791853943005
59.6252773588267
59.570782272044504
59.448055967634986
59.421982316758694
59.35277029582622
59.30310279800545
59.329319472316726
58.87431240397854
58.94434734768784
58.85459325653294
58.83745728106493
58.64077630176032
58.656237924689385
58.694011768283296
58.45476266574028
58.327830567484185
58.263724980168384
58.37267505245065
58.488091211202914
58.330579474173014
58.11363386328063
57.77732342240303
57.83122426501922
57.879612787265096
57.751289892940726
57.96824940828442
57.92686631661502
57.727788729573476
57.84851670747236
57.79090417084438
57.35535428748341
57.42815172626553
57.14396114824999
57.18840178859837
57.241261915997875
57.33906261678509
57.01811651877986
56.79184224120833
56.9951402977927
57.33685758326574
57.02946054556616
57.32640440061288
56.67413061554559
56.85737616347026
56.40219204462176
56.90858235653334
56.50375281094817
56.76200024860363
56.597453230517324
56.23396103203775
56.438807058910996
56.205107145213674
56.277109180925514
56.58383514778457
56.38364271014233
56.48725637084675
56.18946789406219
56.035142462368405
55.92503753424118
56.24964210867757
56.18045625413951
55.89842687317226
55.811846711206904
55.80016312664183
55.60807828113443
55.603493125652726
55.57992352028562
55.77492389556562
55.749530396935654
55.185064084858496
55.67853527460211
55.55691900070133
55.44267352505288
55.4586503537915
55.4508827910524
55.6928910062028
55.08020557867837
55.564003674924415
55.137131987772165
55.02770297280827
55.31611511326369
55.18911352477924
54.92329848088645
54.94547172747903
55.28838891887046
54.974705853245865
54.74078228234378
54.95706729066499
54.81895088147957
54.928751104532566
55.06349337484584
54.96064840985101
55.125796689223534
54.99847974785251
54.8879412535349
54.42213995435508
54.365100698639154
55.198072790273805
54.71792149293489
54.648544173772315
54.498899574691116
54.70842013118832
54.24816487389796
54.30363986968166
54.36070285790274
54.53132464360745
54.07315246995841
54.51728941196259
53.84282146525636
54.338578418343054
54.563186302522
54.20920827877129
53.927144526229945
54.27236821912821
54.15870612732663
53.97783442046755
54.29074228660629
54.03798909082541
54.21181668689986
54.03596612351402
54.10662141166278
53.990934375511365
54.05814235080028
53.83326418260368
53.774621949117254
54.08935786182244
54.09652720314709
53.93220828229763
53.84356343852947
53.80963425428276
53.7895599090434
53.51275091328427
53.50217496506813
53.6264577205926
53.6280570131574
53.53849352718507
53.48029937126244
53.36900344931553
53.49662767558786
53.16227338602363
53.58973224327113
53.3526547073212
53.50603435694798
53.500063121281336
53.29488138346306
53.42239695005527
53.10759092055692
53.02828022517267
53.17409560796227
53.437499179388254
53.194511375844044
53.49211668650803
53.2651592178368
53.15956350183975
53.121701709667434
53.162843701792845
53.280453407750045
53.221031339684366
52.91847648761523
53.165047006943354
53.160228602725354
53.008422996793385
52.947963836455344
52.65684683941943
52.979950640246095
52.958315127355604
52.945262065503336
52.48168250870338
52.53091924049822
52.60618456731908
52.94075645527926
53.12911986870952
52.864238656962705
52.96454108863583
52.97406729162675
52.51439487771879
52.62387291618762
52.59592645623966
52.54488464333619
52.70234749610791
52.429011743607354
52.77454870381173
52.42586675457588
52.59996921998913
52.17868978658963
52.697241423705634
52.67684922126352
52.27569926943266
52.63821958503951
52.849047199616436
52.40266883206554
52.60434965825439
52.67038901709315
52.391477012682266
52.103992360633846
52.42136619151948
52.2928248760268
52.29424250121557
52.07428296873538
52.38167986850818
52.33114609990789
52.07089906745531
51.95573467560609
52.14120060739294
52.11019347026296
52.29343786901899
52.379945336625795
52.24652158919349
51.97367005448935
51.801929849945935
51.96408759047735
52.03347534387383
52.039810167593
52.03849098985348
51.85665776200706
51.96964360687265
51.90251693092074
52.05750629236817
52.074278094717556
51.83466332114826
51.58371404232758
51.836828491157604
51.94129316563954
51.73728523393697
51.96271270112974
51.77822581185376
51.62715886870674
51.59549604889467
52.00422771381989
52.05560965446352
51.96290819971468
51.73413248671532
51.85789748865417
51.94458065507994
51.88159123657216
51.716492113561024
51.76718266887796
51.59850704268332
51.81586694829541
51.74034169587533
51.620336180601925
51.55071914931278
51.289559761160156
51.63841871151139
51.40438377736703
51.88698559919616
51.79309119414591
51.42253271214579
51.46776043984383
51.58815960939854
51.66614404330009
51.34998777784245
51.663095095145266
51.76910370279912
51.366763301667405
51.79660499954898
51.61919857059545
51.444982007623
51.31084593127549
51.291217864271104
51.19113321477293
51.03176177758999
51.161900305434564
51.6255216846365
51.17252556228124
51.37712641922051
51.20864301140609
51.36604919591255
51.25499949862729
51.34605708392947
51.12839111909532
51.2238132248549
51.25695323835821
51.32660778326842
51.02691169907665
51.387246906694074
51.12836942439178
51.30334760241929
51.08209666347309
51.08205372596451
51.1802202765758
50.92589619984779
51.10740491527817
50.88681520616707
50.929113769622084
51.1158648767339
51.1212667749996
51.10699337018241
50.948219743245
50.874540872148046
51.10224934866024
51.06688773845413
51.14933089878917
50.935737061571466
50.99435393791864
50.98580650486123
50.889443084359286
50.66603772124239
50.87688359475932
50.87173732700936
50.739427239373676
50.70189981129993
50.83022699686308
50.9709071180284
50.79836074223036
50.699473128104934
51.021183112469046
50.77879749703948
50.65395875071907
50.615313394603795
50.67715147631216
50.87449562589554
50.64524685868094
50.61364630875857
50.580156598464484
50.75347185904896
50.82018980158007
50.65603080565143
50.84203942494039
51.089164438816184
50.6333637565075
50.65183093564279
50.85931754238915
50.513859936243186
50.7983444090712
50.522086401746044
50.51338667239849
50.822721337745016
50.40860882342473
50.61031002278768
50.79709500488083
50.436187106386036
50.64347963034069
50.53676823026124
50.25669202580279
50.74964785285404
50.56552397059148
50.405181027910984
50.737743644987525
50.405932866328854
50.62410445217383
50.59383758002817
50.28891859777005
50.272879785973544
50.47089500832979
50.54387219834856
50.49242014920623
50.14286027366905
50.29254564797021
50.34805746583867
50.58230198341057
50.207565788662095
50.242516796655295
50.20058501031279
50.05709035526737
50.35345097602499
50.417748532888716
50.13200768547951
50.370700195404616
50.34984776385982
50.37910169814276
50.592407895595706
50.070392186367584
50.52962319446329
50.38064742038868
50.16921167595401
50.34008390423087
50.13532517354342
50.139485601977164
50.35362946178854
50.370381097752485
50.27246307827498
49.98308240435452
49.991692566234306
50.208238191183554
50.53069684893847
50.154015858241756
50.24290697145835
50.41251539485944
50.33195319217486
50.41237381226681
50.164270813285384
50.37808164106609
50.405247971068896
50.16320921509906
49.94464560761992
50.00493959565074
49.920956708841146
49.986056359251926
49.85910206988435
49.656025635496846
50.20222075691853
538.6528163441928
256.56281030859765
200.17332693738817
171.08786933046574
151.7363984261943
137.1543433991297
127.88539761517158
119.91690131699102
113.72751449014397
108.56131227109505
104.39641680905385
101.18997524865678
97.8593252798352
95.63315865115217
93.71991699406301
91.26003359596984
89.73288076564413
88.16094819165917
86.65627322620239
85.39441020146309
83.84664768559006
83.1022945385075
81.60980281161984
80.55370231713103
80.10943019878972
78.94639209628507
78.27141896574291
77.82026414506998
77.22584118620831
76.52757250805516
76.1482854681572
75.77690804532568
74.89384933357974
74.4345577841147
73.93122893702007
73.31671675001324
73.33088422618292
72.7449901900652
71.38740001134965
71.85193690064024
71.37179986381494
70.68479482665089
70.81164353522112
70.34891127140597
70.022989374838
69.34161749674603
69.51056061177533
68.99198399219675
68.75857902918379
68.4811153774482
68.28785408126127
67.88166693242874
67.89284992061953
67.22327815915953
67.1427724542916
66.79203590829218
66.60659116895258
66.17559031598964
65.96191373096251
65.84871100325036
66.04723183424765
65.84150640363212
65.14611714136689
65.04608346997591
65.18170184785
64.894633308531
64.36842749868504
64.13507509405069
64.3952207372737
64.03248493997984
64.18830125650696
63.44887555790902
63.564826318421474
63.12906852594739
63.33079738727018
63.265731712749464
63.09334165799801
62.937346140134025
62.33468770356332
62.76264571288525
62.47512281315668
62.22575714877067
62.34479199104413
62.06314886112502
61.83277304650327
61.85888075552638
61.5927369177213
61.39595631798477
61.61258926382807
61.019287092495794
61.381811933705976
61.374635231226726
61.01622084683341
61.04917389297914
60.64108621708614
60.90676558116624
60.76721276340275
60.45551861122471
60.099641807654045
60.178623309820594
60.63803365708386
59.913783212896774
59.93589978930753
59.54169989349435
59.691605003960944
59.68719038809236
59.62650806457029
59.569397107634344
59.06152398027815
59.68714786676878
59.14761841475021
59.375764157669984
58.86312224619105
58.8730511652641
58.64946151994723
59.03501010152034
58.706843516972086
58.96284405463791
58.48415945462243
58.32571769893201
58.41625798200284
58.217877069527944
58.41756287583391
58.265289838277674
58.25250824405463
57.78828081626952
58.218354843141924
57.91649130803683
58.26935919880841
58.12782650383633
57.75262624533892
57.75969701164391
57.96284001597319
57.90484257796
57.354687407120096
57.694838380021885
57.742285565755665
57.503587556923094
57.50247805593249
57.365368903033456
57.27352965190055
57.255627890419376
57.020638948297034
56.933515237418675
57.0738623132784
56.87344043768269
56.71119613379008
56.61100422158655
56.84088116931912
56.897089041056674
56.73561961460653
56.579431186784745
56.52333230280165
56.58397140444682
56.295583630951306
56.49087690735543
56.2821779689744
56.25031985670629
56.18386969120359
56.18886500231361
56.07753918433384
56.09392745346379
56.173720579877376
56.21421151186986
56.030706554835774
56.194575633309505
55.82834370127129
55.88906184725346
55.82025316943196
56.03929771443905
55.632706554098384
55.49476664261943
55.72766100257685
55.672227037361935
55.768909847326874
55.39767345448292
55.37832778303766
55.50480517736127
55.15227691437263
55.52378598240411
55.395458778699606
55.322078344309894
55.240118979114015
55.20731691066201
55.311342715478816
55.277332408395786
55.01093041219455
55.30319001354758
55.13260725435847
55.10163613671982
55.220240685578595
54.96563309567041
54.95380975135001
54.933162709722374
54.79083325039799
54.91304684724495
54.6418314247115
54.9280050313669
54.633256426289684
54.52993730331013
54.929986672223166
54.679589209762845
54.59538556293214
54.22550166158815
54.321876585346665
54.5031516576288
54.17995661643723
54.39391886402608
54.74776854336936
54.08070750797257
54.64344948790032
54.375204081264506
54.272924393418364
54.28587333349987
54.31125078518305
54.05567695019767
54.310216287361285
53.90721748852156
54.20285700808585
54.11611178023633
54.24678935813491
54.04209626684775
54.02163702061361
54.064875365356365
53.782071313981156
54.05256718054989
53.971737056791696
53.79427822753058
53.98501275271159
54.003046747013414
53.66783587450251
53.98853371639596
54.063459202301225
53.69639637725485
53.59445134032669
53.795187199189776
53.54360723370527
53.79307789825641
53.797556769829946
53.78459314587721
53.3885917919961
53.412261774358754
53.768434494507865
53.50557341825345
53.56814034160595
53.22728072768777
53.66780206904185
53.34442201300064
53.40677985594044
52.88294061396093
53.02513193474225
53.14400327710427
52.881091008165036
53.600552490963366
53.29455532058025
53.4737666232009
53.19497022769739
53.14280573413665
53.08599208540448
53.05422404220863
53.12506230864369
53.310137571694916
53.1016890493852
53.216111356715054
53.19801823888424
53.25363636161688
53.14485640998375
52.954902500587416
52.880478637384066
53.15810946042374
53.07320018190474
52.72580160550432
52.83908379987308
52.602670833368556
52.94652579997992
53.011982984372075
52.884611205932735
52.830340579667116
52.70784492663485
52.28630781805276
52.872866418480825
52.63136207544159
52.61295338282406
52.612916275057025
53.05643444587018
52.9298700415114
52.622239251441556
52.66090751683095
52.56304745536578
52.50039665625045
52.422428737203205
52.81196169646901
52.17543269748686
52.27951041104347
52.667019172767404
52.399506475717885
52.40682822073005
52.77706585651443
52.40082787418698
52.19352636959549
52.37977408628095
52.3532361606321
52.310494632961394
52.37441769536891
52.493588141038565
52.41927345893949
51.994779934990795
52.319863956493265
52.17362968515497
52.3201620015576
52.25723172078083
52.18556431409973
52.34184220306211
52.26302736522635
51.96899326880846
51.96801313227902
52.14270293248904
52.08550114078518
52.31357358323739
51.932034303376625
52.50074273642978
51.79427839883079
52.201743547907995
51.89721503419479
52.226718688039796
51.954999308986565
52.09431683914885
51.84538852770893
51.98520208041142
52.15689207889476
51.755954253381866
51.888002730335835
51.9007850723428
52.18567872164162
52.0471343799962
51.65512373661845
51.805810084970396
51.99270971549927
51.90382477993919
51.76663255460592
51.57517554937154
51.98555308135577
52.11559459037398
51.84000272326025
52.10931656324616
51.76227159668534
51.50924328544309
51.84290328153175
51.683826723559456
51.551473823821375
51.51479005857694
51.76189375139429
52.00515719179068
51.430642672230704
51.73841744174471
51.54999448981644
51.66478215588058
51.61595703637229
51.564787457730866
51.46551355780032
51.55510713427845
51.290450404870725
51.77427412618943
51.67863158900216
51.32323650374757
51.654693143288085
51.289944393243765
51.36004218338249
51.24605580168268
51.820000787095246
51.53169442854494
51.16098880314075
51.312572431769404
51.51019661859996
51.26597790494701
51.36407434808421
51.190545064023596
51.378118522224085
51.47447369215389
51.290967648329584
51.138369497572185
51.37728227875748
51.29987957484664
51.32081421682614
50.99908514411209
51.398177175981026
51.31048156002916
51.15008829921033
50.949029761540146
51.28849788312742
51.02173433192719
51.13654502441224
50.90371673285863
50.99734469555853
51.14681427839873
51.11618907092085
50.927295712995544
50.88391291888205
51.25724778516045
50.90784132993329
51.34328468222411
51.16808401526904
50.91173031962893
51.2938275235514
51.10623074403614
51.010456623211454
50.933191310171175
51.09753838861622
50.926726469934934
51.06437230924535
50.92643876085809
50.81199058619018
50.77585212358256
50.75533356808682
51.09899547704312
50.724073965275224
50.86047721242735
50.824112727980385
50.53572679178023
50.60492681102209
50.82298239744457
50.75013369638313
50.891401110159066
50.871112166102165
50.782363312225165
50.78434578892453
50.62515455345578
51.18528275920967
50.78093579577057
50.73732762219246
50.76600705333126
50.57290194845221
50.50912348604393
50.59172348873697
50.54720358357277
50.89448357025105
50.89753377229154
50.758367131533745
50.730397731798
50.62672384860669
50.403654861692736
50.49542276138293
50.28930793204025
50.72290078652619
50.661259264159305
50.395079941720134
50.55842177416547
50.42580209890113
50.51866677432732
50.539730766676605
50.522010967403126
50.34814363329649
50.42081947566507
50.671159393282075
50.76790452571821
50.461641902322164
50.21814259216729
50.6975532525836
50.54177367604513
50.44226302141841
50.485230455262624
50.403709261421085
50.70688863639697
50.2621813580414
50.6501078007514
50.427644636169546
50.41386544761025
50.41036306092969
50.67957759419218
50.23678966146497
50.64713491974115
50.670821110266004
50.17175655185523
50.26718508990821
50.44997661828749
50.25685318419248
50.533213795385905
49.9518075589064
50.26531542322863
50.180113293635145
50.268222905883285
50.20498541098406
49.89580896348329
50.20673325833219
50.24940999327374
50.01810907169761
50.09637499781054
49.97758275910476
50.54680348775435
50.19846831873699
50.024696263277164
50.378573745720395
50.36676806542769
50.172605522024924
50.066493962159946
50.396504910565596
50.22794952319516
50.23160455301139
50.35594211627882
50.27956416999707
538.4065056572364
257.4139140602364
199.8704930258555
169.11288905044393
150.80472978465212
137.25356529539448
127.31896894346384
119.74193377637692
113.56259273163168
108.48344122371914
104.6712988890044
101.38099962366903
98.9171393863612
96.18329183366752
93.3192199811997
91.60274646288664
89.85501095984411
88.38648796338008
87.12996675260433
85.63669299890529
84.19651275551796
83.01421548216402
81.9598640241601
81.37683242458272
80.21314902268828
79.95763040738787
79.20475088997483
78.2324259433259
77.24982312858732
76.82066051616829
76.27374857498813
75.59507764622467
74.97645561610601
74.62104139232639
73.9704332302378
73.30967195317714
72.97210244493142
72.82653988689134
72.41988346423388
71.97815581771074
71.31176305591605
71.09569434162842
70.90315283080703
70.63174305165796
70.16032967094336
69.77041908439037
69.74564687764922
69.47936074491585
68.74596302264227
68.55855867026771
68.52972972162495
67.95208202623276
67.76449813237791
67.93273673118745
67.43152823190856
67.27926583388951
66.99815369321878
66.63659519175397
66.25512254156966
66.2339604875139
65.8896439620963
66.08332305089938
65.62020240825336
65.41264448840144
64.90822015117445
64.73943691202383
65.04824510067765
64.54933904330834
64.37673997164472
64.48469116406761
64.12351795310349
63.927241549462615
63.985937532097545
63.52686775902512
63.377399744000044
63.361825732956284
63.34788096582913
63.04146129875952
63.22382126392307
63.20915364518156
62.705640349689126
62.722703567239535
61.946245765104855
62.20053933610737
62.36865441806234
62.24625381438225
61.515340159498145
61.898045137258144
61.53644990220409
61.47729449690606
61.306510599067614
61.265945101503725
61.50945047028897
61.24712612130767
60.92451554568556
60.8405153698636
60.86977296964746
60.66893800786693
60.79880396238525
60.38733109458479
60.13732317741101
60.29576422781367
60.41816104765695
59.93440565518349
60.0303052823804
59.47609449628663
60.011331295257364
59.62938754840606
59.577595500637756
59.3390534348001
59.50759106961018
59.52132425029595
59.31934508233802
59.19131965240794
59.000414896230374
59.16757878143992
59.0643732559151
59.1371670721552
58.99817207796378
58.46244835906956
58.79771786114618
58.772505694805474
58.62218602363143
58.59294909213774
58.56441053891576
58.56234100259233
58.28079890096631
58.34123268569405
57.83799214847063
58.21883390764109
57.90195372055001
57.63678798686841
57.73310213595669
57.66250499657623
58.130655876626555
57.45704488182049
57.428601712882546
57.63668171458417
57.58423173553194
57.27507949974138
57.189328411330216
57.26900041622247
57.11218524723657
57.34352933672834
57.407155119102704
56.99995131677448
56.90170215499484
56.83612895118551
57.04425255469951
56.950567198769406
57.02989706903393
56.83196179638017
56.70709364923401
56.5236156711709
56.52878533416398
56.64589502554852
56.48941199474448
56.341045945870256
56.210670642693955
56.28752895720529
56.42361536942877
56.207864616399334
55.76814898042759
56.145766652199406
56.214493856306156
55.99421401177547
56.20387675790554
56.05189127617091
56.13808448115947
55.89385918515358
55.698276602173905
55.905671836919176
55.532355891048375
55.476453371357664
55.89700785344918
55.797075448401664
55.583546221110765
55.64471522826949
55.33532161062648
55.71339747242752
55.58097630860542
55.22239048708057
55.32432571722664
55.647969398153606
55.115531334723634
55.363171136866754
55.313663669170225
55.23712475444266
55.32647560909575
55.174179822065845
55.02971177456136
55.127818901745854
55.28542575695428
55.2878828097442
55.19319309217515
55.288253644476725
54.821031879187906
54.684669435065054
55.19463418322515
54.854062957031424
55.00356818338096
54.743946627050704
54.76264875083941
54.53030050514538
54.701720409507665
54.42070159312854
54.624451607488005
54.57996799534906
54.55187555018013
54.62376809826893
54.27982117123798
54.46040211110662
54.59849173131318
54.57309747689087
54.3699804022975
53.907223951814835
54.20682874674027
54.20107494319303
54.28045973863099
54.10063516323094
53.7519612852438
53.9784818316235
54.161766668836414
54.14010188734195
54.1697581491314
54.04212465675008
54.21258203288705
54.240323951923465
54.03093486539977
53.8385901105336
53.60206048993164
53.788478135711586
53.86356519196764
53.77034143815406
53.66729196658185
53.87129036649984
53.67127879327633
53.851157959719266
53.60230314109221
53.98640534913277
53.56412331728352
53.675828619060354
53.78759600364301
53.47142413960095
53.77977972892999
53.62857337548646
53.54996302836755
53.69867208415022
53.54650064909238
53.57303798654294
53.04121336111288
53.56442059805326
53.61582614337059
53.41153151558706
53.21039290782682
53.22977028518974
53.31386581515173
53.201794572249554
53.69386414316671
53.41725762700124
53.417505452816734
53.43299680026744
53.0571576219908
53.2639146824791
53.00121934841322
53.23308512391104
52.962724819328585
52.98189375561922
52.95045912690514
53.37738520533816
53.18247666056289
53.250084313663685
52.923387590653356
53.01424288681705
52.76879966078357
52.7878620378708
52.81368277630092
52.92575019883396
52.835144327089964
53.21391761247347
52.806249341766204
52.59356286302295
52.56145385894173
52.68224953739424
52.784520452116226
52.54631867575486
52.719374930217086
52.59022076587326
52.57612581034151
52.742811591988655
52.809726789327584
52.609117629239144
52.86372997905632
52.7214121437092
52.84449568073318
52.289048519182884
52.63654005883014
52.4688483084113
52.454397496719686
52.34613333361122
52.116209488096935
52.51359388009058
52.42525336023759
52.52918588478471
52.58837183008967
52.57773437849924
52.488395343415036
52.584901319668845
52.4047337975908
52.57458171936681
52.289691563497534
52.53826338551083
52.534220298935786
52.461753967556454
52.26367798101221
52.45653645169313
52.202761296774376
52.31615621934913
51.979418772065266
51.97851095563619
52.051923015096044
52.07489752035268
52.160711687275565
52.058771503335834
52.03784177716365
52.007200448752954
52.25490331572926
51.91134143631269
52.209196960090715
51.87589762215645
52.04012208209489
51.97610268397263
51.94905877742004
52.14318605688223
51.977237876443795
51.78002577258756
51.946126829590945
51.76663249296379
51.982198698187865
51.76116848296771
51.94073654383519
52.042680179100124
51.945845075748004
51.86160220404278
52.02692540793425
51.72528310484771
51.75958086472069
51.67605477595776
51.70745711281624
51.855462298868375
51.84622566324845
51.537644372909206
51.92555783580629
51.601121181629125
51.90994554701736
51.7131266000933
51.608216543908256
51.31260078727353
51.580090857436666
51.30367231509606
51.59810772680994
51.50385699026166
51.46606722497399
51.701097807701075
51.46246723070757
51.29637121731868
51.61079812948631
51.47524057317348
51.65622781536613
51.39800640367851
51.347844736204955
51.45984862150121
51.58093138270314
51.16676817003797
51.44431676600444
51.15533348883824
51.56135540353892
51.32487476764402
51.486693592822064
51.176829879565446
51.38214238624948
51.436648755906276
51.31718425604455
51.29899327378292
51.375509881036
51.235253318177364
51.2757688880728
51.29318174966487
50.977995731736584
51.00181247657108
51.08110836211014
51.14473318120762
51.149224538690746
51.19719214389985
51.05684290246042
51.55739656963546
51.28845366604667
51.15155838021745
50.97276558562198
50.97987271461647
51.111805232213854
51.0373135198891
50.932546224190695
50.89227916000928
50.94487218731095
51.06170959742155
50.745701646371316
51.24774742831458
50.863911324846086
51.2641208074701
51.044298363740324
50.883301413466945
51.225695651244465
50.95783765075349
51.23593173016994
50.69475279766528
50.982237753827576
50.98982903019898
51.03540606512581
50.82450330615918
50.851602730639236
51.14608891200932
50.780682053987206
50.96271583516808
50.802240569655595
50.61407523827542
50.89800295815588
50.53289133694579
50.86510855017205
50.8201887006544
50.74803519227043
50.82992613688224
50.89706007483559
50.75010848614614
50.74143989192537
50.74001093236086
50.88028608279954
50.635402560235
50.976507972477684
50.588293774770264
50.62469542604495
50.54891443073207
50.71611193816361
50.56107389599551
50.51645714630495
50.49605788178752
50.461046046078636
50.8076885689733
50.77154205674155
50.74835555523323
50.474678047919035
50.478744654337426
50.51894187592598
50.93255769609604
50.70682925364974
50.68883069662724
50.63672970041913
50.603966710741496
50.340072770068495
50.71341361774301
50.56096872615452
50.41002090356509
50.37352032006341
50.5543496055804
50.43725274532902
50.77959263862429
50.55530055953983
50.41348694200399
50.640150186206945
50.250356717658214
50.550438743294244
50.2488708737302
50.56071185133039
50.53374567450259
50.33447877222419
50.494965264178866
50.43000067681544
50.591816772714694
50.636280970990235
50.30078044719316
49.93044967291754
50.133574344708386
50.38614897142479
50.19923532819817
50.60012135696796
50.233068597554464
50.68485876447155
49.99843636863988
50.484172481500856
50.602254906887374
50.19628166949584
50.10815255771485
50.5208622748845
50.4746747380059
50.22318868761812
50.220630505850636
50.32048484008598
49.994214815173706
50.02171480412353
50.210354670918804
