Learning Rate	Train Loss	Test Loss	Train Acc.	Test Acc.	
0.001000	30.296085	30.296085	0.085938	0.085938	
0.001000	28.492260	28.492260	0.125000	0.125000	
0.001000	28.584539	28.584539	0.101562	0.101562	
0.001000	28.821434	28.821434	0.062500	0.062500	
0.001000	27.573931	27.573931	0.109375	0.109375	
0.001000	27.914213	27.914213	0.078125	0.078125	
0.001000	27.978918	27.978918	0.078125	0.078125	
0.001000	27.925053	27.925053	0.062500	0.062500	
0.001000	27.341742	27.341742	0.062500	0.062500	
0.001000	27.326998	27.326998	0.101562	0.101562	
0.001000	27.080339	27.080339	0.125000	0.125000	
0.001000	27.034994	27.034994	0.062500	0.062500	
0.001000	26.975395	26.975395	0.070312	0.070312	
0.001000	26.895166	26.895166	0.070312	0.070312	
0.001000	26.766832	26.766832	0.101562	0.101562	
0.001000	27.283659	27.283659	0.109375	0.109375	
0.001000	27.049292	27.049292	0.093750	0.093750	
0.001000	26.747599	26.747599	0.085938	0.085938	
0.001000	26.438974	26.438974	0.046875	0.046875	
0.001000	26.471933	26.471933	0.078125	0.078125	
0.001000	26.611742	26.611742	0.085938	0.085938	
0.001000	26.600706	26.600706	0.109375	0.109375	
0.001000	26.619066	26.619066	0.078125	0.078125	
0.001000	26.603638	26.603638	0.078125	0.078125	
0.001000	26.299917	26.299917	0.148438	0.148438	
0.001000	26.698893	26.698893	0.078125	0.078125	
0.001000	26.612558	26.612558	0.101562	0.101562	
0.001000	26.519781	26.519781	0.117188	0.117188	
0.001000	26.601313	26.601313	0.148438	0.148438	
0.001000	26.402565	26.402565	0.085938	0.085938	
0.001000	26.217894	26.217894	0.070312	0.070312	
0.001000	26.082075	26.082075	0.093750	0.093750	
0.001000	26.393074	26.393074	0.117188	0.117188	
0.001000	26.238043	26.238043	0.132812	0.132812	
0.001000	26.532118	26.532118	0.109375	0.109375	
0.001000	26.591728	26.591728	0.109375	0.109375	
0.001000	26.247969	26.247969	0.109375	0.109375	
0.001000	26.189930	26.189930	0.085938	0.085938	
0.001000	26.284399	26.284399	0.101562	0.101562	
0.001000	26.477812	26.477812	0.101562	0.101562	
0.001000	26.141947	26.141947	0.117188	0.117188	
0.001000	26.429407	26.429407	0.070312	0.070312	
0.001000	26.268641	26.268641	0.070312	0.070312	
0.001000	26.071999	26.071999	0.156250	0.156250	
0.001000	26.244558	26.244558	0.101562	0.101562	
0.001000	25.989672	25.989672	0.117188	0.117188	
0.001000	26.110233	26.110233	0.132812	0.132812	
0.001000	26.478106	26.478106	0.054688	0.054688	
0.001000	26.171869	26.171869	0.093750	0.093750	
0.001000	26.310604	26.310604	0.093750	0.093750	
0.001000	26.106945	26.106945	0.109375	0.109375	
0.001000	25.936331	25.936331	0.179688	0.179688	
0.001000	25.889730	25.889730	0.109375	0.109375	
0.001000	25.924002	25.924002	0.085938	0.085938	
0.001000	26.001978	26.001978	0.078125	0.078125	
0.001000	25.921476	25.921476	0.132812	0.132812	
0.001000	25.889996	25.889996	0.101562	0.101562	
0.001000	25.850636	25.850636	0.125000	0.125000	
0.001000	25.807592	25.807592	0.125000	0.125000	
0.001000	26.060064	26.060064	0.117188	0.117188	
0.001000	25.761419	25.761419	0.117188	0.117188	
0.001000	26.097670	26.097670	0.132812	0.132812	
0.001000	25.969397	25.969397	0.117188	0.117188	
0.001000	25.964842	25.964842	0.140625	0.140625	
0.001000	25.727633	25.727633	0.093750	0.093750	
0.001000	25.882872	25.882872	0.070312	0.070312	
0.001000	26.034418	26.034418	0.109375	0.109375	
0.001000	26.074343	26.074343	0.078125	0.078125	
0.001000	25.891121	25.891121	0.101562	0.101562	
0.001000	26.013424	26.013424	0.093750	0.093750	
0.001000	25.791214	25.791214	0.140625	0.140625	
0.001000	26.042318	26.042318	0.101562	0.101562	
0.001000	25.763344	25.763344	0.101562	0.101562	
0.001000	25.794958	25.794958	0.140625	0.140625	
0.001000	25.906130	25.906130	0.125000	0.125000	
0.001000	26.034920	26.034920	0.070312	0.070312	
0.001000	25.779623	25.779623	0.109375	0.109375	
0.001000	25.826189	25.826189	0.078125	0.078125	
0.001000	26.007292	26.007292	0.093750	0.093750	
0.001000	25.765749	25.765749	0.085938	0.085938	
0.001000	26.088026	26.088026	0.085938	0.085938	
0.001000	25.883490	25.883490	0.101562	0.101562	
0.001000	25.709528	25.709528	0.101562	0.101562	
0.001000	25.872660	25.872660	0.085938	0.085938	
0.001000	25.919668	25.919668	0.109375	0.109375	
0.001000	26.006609	26.006609	0.054688	0.054688	
0.001000	25.835394	25.835394	0.117188	0.117188	
0.001000	25.879911	25.879911	0.093750	0.093750	
0.001000	25.749451	25.749451	0.054688	0.054688	
0.001000	25.703882	25.703882	0.125000	0.125000	
0.001000	25.786818	25.786818	0.078125	0.078125	
0.001000	25.795326	25.795326	0.085938	0.085938	
0.001000	26.181967	26.181967	0.054688	0.054688	
0.001000	25.863127	25.863127	0.140625	0.140625	
0.001000	25.612799	25.612799	0.117188	0.117188	
0.001000	25.724409	25.724409	0.109375	0.109375	
0.001000	25.699789	25.699789	0.070312	0.070312	
0.001000	25.734072	25.734072	0.132812	0.132812	
0.001000	25.663576	25.663576	0.132812	0.132812	
0.001000	25.868919	25.868919	0.046875	0.046875	
0.001000	25.806429	25.806429	0.117188	0.117188	
0.001000	25.778452	25.778452	0.101562	0.101562	
0.001000	25.731916	25.731916	0.125000	0.125000	
0.001000	25.720070	25.720070	0.093750	0.093750	
0.001000	25.648241	25.648241	0.148438	0.148438	
0.001000	25.681402	25.681402	0.093750	0.093750	
0.001000	25.716497	25.716497	0.085938	0.085938	
0.001000	25.549599	25.549599	0.164062	0.164062	
0.001000	25.851992	25.851992	0.062500	0.062500	
0.001000	25.868216	25.868216	0.093750	0.093750	
0.001000	25.710430	25.710430	0.101562	0.101562	
0.001000	25.656084	25.656084	0.156250	0.156250	
0.001000	25.739027	25.739027	0.117188	0.117188	
0.001000	25.541485	25.541485	0.125000	0.125000	
0.001000	25.774157	25.774157	0.125000	0.125000	
0.001000	25.712967	25.712967	0.117188	0.117188	
0.001000	25.645510	25.645510	0.132812	0.132812	
0.001000	25.801853	25.801853	0.078125	0.078125	
0.001000	25.717310	25.717310	0.125000	0.125000	
0.001000	25.737036	25.737036	0.070312	0.070312	
0.001000	25.606806	25.606806	0.156250	0.156250	
0.001000	25.643572	25.643572	0.117188	0.117188	
0.001000	25.743849	25.743849	0.062500	0.062500	
0.001000	25.496420	25.496420	0.148438	0.148438	
0.001000	25.689756	25.689756	0.093750	0.093750	
0.001000	25.848307	25.848307	0.070312	0.070312	
0.001000	25.534317	25.534317	0.148438	0.148438	
0.001000	25.772657	25.772657	0.117188	0.117188	
0.001000	25.708529	25.708529	0.117188	0.117188	
0.001000	25.694757	25.694757	0.132812	0.132812	
0.001000	25.618841	25.618841	0.148438	0.148438	
0.001000	25.670246	25.670246	0.093750	0.093750	
0.001000	25.428566	25.428566	0.156250	0.156250	
0.001000	25.758581	25.758581	0.093750	0.093750	
0.001000	25.566942	25.566942	0.148438	0.148438	
0.001000	25.548611	25.548611	0.148438	0.148438	
0.001000	25.590807	25.590807	0.085938	0.085938	
0.001000	25.586994	25.586994	0.117188	0.117188	
0.001000	25.670155	25.670155	0.093750	0.093750	
0.001000	25.547859	25.547859	0.125000	0.125000	
0.001000	25.625996	25.625996	0.117188	0.117188	
0.001000	25.621216	25.621216	0.140625	0.140625	
0.001000	25.651867	25.651867	0.101562	0.101562	
0.001000	25.664713	25.664713	0.078125	0.078125	
0.001000	25.623756	25.623756	0.093750	0.093750	
0.001000	25.438690	25.438690	0.140625	0.140625	
0.001000	25.546726	25.546726	0.148438	0.148438	
0.001000	25.599693	25.599693	0.140625	0.140625	
0.001000	25.445013	25.445013	0.132812	0.132812	
0.001000	25.647478	25.647478	0.117188	0.117188	
0.001000	25.583643	25.583643	0.125000	0.125000	
0.001000	25.599953	25.599953	0.101562	0.101562	
0.001000	25.530306	25.530306	0.164062	0.164062	
0.001000	25.700912	25.700912	0.093750	0.093750	
0.001000	25.608101	25.608101	0.117188	0.117188	
0.001000	25.742012	25.742012	0.085938	0.085938	
0.001000	25.553787	25.553787	0.132812	0.132812	
0.001000	25.629599	25.629599	0.117188	0.117188	
0.001000	25.531837	25.531837	0.132812	0.132812	
0.001000	25.566868	25.566868	0.125000	0.125000	
0.001000	25.622705	25.622705	0.085938	0.085938	
0.001000	25.532412	25.532412	0.156250	0.156250	
0.001000	25.556667	25.556667	0.078125	0.078125	
0.001000	25.750259	25.750259	0.093750	0.093750	
0.001000	25.520069	25.520069	0.101562	0.101562	
0.001000	25.512159	25.512159	0.164062	0.164062	
0.001000	25.474569	25.474569	0.171875	0.171875	
0.001000	25.540867	25.540867	0.101562	0.101562	
0.001000	25.481030	25.481030	0.171875	0.171875	
0.001000	25.595472	25.595472	0.132812	0.132812	
0.001000	25.512697	25.512697	0.179688	0.179688	
0.001000	25.320036	25.320036	0.148438	0.148438	
0.001000	25.640488	25.640488	0.117188	0.117188	
0.001000	25.610077	25.610077	0.101562	0.101562	
0.001000	25.491852	25.491852	0.109375	0.109375	
0.001000	25.636909	25.636909	0.101562	0.101562	
0.001000	25.593424	25.593424	0.148438	0.148438	
0.001000	25.433962	25.433962	0.132812	0.132812	
0.001000	25.660667	25.660667	0.078125	0.078125	
0.001000	25.582441	25.582441	0.132812	0.132812	
0.001000	25.518085	25.518085	0.156250	0.156250	
0.001000	25.530516	25.530516	0.093750	0.093750	
0.001000	25.417351	25.417351	0.125000	0.125000	
0.001000	25.594759	25.594759	0.132812	0.132812	
0.001000	25.527349	25.527349	0.093750	0.093750	
0.001000	25.466969	25.466969	0.132812	0.132812	
0.001000	25.366323	25.366323	0.148438	0.148438	
0.001000	25.508732	25.508732	0.117188	0.117188	
0.001000	25.433651	25.433651	0.109375	0.109375	
0.001000	25.428883	25.428883	0.164062	0.164062	
0.001000	25.575485	25.575485	0.140625	0.140625	
0.001000	25.579807	25.579807	0.085938	0.085938	
0.001000	25.526796	25.526796	0.117188	0.117188	
0.001000	25.439083	25.439083	0.101562	0.101562	
0.001000	25.417551	25.417551	0.148438	0.148438	
0.001000	25.625092	25.625092	0.117188	0.117188	
0.001000	25.417583	25.417583	0.164062	0.164062	
0.001000	25.513004	25.513004	0.125000	0.125000	
0.001000	25.532131	25.532131	0.117188	0.117188	
0.001000	25.574806	25.574806	0.078125	0.078125	
0.001000	25.541220	25.541220	0.148438	0.148438	
0.001000	25.461575	25.461575	0.117188	0.117188	
0.001000	25.509663	25.509663	0.140625	0.140625	
0.001000	25.669102	25.669102	0.101562	0.101562	
0.001000	25.453743	25.453743	0.148438	0.148438	
0.001000	25.475693	25.475693	0.117188	0.117188	
0.001000	25.431370	25.431370	0.140625	0.140625	
0.001000	25.407513	25.407513	0.148438	0.148438	
0.001000	25.514561	25.514561	0.156250	0.156250	
0.001000	25.435236	25.435236	0.140625	0.140625	
0.001000	25.404156	25.404156	0.125000	0.125000	
0.001000	25.381042	25.381042	0.140625	0.140625	
0.001000	25.547064	25.547064	0.085938	0.085938	
0.001000	25.370075	25.370075	0.164062	0.164062	
0.001000	25.480391	25.480391	0.171875	0.171875	
0.001000	25.295151	25.295151	0.164062	0.164062	
0.001000	25.461143	25.461143	0.140625	0.140625	
0.001000	25.312525	25.312525	0.148438	0.148438	
0.001000	25.327166	25.327166	0.156250	0.156250	
0.001000	25.441628	25.441628	0.101562	0.101562	
0.001000	25.439817	25.439817	0.140625	0.140625	
0.001000	25.511786	25.511786	0.187500	0.187500	
0.001000	25.433777	25.433777	0.148438	0.148438	
0.001000	25.541599	25.541599	0.062500	0.062500	
0.001000	25.527531	25.527531	0.117188	0.117188	
0.001000	25.504032	25.504032	0.093750	0.093750	
0.001000	25.439636	25.439636	0.093750	0.093750	
0.001000	25.463778	25.463778	0.125000	0.125000	
0.001000	25.589209	25.589209	0.109375	0.109375	
0.001000	25.432621	25.432621	0.179688	0.179688	
0.001000	25.550871	25.550871	0.140625	0.140625	
0.001000	25.411369	25.411369	0.156250	0.156250	
0.001000	25.543999	25.543999	0.117188	0.117188	
0.001000	25.424400	25.424400	0.140625	0.140625	
0.001000	25.315815	25.315815	0.164062	0.164062	
0.001000	25.474804	25.474804	0.117188	0.117188	
0.001000	25.423386	25.423386	0.132812	0.132812	
0.001000	25.468765	25.468765	0.164062	0.164062	
0.001000	25.341749	25.341749	0.195312	0.195312	
0.001000	25.461742	25.461742	0.132812	0.132812	
0.001000	25.502733	25.502733	0.109375	0.109375	
0.001000	25.524540	25.524540	0.132812	0.132812	
0.001000	25.592594	25.592594	0.117188	0.117188	
0.001000	25.372166	25.372166	0.117188	0.117188	
0.001000	25.410183	25.410183	0.117188	0.117188	
0.001000	25.398165	25.398165	0.093750	0.093750	
0.001000	25.389816	25.389816	0.125000	0.125000	
0.001000	25.542955	25.542955	0.085938	0.085938	
0.001000	25.529533	25.529533	0.109375	0.109375	
0.001000	25.538841	25.538841	0.085938	0.085938	
0.001000	25.489183	25.489183	0.140625	0.140625	
0.001000	25.349512	25.349512	0.179688	0.179688	
0.001000	25.504063	25.504063	0.148438	0.148438	
0.001000	25.506145	25.506145	0.070312	0.070312	
0.001000	25.518978	25.518978	0.117188	0.117188	
0.001000	25.322815	25.322815	0.156250	0.156250	
0.001000	25.366604	25.366604	0.179688	0.179688	
0.001000	25.428957	25.428957	0.125000	0.125000	
0.001000	25.288370	25.288370	0.179688	0.179688	
0.001000	25.344351	25.344351	0.148438	0.148438	
0.001000	25.336479	25.336479	0.140625	0.140625	
0.001000	25.531153	25.531153	0.085938	0.085938	
0.001000	25.387489	25.387489	0.132812	0.132812	
0.001000	25.414322	25.414322	0.125000	0.125000	
0.001000	25.403002	25.403002	0.125000	0.125000	
0.001000	25.509567	25.509567	0.140625	0.140625	
0.001000	25.358440	25.358440	0.140625	0.140625	
0.001000	25.293173	25.293173	0.140625	0.140625	
0.001000	25.241531	25.241531	0.187500	0.187500	
0.001000	25.439594	25.439594	0.156250	0.156250	
0.001000	25.432238	25.432238	0.140625	0.140625	
0.001000	25.323179	25.323179	0.164062	0.164062	
0.001000	25.375145	25.375145	0.132812	0.132812	
0.001000	25.417896	25.417896	0.132812	0.132812	
0.001000	25.363537	25.363537	0.156250	0.156250	
0.001000	25.374395	25.374395	0.117188	0.117188	
0.001000	25.388903	25.388903	0.156250	0.156250	
0.001000	25.397007	25.397007	0.132812	0.132812	
0.001000	25.361614	25.361614	0.171875	0.171875	
0.001000	25.534319	25.534319	0.140625	0.140625	
0.001000	25.424446	25.424446	0.109375	0.109375	
0.001000	25.399998	25.399998	0.125000	0.125000	
0.001000	25.412056	25.412056	0.164062	0.164062	
0.001000	25.479778	25.479778	0.101562	0.101562	
0.001000	25.331764	25.331764	0.125000	0.125000	
0.001000	25.480640	25.480640	0.156250	0.156250	
0.001000	25.322433	25.322433	0.140625	0.140625	
0.001000	25.371235	25.371235	0.132812	0.132812	
0.001000	25.431471	25.431471	0.093750	0.093750	
0.001000	25.686384	25.686384	0.117188	0.117188	
0.001000	25.531176	25.531176	0.210938	0.210938	
0.001000	25.466080	25.466080	0.093750	0.093750	
0.001000	25.451946	25.451946	0.140625	0.140625	
0.001000	25.563679	25.563679	0.117188	0.117188	
0.001000	25.483702	25.483702	0.109375	0.109375	
0.001000	25.451029	25.451029	0.125000	0.125000	
0.001000	25.477283	25.477283	0.117188	0.117188	
0.001000	25.390564	25.390564	0.125000	0.125000	
0.001000	25.355286	25.355286	0.179688	0.179688	
0.001000	25.410526	25.410526	0.140625	0.140625	
0.001000	25.424259	25.424259	0.156250	0.156250	
0.001000	25.444023	25.444023	0.148438	0.148438	
0.001000	25.365374	25.365374	0.132812	0.132812	
0.001000	25.397873	25.397873	0.156250	0.156250	
0.001000	25.334282	25.334282	0.171875	0.171875	
0.001000	25.341631	25.341631	0.132812	0.132812	
0.001000	25.358974	25.358974	0.195312	0.195312	
0.001000	25.571728	25.571728	0.078125	0.078125	
0.001000	25.402924	25.402924	0.210938	0.210938	
0.001000	25.384783	25.384783	0.117188	0.117188	
0.001000	25.443764	25.443764	0.085938	0.085938	
0.001000	25.394344	25.394344	0.179688	0.179688	
0.001000	25.395914	25.395914	0.179688	0.179688	
0.001000	25.436146	25.436146	0.109375	0.109375	
0.001000	25.447731	25.447731	0.140625	0.140625	
0.001000	25.383385	25.383385	0.125000	0.125000	
0.001000	25.459469	25.459469	0.148438	0.148438	
0.001000	25.421759	25.421759	0.117188	0.117188	
0.001000	25.374535	25.374535	0.109375	0.109375	
0.001000	25.337029	25.337029	0.187500	0.187500	
0.001000	25.357182	25.357182	0.156250	0.156250	
0.001000	25.477274	25.477274	0.117188	0.117188	
0.001000	25.441013	25.441013	0.117188	0.117188	
0.001000	25.333139	25.333139	0.125000	0.125000	
0.001000	25.291788	25.291788	0.203125	0.203125	
0.001000	25.287712	25.287712	0.156250	0.156250	
0.001000	25.372276	25.372276	0.117188	0.117188	
0.001000	25.336760	25.336760	0.140625	0.140625	
0.001000	25.391212	25.391212	0.132812	0.132812	
0.001000	25.359747	25.359747	0.109375	0.109375	
0.001000	25.483393	25.483393	0.109375	0.109375	
0.001000	25.434086	25.434086	0.093750	0.093750	
0.001000	25.413963	25.413963	0.101562	0.101562	
0.001000	25.301912	25.301912	0.187500	0.187500	
0.001000	25.348366	25.348366	0.156250	0.156250	
0.001000	25.525938	25.525938	0.085938	0.085938	
0.001000	25.475319	25.475319	0.171875	0.171875	
0.001000	25.343475	25.343475	0.148438	0.148438	
0.001000	25.303143	25.303143	0.164062	0.164062	
0.001000	25.340298	25.340298	0.179688	0.179688	
0.001000	25.326242	25.326242	0.117188	0.117188	
0.001000	25.324425	25.324425	0.156250	0.156250	
0.001000	25.418348	25.418348	0.125000	0.125000	
0.001000	25.383942	25.383942	0.132812	0.132812	
0.001000	25.362438	25.362438	0.093750	0.093750	
0.001000	25.330032	25.330032	0.203125	0.203125	
0.001000	25.276064	25.276064	0.179688	0.179688	
0.001000	25.405567	25.405567	0.132812	0.132812	
0.001000	25.444458	25.444458	0.132812	0.132812	
0.001000	25.409765	25.409765	0.148438	0.148438	
0.001000	25.457302	25.457302	0.125000	0.125000	
0.001000	25.413080	25.413080	0.101562	0.101562	
0.001000	25.633093	25.633093	0.062500	0.062500	
0.001000	25.375557	25.375557	0.070312	0.070312	
0.001000	25.250120	25.250120	0.164062	0.164062	
0.001000	25.351265	25.351265	0.125000	0.125000	
0.001000	25.332523	25.332523	0.195312	0.195312	
0.001000	25.355085	25.355085	0.132812	0.132812	
0.001000	25.307819	25.307819	0.187500	0.187500	
0.001000	25.325577	25.325577	0.140625	0.140625	
0.001000	25.430161	25.430161	0.117188	0.117188	
0.001000	25.447168	25.447168	0.101562	0.101562	
0.001000	25.455711	25.455711	0.101562	0.101562	
0.001000	25.484589	25.484589	0.085938	0.085938	
0.001000	25.278019	25.278019	0.195312	0.195312	
0.001000	25.378069	25.378069	0.125000	0.125000	
0.001000	25.330502	25.330502	0.132812	0.132812	
0.001000	25.295929	25.295929	0.203125	0.203125	
0.001000	25.323994	25.323994	0.156250	0.156250	
0.001000	25.345392	25.345392	0.156250	0.156250	
0.001000	25.495888	25.495888	0.117188	0.117188	
0.001000	25.439480	25.439480	0.164062	0.164062	
0.001000	25.433887	25.433887	0.101562	0.101562	
0.001000	25.380484	25.380484	0.085938	0.085938	
0.001000	25.326029	25.326029	0.125000	0.125000	
0.001000	25.354778	25.354778	0.156250	0.156250	
0.001000	25.429413	25.429413	0.148438	0.148438	
0.001000	25.357117	25.357117	0.132812	0.132812	
0.001000	25.266119	25.266119	0.226562	0.226562	
0.001000	25.318846	25.318846	0.179688	0.179688	
0.001000	25.408257	25.408257	0.125000	0.125000	
0.001000	25.397070	25.397070	0.132812	0.132812	
0.001000	25.309881	25.309881	0.148438	0.148438	
0.001000	25.312895	25.312895	0.148438	0.148438	
0.001000	25.328918	25.328918	0.125000	0.125000	
0.001000	25.415905	25.415905	0.117188	0.117188	
0.001000	25.410530	25.410530	0.164062	0.164062	
0.001000	25.383993	25.383993	0.117188	0.117188	
0.001000	25.325764	25.325764	0.203125	0.203125	
0.001000	25.427488	25.427488	0.125000	0.125000	
0.001000	25.345434	25.345434	0.187500	0.187500	
0.001000	25.255207	25.255207	0.226562	0.226562	
0.001000	25.389688	25.389688	0.085938	0.085938	
0.001000	25.419472	25.419472	0.132812	0.132812	
0.001000	25.439392	25.439392	0.109375	0.109375	
0.001000	25.257635	25.257635	0.171875	0.171875	
0.001000	25.292770	25.292770	0.203125	0.203125	
0.001000	25.366936	25.366936	0.187500	0.187500	
0.001000	25.317455	25.317455	0.148438	0.148438	
0.001000	25.461941	25.461941	0.140625	0.140625	
0.001000	25.418694	25.418694	0.140625	0.140625	
0.001000	25.387150	25.387150	0.125000	0.125000	
0.001000	25.482220	25.482220	0.156250	0.156250	
0.001000	25.206047	25.206047	0.210938	0.210938	
0.001000	25.303097	25.303097	0.164062	0.164062	
0.001000	25.251028	25.251028	0.148438	0.148438	
0.001000	25.252068	25.252068	0.195312	0.195312	
0.001000	25.370972	25.370972	0.148438	0.148438	
0.001000	25.263248	25.263248	0.195312	0.195312	
0.001000	25.282627	25.282627	0.117188	0.117188	
0.001000	25.281912	25.281912	0.171875	0.171875	
0.001000	25.393753	25.393753	0.132812	0.132812	
0.001000	25.416428	25.416428	0.140625	0.140625	
0.001000	25.263927	25.263927	0.187500	0.187500	
0.001000	25.421810	25.421810	0.125000	0.125000	
0.001000	25.254189	25.254189	0.164062	0.164062	
0.001000	25.306875	25.306875	0.140625	0.140625	
0.001000	25.369553	25.369553	0.195312	0.195312	
0.001000	25.279015	25.279015	0.148438	0.148438	
0.001000	25.382465	25.382465	0.156250	0.156250	
0.001000	25.302292	25.302292	0.117188	0.117188	
0.001000	25.337772	25.337772	0.164062	0.164062	
0.001000	25.330170	25.330170	0.140625	0.140625	
0.001000	25.382690	25.382690	0.148438	0.148438	
0.001000	25.435064	25.435064	0.132812	0.132812	
0.001000	25.360193	25.360193	0.195312	0.195312	
0.001000	25.333973	25.333973	0.132812	0.132812	
0.001000	25.325443	25.325443	0.179688	0.179688	
0.001000	25.312180	25.312180	0.210938	0.210938	
0.001000	25.370428	25.370428	0.156250	0.156250	
0.001000	25.252445	25.252445	0.148438	0.148438	
0.001000	25.199373	25.199373	0.203125	0.203125	
0.001000	25.393064	25.393064	0.085938	0.085938	
0.001000	25.230259	25.230259	0.203125	0.203125	
0.001000	25.365551	25.365551	0.148438	0.148438	
0.001000	25.272072	25.272072	0.171875	0.171875	
0.001000	25.311024	25.311024	0.140625	0.140625	
0.001000	25.343449	25.343449	0.125000	0.125000	
0.001000	25.292755	25.292755	0.203125	0.203125	
0.001000	25.297390	25.297390	0.164062	0.164062	
0.001000	25.247889	25.247889	0.203125	0.203125	
0.001000	25.336002	25.336002	0.148438	0.148438	
0.001000	25.283890	25.283890	0.179688	0.179688	
0.001000	25.295862	25.295862	0.187500	0.187500	
0.001000	25.267296	25.267296	0.187500	0.187500	
0.001000	25.256927	25.256927	0.226562	0.226562	
0.001000	25.273109	25.273109	0.179688	0.179688	
0.001000	25.342649	25.342649	0.156250	0.156250	
0.001000	25.221714	25.221714	0.226562	0.226562	
0.001000	25.498573	25.498573	0.117188	0.117188	
0.001000	25.358072	25.358072	0.164062	0.164062	
0.001000	25.355431	25.355431	0.101562	0.101562	
0.001000	25.318304	25.318304	0.203125	0.203125	
0.001000	25.270931	25.270931	0.195312	0.195312	
0.001000	25.291931	25.291931	0.203125	0.203125	
0.001000	25.335682	25.335682	0.156250	0.156250	
0.001000	25.357243	25.357243	0.132812	0.132812	
0.001000	25.258797	25.258797	0.179688	0.179688	
0.001000	25.320345	25.320345	0.171875	0.171875	
0.001000	25.306461	25.306461	0.164062	0.164062	
0.001000	25.193359	25.193359	0.195312	0.195312	
0.001000	25.264366	25.264366	0.164062	0.164062	
0.001000	25.388535	25.388535	0.140625	0.140625	
0.001000	25.363970	25.363970	0.109375	0.109375	
0.001000	25.446974	25.446974	0.164062	0.164062	
0.001000	25.413458	25.413458	0.125000	0.125000	
0.001000	25.252773	25.252773	0.210938	0.210938	
0.001000	25.297215	25.297215	0.171875	0.171875	
0.001000	25.227615	25.227615	0.177083	0.177083	
0.001000	25.290878	25.290878	0.156250	0.156250	
0.001000	25.279480	25.279480	0.140625	0.140625	
0.001000	25.327324	25.327324	0.132812	0.132812	
0.001000	25.316307	25.316307	0.187500	0.187500	
0.001000	25.305367	25.305367	0.171875	0.171875	
0.001000	25.449455	25.449455	0.148438	0.148438	
0.001000	25.247257	25.247257	0.148438	0.148438	
0.001000	25.269293	25.269293	0.148438	0.148438	
0.001000	25.372025	25.372025	0.101562	0.101562	
0.001000	25.369705	25.369705	0.179688	0.179688	
0.001000	25.390829	25.390829	0.125000	0.125000	
0.001000	25.215233	25.215233	0.203125	0.203125	
0.001000	25.214294	25.214294	0.203125	0.203125	
0.001000	25.243965	25.243965	0.179688	0.179688	
0.001000	25.272610	25.272610	0.140625	0.140625	
0.001000	25.419258	25.419258	0.125000	0.125000	
0.001000	25.299948	25.299948	0.140625	0.140625	
0.001000	25.305508	25.305508	0.171875	0.171875	
0.001000	25.351645	25.351645	0.125000	0.125000	
0.001000	25.270355	25.270355	0.179688	0.179688	
0.001000	25.376591	25.376591	0.117188	0.117188	
0.001000	25.294241	25.294241	0.148438	0.148438	
0.001000	25.315693	25.315693	0.117188	0.117188	
0.001000	25.292980	25.292980	0.164062	0.164062	
0.001000	25.167974	25.167974	0.250000	0.250000	
0.001000	25.277496	25.277496	0.140625	0.140625	
0.001000	25.313299	25.313299	0.179688	0.179688	
0.001000	25.348042	25.348042	0.148438	0.148438	
0.001000	25.219545	25.219545	0.210938	0.210938	
0.001000	25.275784	25.275784	0.164062	0.164062	
0.001000	25.270981	25.270981	0.140625	0.140625	
0.001000	25.255642	25.255642	0.179688	0.179688	
0.001000	25.330151	25.330151	0.148438	0.148438	
0.001000	25.336302	25.336302	0.140625	0.140625	
0.001000	25.272247	25.272247	0.132812	0.132812	
0.001000	25.293823	25.293823	0.218750	0.218750	
0.001000	25.337641	25.337641	0.171875	0.171875	
0.001000	25.425274	25.425274	0.093750	0.093750	
0.001000	25.354652	25.354652	0.187500	0.187500	
0.001000	25.282127	25.282127	0.195312	0.195312	
0.001000	25.270269	25.270269	0.140625	0.140625	
0.001000	25.300358	25.300358	0.132812	0.132812	
0.001000	25.300404	25.300404	0.171875	0.171875	
0.001000	25.384022	25.384022	0.117188	0.117188	
0.001000	25.365368	25.365368	0.117188	0.117188	
0.001000	25.202259	25.202259	0.218750	0.218750	
0.001000	25.318867	25.318867	0.125000	0.125000	
0.001000	25.300121	25.300121	0.132812	0.132812	
0.001000	25.361397	25.361397	0.164062	0.164062	
0.001000	25.446388	25.446388	0.132812	0.132812	
0.001000	25.435183	25.435183	0.117188	0.117188	
0.001000	25.212112	25.212112	0.187500	0.187500	
0.001000	25.258450	25.258450	0.210938	0.210938	
0.001000	25.284563	25.284563	0.164062	0.164062	
0.001000	25.384558	25.384558	0.085938	0.085938	
0.001000	25.256325	25.256325	0.117188	0.117188	
0.001000	25.338268	25.338268	0.140625	0.140625	
0.001000	25.342121	25.342121	0.148438	0.148438	
0.001000	25.322573	25.322573	0.164062	0.164062	
0.001000	25.208696	25.208696	0.242188	0.242188	
0.001000	25.206573	25.206573	0.125000	0.125000	
0.001000	25.276501	25.276501	0.164062	0.164062	
0.001000	25.309650	25.309650	0.140625	0.140625	
0.001000	25.268497	25.268497	0.179688	0.179688	
0.001000	25.396069	25.396069	0.101562	0.101562	
0.001000	25.199080	25.199080	0.226562	0.226562	
0.001000	25.414360	25.414360	0.132812	0.132812	
0.001000	25.264393	25.264393	0.187500	0.187500	
0.001000	25.400888	25.400888	0.117188	0.117188	
0.001000	25.334183	25.334183	0.140625	0.140625	
0.001000	25.257320	25.257320	0.187500	0.187500	
0.001000	25.236526	25.236526	0.210938	0.210938	
0.001000	25.270298	25.270298	0.156250	0.156250	
0.001000	25.333269	25.333269	0.234375	0.234375	
0.001000	25.259945	25.259945	0.187500	0.187500	
0.001000	25.265562	25.265562	0.171875	0.171875	
0.001000	25.350063	25.350063	0.117188	0.117188	
0.001000	25.286758	25.286758	0.117188	0.117188	
0.001000	25.276438	25.276438	0.171875	0.171875	
0.001000	25.383455	25.383455	0.140625	0.140625	
0.001000	25.319279	25.319279	0.125000	0.125000	
0.001000	25.269318	25.269318	0.148438	0.148438	
0.001000	25.293901	25.293901	0.171875	0.171875	
0.001000	25.195377	25.195377	0.187500	0.187500	
0.001000	25.208656	25.208656	0.195312	0.195312	
0.001000	25.362999	25.362999	0.085938	0.085938	
0.001000	25.193840	25.193840	0.218750	0.218750	
0.001000	25.260296	25.260296	0.164062	0.164062	
0.001000	25.127396	25.127396	0.195312	0.195312	
0.001000	25.257786	25.257786	0.164062	0.164062	
0.001000	25.336258	25.336258	0.210938	0.210938	
0.001000	25.314123	25.314123	0.140625	0.140625	
0.001000	25.383614	25.383614	0.164062	0.164062	
0.001000	25.325752	25.325752	0.171875	0.171875	
0.001000	25.311398	25.311398	0.156250	0.156250	
0.001000	25.238853	25.238853	0.171875	0.171875	
0.001000	25.296814	25.296814	0.125000	0.125000	
0.001000	25.306007	25.306007	0.148438	0.148438	
0.001000	25.351744	25.351744	0.171875	0.171875	
0.001000	25.340219	25.340219	0.140625	0.140625	
0.001000	25.263962	25.263962	0.156250	0.156250	
0.001000	25.327335	25.327335	0.117188	0.117188	
0.001000	25.426243	25.426243	0.109375	0.109375	
0.001000	25.238094	25.238094	0.156250	0.156250	
0.001000	25.266640	25.266640	0.148438	0.148438	
0.001000	25.329796	25.329796	0.171875	0.171875	
0.001000	25.318203	25.318203	0.179688	0.179688	
0.001000	25.296730	25.296730	0.164062	0.164062	
0.001000	25.378929	25.378929	0.125000	0.125000	
0.001000	25.238255	25.238255	0.195312	0.195312	
0.001000	25.159828	25.159828	0.226562	0.226562	
0.001000	25.332468	25.332468	0.156250	0.156250	
0.001000	25.271461	25.271461	0.195312	0.195312	
0.001000	25.281721	25.281721	0.148438	0.148438	
0.001000	25.349365	25.349365	0.101562	0.101562	
0.001000	25.240524	25.240524	0.171875	0.171875	
0.001000	25.234688	25.234688	0.226562	0.226562	
0.001000	25.293633	25.293633	0.132812	0.132812	
0.001000	25.274952	25.274952	0.117188	0.117188	
0.001000	25.199486	25.199486	0.218750	0.218750	
0.001000	25.346233	25.346233	0.164062	0.164062	
0.001000	25.246296	25.246296	0.171875	0.171875	
0.001000	25.298010	25.298010	0.140625	0.140625	
0.001000	25.308247	25.308247	0.140625	0.140625	
0.001000	25.099113	25.099113	0.273438	0.273438	
0.001000	25.301140	25.301140	0.140625	0.140625	
0.001000	25.325697	25.325697	0.148438	0.148438	
0.001000	25.308220	25.308220	0.195312	0.195312	
0.001000	25.291676	25.291676	0.148438	0.148438	
0.001000	25.205633	25.205633	0.265625	0.265625	
0.001000	25.245646	25.245646	0.140625	0.140625	
0.001000	25.270832	25.270832	0.187500	0.187500	
0.001000	25.273794	25.273794	0.187500	0.187500	
0.001000	25.288357	25.288357	0.156250	0.156250	
0.001000	25.258133	25.258133	0.203125	0.203125	
0.001000	25.273975	25.273975	0.140625	0.140625	
0.001000	25.259993	25.259993	0.140625	0.140625	
0.001000	25.291298	25.291298	0.187500	0.187500	
0.001000	25.257078	25.257078	0.164062	0.164062	
0.001000	25.306290	25.306290	0.156250	0.156250	
0.001000	25.176884	25.176884	0.187500	0.187500	
0.001000	25.304972	25.304972	0.179688	0.179688	
0.001000	25.230396	25.230396	0.179688	0.179688	
0.001000	25.199343	25.199343	0.210938	0.210938	
0.001000	25.286282	25.286282	0.125000	0.125000	
0.001000	25.251234	25.251234	0.140625	0.140625	
0.001000	25.224094	25.224094	0.210938	0.210938	
0.001000	25.306301	25.306301	0.140625	0.140625	
0.001000	25.230015	25.230015	0.195312	0.195312	
0.001000	25.340921	25.340921	0.148438	0.148438	
0.001000	25.247974	25.247974	0.171875	0.171875	
0.001000	25.206699	25.206699	0.210938	0.210938	
0.001000	25.114714	25.114714	0.257812	0.257812	
0.001000	25.233021	25.233021	0.242188	0.242188	
0.001000	25.219412	25.219412	0.195312	0.195312	
0.001000	25.327595	25.327595	0.171875	0.171875	
0.001000	25.251223	25.251223	0.164062	0.164062	
0.001000	25.214024	25.214024	0.203125	0.203125	
0.001000	25.217037	25.217037	0.195312	0.195312	
0.001000	25.202930	25.202930	0.210938	0.210938	
0.001000	25.266390	25.266390	0.195312	0.195312	
0.001000	25.314407	25.314407	0.148438	0.148438	
0.001000	25.283657	25.283657	0.148438	0.148438	
0.001000	25.224998	25.224998	0.195312	0.195312	
0.001000	25.148306	25.148306	0.203125	0.203125	
0.001000	25.224031	25.224031	0.195312	0.195312	
0.001000	25.171715	25.171715	0.226562	0.226562	
0.001000	25.242590	25.242590	0.210938	0.210938	
0.001000	25.236416	25.236416	0.171875	0.171875	
0.001000	25.180937	25.180937	0.226562	0.226562	
0.001000	25.347580	25.347580	0.164062	0.164062	
0.001000	25.206726	25.206726	0.226562	0.226562	
0.001000	25.329708	25.329708	0.125000	0.125000	
0.001000	25.313095	25.313095	0.164062	0.164062	
0.001000	25.187241	25.187241	0.203125	0.203125	
0.001000	25.354141	25.354141	0.101562	0.101562	
0.001000	25.368637	25.368637	0.140625	0.140625	
0.001000	25.399399	25.399399	0.125000	0.125000	
0.001000	25.272783	25.272783	0.148438	0.148438	
0.001000	25.261715	25.261715	0.179688	0.179688	
0.001000	25.234356	25.234356	0.171875	0.171875	
0.001000	25.211605	25.211605	0.187500	0.187500	
0.001000	25.214386	25.214386	0.187500	0.187500	
0.001000	25.265682	25.265682	0.234375	0.234375	
0.001000	25.291378	25.291378	0.148438	0.148438	
0.001000	25.294321	25.294321	0.148438	0.148438	
0.001000	25.237469	25.237469	0.187500	0.187500	
0.001000	25.121387	25.121387	0.218750	0.218750	
0.001000	25.213009	25.213009	0.210938	0.210938	
0.001000	25.264250	25.264250	0.164062	0.164062	
0.001000	25.220947	25.220947	0.187500	0.187500	
0.001000	25.247437	25.247437	0.203125	0.203125	
0.001000	25.214119	25.214119	0.234375	0.234375	
0.001000	25.362085	25.362085	0.117188	0.117188	
0.001000	25.244289	25.244289	0.210938	0.210938	
0.001000	25.192530	25.192530	0.210938	0.210938	
0.001000	25.191185	25.191185	0.148438	0.148438	
0.001000	25.217754	25.217754	0.226562	0.226562	
0.001000	25.260014	25.260014	0.187500	0.187500	
0.001000	25.172478	25.172478	0.210938	0.210938	
0.001000	25.310997	25.310997	0.140625	0.140625	
0.001000	25.255033	25.255033	0.148438	0.148438	
0.001000	25.210564	25.210564	0.125000	0.125000	
0.001000	25.204330	25.204330	0.210938	0.210938	
0.001000	25.334927	25.334927	0.156250	0.156250	
0.001000	25.213726	25.213726	0.156250	0.156250	
0.001000	25.325047	25.325047	0.171875	0.171875	
0.001000	25.260460	25.260460	0.164062	0.164062	
0.001000	25.150969	25.150969	0.234375	0.234375	
0.001000	25.280876	25.280876	0.203125	0.203125	
0.001000	25.152805	25.152805	0.234375	0.234375	
0.001000	25.309759	25.309759	0.164062	0.164062	
0.001000	25.304592	25.304592	0.148438	0.148438	
0.001000	25.247078	25.247078	0.179688	0.179688	
0.001000	25.267668	25.267668	0.156250	0.156250	
0.001000	25.205200	25.205200	0.140625	0.140625	
0.001000	25.247875	25.247875	0.179688	0.179688	
0.001000	25.260185	25.260185	0.148438	0.148438	
0.001000	25.189657	25.189657	0.218750	0.218750	
0.001000	25.242065	25.242065	0.164062	0.164062	
0.001000	25.217728	25.217728	0.179688	0.179688	
0.001000	25.265385	25.265385	0.210938	0.210938	
0.001000	25.246872	25.246872	0.203125	0.203125	
0.001000	25.175453	25.175453	0.171875	0.171875	
0.001000	25.225857	25.225857	0.156250	0.156250	
0.001000	25.195637	25.195637	0.242188	0.242188	
0.001000	25.252365	25.252365	0.210938	0.210938	
0.001000	25.266600	25.266600	0.156250	0.156250	
0.001000	25.285971	25.285971	0.179688	0.179688	
0.001000	25.167553	25.167553	0.234375	0.234375	
0.001000	25.167400	25.167400	0.242188	0.242188	
0.001000	25.141802	25.141802	0.234375	0.234375	
0.001000	25.253294	25.253294	0.171875	0.171875	
0.001000	25.215626	25.215626	0.195312	0.195312	
0.001000	25.201744	25.201744	0.203125	0.203125	
0.001000	25.253590	25.253590	0.156250	0.156250	
0.001000	25.272333	25.272333	0.179688	0.179688	
0.001000	25.242794	25.242794	0.210938	0.210938	
0.001000	25.249985	25.249985	0.187500	0.187500	
0.001000	25.307930	25.307930	0.140625	0.140625	
0.001000	25.229813	25.229813	0.140625	0.140625	
0.001000	25.205900	25.205900	0.171875	0.171875	
0.001000	25.165005	25.165005	0.257812	0.257812	
0.001000	25.158531	25.158531	0.195312	0.195312	
0.001000	25.184765	25.184765	0.210938	0.210938	
0.001000	25.231594	25.231594	0.156250	0.156250	
0.001000	25.174686	25.174686	0.210938	0.210938	
0.001000	25.265129	25.265129	0.203125	0.203125	
0.001000	25.284828	25.284828	0.203125	0.203125	
0.001000	25.272598	25.272598	0.171875	0.171875	
0.001000	25.220947	25.220947	0.171875	0.171875	
0.001000	25.156372	25.156372	0.187500	0.187500	
0.001000	25.161476	25.161476	0.226562	0.226562	
0.001000	25.223932	25.223932	0.164062	0.164062	
0.001000	25.215704	25.215704	0.218750	0.218750	
0.001000	25.320786	25.320786	0.156250	0.156250	
0.001000	25.305618	25.305618	0.179688	0.179688	
0.001000	25.120071	25.120071	0.242188	0.242188	
0.001000	25.194689	25.194689	0.210938	0.210938	
0.001000	25.239702	25.239702	0.195312	0.195312	
0.001000	25.214766	25.214766	0.210938	0.210938	
0.001000	25.197655	25.197655	0.195312	0.195312	
0.001000	25.257713	25.257713	0.226562	0.226562	
0.001000	25.214024	25.214024	0.132812	0.132812	
0.001000	25.339203	25.339203	0.148438	0.148438	
0.001000	25.193184	25.193184	0.179688	0.179688	
0.001000	25.201450	25.201450	0.203125	0.203125	
0.001000	25.130028	25.130028	0.281250	0.281250	
0.001000	25.287212	25.287212	0.187500	0.187500	
0.001000	25.198080	25.198080	0.195312	0.195312	
0.001000	25.166611	25.166611	0.187500	0.187500	
0.001000	25.340874	25.340874	0.156250	0.156250	
0.001000	25.216267	25.216267	0.195312	0.195312	
0.001000	25.213484	25.213484	0.179688	0.179688	
0.001000	25.208229	25.208229	0.171875	0.171875	
0.001000	25.223133	25.223133	0.203125	0.203125	
0.001000	25.278893	25.278893	0.171875	0.171875	
0.001000	25.251928	25.251928	0.156250	0.156250	
0.001000	25.306950	25.306950	0.195312	0.195312	
0.001000	25.252274	25.252274	0.210938	0.210938	
0.001000	25.103918	25.103918	0.250000	0.250000	
0.001000	25.214264	25.214264	0.218750	0.218750	
0.001000	25.214708	25.214708	0.195312	0.195312	
0.001000	25.172359	25.172359	0.226562	0.226562	
0.001000	25.255970	25.255970	0.195312	0.195312	
0.001000	25.272484	25.272484	0.218750	0.218750	
0.001000	25.102674	25.102674	0.187500	0.187500	
0.001000	25.184204	25.184204	0.210938	0.210938	
0.001000	25.195822	25.195822	0.195312	0.195312	
0.001000	25.197102	25.197102	0.226562	0.226562	
0.001000	25.201891	25.201891	0.171875	0.171875	
0.001000	25.229683	25.229683	0.171875	0.171875	
0.001000	25.229893	25.229893	0.148438	0.148438	
0.001000	25.167645	25.167645	0.203125	0.203125	
0.001000	25.383978	25.383978	0.101562	0.101562	
0.001000	25.355247	25.355247	0.125000	0.125000	
0.001000	25.172987	25.172987	0.203125	0.203125	
0.001000	25.139265	25.139265	0.234375	0.234375	
0.001000	25.272856	25.272856	0.164062	0.164062	
0.001000	25.266928	25.266928	0.171875	0.171875	
0.001000	25.262529	25.262529	0.171875	0.171875	
0.001000	25.174553	25.174553	0.203125	0.203125	
0.001000	25.146679	25.146679	0.203125	0.203125	
0.001000	25.144287	25.144287	0.179688	0.179688	
0.001000	25.085323	25.085323	0.210938	0.210938	
0.001000	25.122438	25.122438	0.195312	0.195312	
0.001000	25.201763	25.201763	0.187500	0.187500	
0.001000	25.176491	25.176491	0.195312	0.195312	
0.001000	25.233532	25.233532	0.203125	0.203125	
0.001000	25.088715	25.088715	0.257812	0.257812	
0.001000	25.242188	25.242188	0.195312	0.195312	
0.001000	25.115181	25.115181	0.257812	0.257812	
0.001000	25.206516	25.206516	0.195312	0.195312	
0.001000	25.092407	25.092407	0.257812	0.257812	
0.001000	25.210518	25.210518	0.226562	0.226562	
0.001000	25.142942	25.142942	0.179688	0.179688	
0.001000	25.223223	25.223223	0.179688	0.179688	
0.001000	25.295406	25.295406	0.195312	0.195312	
0.001000	25.168873	25.168873	0.203125	0.203125	
0.001000	25.107450	25.107450	0.234375	0.234375	
0.001000	25.222506	25.222506	0.171875	0.171875	
0.001000	25.176336	25.176336	0.218750	0.218750	
0.001000	25.282726	25.282726	0.179688	0.179688	
0.001000	25.171764	25.171764	0.234375	0.234375	
0.001000	25.220673	25.220673	0.171875	0.171875	
0.001000	25.243538	25.243538	0.226562	0.226562	
0.001000	25.195162	25.195162	0.218750	0.218750	
0.001000	25.076115	25.076115	0.250000	0.250000	
0.001000	25.191498	25.191498	0.203125	0.203125	
0.001000	25.124737	25.124737	0.226562	0.226562	
0.001000	25.165049	25.165049	0.257812	0.257812	
0.001000	25.266989	25.266989	0.164062	0.164062	
0.001000	25.242496	25.242496	0.156250	0.156250	
0.001000	25.185516	25.185516	0.234375	0.234375	
0.001000	25.101786	25.101786	0.210938	0.210938	
0.001000	25.191959	25.191959	0.195312	0.195312	
0.001000	25.334606	25.334606	0.171875	0.171875	
0.001000	25.232925	25.232925	0.218750	0.218750	
0.001000	25.111391	25.111391	0.226562	0.226562	
0.001000	25.220129	25.220129	0.203125	0.203125	
0.001000	25.144005	25.144005	0.234375	0.234375	
0.001000	25.177523	25.177523	0.218750	0.218750	
0.001000	25.163521	25.163521	0.265625	0.265625	
0.001000	25.213400	25.213400	0.257812	0.257812	
0.001000	25.081305	25.081305	0.242188	0.242188	
0.001000	25.131842	25.131842	0.289062	0.289062	
0.001000	25.269930	25.269930	0.179688	0.179688	
0.001000	25.080307	25.080307	0.257812	0.257812	
0.001000	25.183479	25.183479	0.250000	0.250000	
0.001000	25.157536	25.157536	0.250000	0.250000	
0.001000	25.287178	25.287178	0.203125	0.203125	
0.001000	25.290131	25.290131	0.164062	0.164062	
0.001000	25.221638	25.221638	0.195312	0.195312	
0.001000	25.134426	25.134426	0.257812	0.257812	
0.001000	25.149776	25.149776	0.187500	0.187500	
0.001000	25.237528	25.237528	0.226562	0.226562	
0.001000	25.186491	25.186491	0.218750	0.218750	
0.001000	25.173031	25.173031	0.273438	0.273438	
0.001000	25.120352	25.120352	0.265625	0.265625	
0.001000	25.285471	25.285471	0.195312	0.195312	
0.001000	25.131086	25.131086	0.289062	0.289062	
0.001000	25.201679	25.201679	0.164062	0.164062	
0.001000	25.085276	25.085276	0.265625	0.265625	
0.001000	25.197323	25.197323	0.203125	0.203125	
0.001000	25.239481	25.239481	0.156250	0.156250	
0.001000	25.214466	25.214466	0.179688	0.179688	
0.001000	25.205400	25.205400	0.171875	0.171875	
0.001000	25.057095	25.057095	0.273438	0.273438	
0.001000	25.174183	25.174183	0.187500	0.187500	
0.001000	25.243244	25.243244	0.195312	0.195312	
0.001000	25.248701	25.248701	0.218750	0.218750	
0.001000	25.338985	25.338985	0.210938	0.210938	
0.001000	25.249538	25.249538	0.218750	0.218750	
0.001000	25.167381	25.167381	0.242188	0.242188	
0.001000	25.208246	25.208246	0.210938	0.210938	
0.001000	25.165258	25.165258	0.226562	0.226562	
0.001000	25.227049	25.227049	0.218750	0.218750	
0.001000	25.162214	25.162214	0.218750	0.218750	
0.001000	25.194174	25.194174	0.234375	0.234375	
0.001000	25.116117	25.116117	0.265625	0.265625	
0.001000	25.118856	25.118856	0.242188	0.242188	
0.001000	25.163082	25.163082	0.210938	0.210938	
0.001000	25.243332	25.243332	0.242188	0.242188	
0.001000	25.173185	25.173185	0.210938	0.210938	
0.001000	25.175690	25.175690	0.234375	0.234375	
0.001000	25.155441	25.155441	0.218750	0.218750	
0.001000	25.202068	25.202068	0.273438	0.273438	
0.001000	25.213285	25.213285	0.234375	0.234375	
0.001000	25.147120	25.147120	0.226562	0.226562	
0.001000	25.193920	25.193920	0.234375	0.234375	
0.001000	25.220579	25.220579	0.226562	0.226562	
0.001000	25.166880	25.166880	0.203125	0.203125	
0.001000	25.056055	25.056055	0.273438	0.273438	
0.001000	25.199442	25.199442	0.210938	0.210938	
0.001000	25.189991	25.189991	0.156250	0.156250	
0.001000	25.054314	25.054314	0.304688	0.304688	
0.001000	25.178511	25.178511	0.250000	0.250000	
0.001000	25.212032	25.212032	0.226562	0.226562	
0.001000	25.135250	25.135250	0.234375	0.234375	
0.001000	25.142511	25.142511	0.187500	0.187500	
0.001000	25.254187	25.254187	0.218750	0.218750	
0.001000	25.190615	25.190615	0.179688	0.179688	
0.001000	25.202021	25.202021	0.273438	0.273438	
0.001000	25.215525	25.215525	0.179688	0.179688	
0.001000	25.153561	25.153561	0.203125	0.203125	
0.001000	25.164312	25.164312	0.234375	0.234375	
0.001000	25.211515	25.211515	0.242188	0.242188	
0.001000	25.323637	25.323637	0.171875	0.171875	
0.001000	25.130600	25.130600	0.234375	0.234375	
0.001000	25.049543	25.049543	0.335938	0.335938	
0.001000	25.152378	25.152378	0.257812	0.257812	
0.001000	25.083788	25.083788	0.265625	0.265625	
0.001000	25.148636	25.148636	0.164062	0.164062	
0.001000	25.123194	25.123194	0.242188	0.242188	
0.001000	25.101112	25.101112	0.257812	0.257812	
0.001000	25.036848	25.036848	0.234375	0.234375	
0.001000	25.225126	25.225126	0.179688	0.179688	
0.001000	25.253145	25.253145	0.187500	0.187500	
0.001000	25.159185	25.159185	0.179688	0.179688	
0.001000	25.145414	25.145414	0.273438	0.273438	
0.001000	25.117683	25.117683	0.234375	0.234375	
0.001000	25.203773	25.203773	0.250000	0.250000	
0.001000	25.123449	25.123449	0.250000	0.250000	
0.001000	25.141964	25.141964	0.242188	0.242188	
0.001000	25.165268	25.165268	0.195312	0.195312	
0.001000	25.176790	25.176790	0.210938	0.210938	
0.001000	25.052240	25.052240	0.257812	0.257812	
0.001000	25.050291	25.050291	0.257812	0.257812	
0.001000	25.084387	25.084387	0.234375	0.234375	
0.001000	25.181955	25.181955	0.179688	0.179688	
0.001000	25.041208	25.041208	0.250000	0.250000	
0.001000	25.165638	25.165638	0.203125	0.203125	
0.001000	25.052969	25.052969	0.304688	0.304688	
0.001000	25.150942	25.150942	0.273438	0.273438	
0.001000	25.179956	25.179956	0.210938	0.210938	
0.001000	25.170404	25.170404	0.250000	0.250000	
0.001000	25.092909	25.092909	0.242188	0.242188	
0.001000	25.018850	25.018850	0.296875	0.296875	
0.001000	25.125017	25.125017	0.273438	0.273438	
0.001000	25.142851	25.142851	0.226562	0.226562	
0.001000	25.158756	25.158756	0.226562	0.226562	
0.001000	25.080160	25.080160	0.257812	0.257812	
0.001000	25.119225	25.119225	0.250000	0.250000	
0.001000	25.246235	25.246235	0.195312	0.195312	
0.001000	25.209177	25.209177	0.195312	0.195312	
0.001000	25.287565	25.287565	0.179688	0.179688	
0.001000	25.155674	25.155674	0.273438	0.273438	
0.001000	25.186060	25.186060	0.156250	0.156250	
0.001000	25.131746	25.131746	0.203125	0.203125	
0.001000	25.180895	25.180895	0.296875	0.296875	
0.001000	25.094265	25.094265	0.312500	0.312500	
0.001000	25.159401	25.159401	0.242188	0.242188	
0.001000	25.103399	25.103399	0.234375	0.234375	
0.001000	25.113604	25.113604	0.250000	0.250000	
0.001000	25.072292	25.072292	0.281250	0.281250	
0.001000	25.142454	25.142454	0.210938	0.210938	
0.001000	25.116812	25.116812	0.234375	0.234375	
0.001000	25.024870	25.024870	0.296875	0.296875	
0.001000	25.102438	25.102438	0.281250	0.281250	
0.001000	25.175962	25.175962	0.187500	0.187500	
0.001000	25.119930	25.119930	0.289062	0.289062	
0.001000	25.075071	25.075071	0.250000	0.250000	
0.001000	25.023714	25.023714	0.320312	0.320312	
0.001000	25.302950	25.302950	0.171875	0.171875	
0.001000	25.124300	25.124300	0.242188	0.242188	
0.001000	25.064293	25.064293	0.289062	0.289062	
0.001000	25.040413	25.040413	0.335938	0.335938	
0.001000	25.103758	25.103758	0.265625	0.265625	
0.001000	25.085363	25.085363	0.197917	0.197917	
