Learning Rate	Train Loss	Train Acc.	
0.001000	28.594328	0.046875	
0.001000	27.101545	0.078125	
0.001000	26.472813	0.093750	
0.001000	25.998562	0.140625	
0.001000	25.554789	0.148438	
0.001000	25.864349	0.140625	
0.001000	25.421572	0.195312	
0.001000	25.342512	0.148438	
0.001000	25.276432	0.140625	
0.001000	25.262903	0.164062	
0.001000	25.327986	0.187500	
0.001000	25.154285	0.187500	
0.001000	25.106066	0.210938	
0.001000	25.059690	0.218750	
0.001000	25.098007	0.257812	
0.001000	25.035152	0.242188	
0.001000	24.997986	0.328125	
0.001000	24.986313	0.343750	
0.001000	25.061422	0.242188	
0.001000	24.968185	0.328125	
0.001000	24.933830	0.273438	
0.001000	24.973042	0.281250	
0.001000	24.922804	0.328125	
0.001000	24.858704	0.351562	
0.001000	24.826792	0.343750	
0.001000	24.822594	0.390625	
0.001000	24.735928	0.382812	
0.001000	24.766914	0.406250	
0.001000	24.622086	0.437500	
0.001000	24.570724	0.437500	
0.001000	24.581242	0.492188	
0.001000	24.605286	0.390625	
0.001000	24.540785	0.421875	
0.001000	24.435930	0.460938	
0.001000	24.417620	0.445312	
0.001000	24.260973	0.515625	
0.001000	24.283033	0.546875	
0.001000	24.369535	0.531250	
0.001000	24.253742	0.562500	
0.001000	24.336624	0.484375	
0.001000	24.086252	0.601562	
0.001000	24.363243	0.500000	
0.001000	24.295198	0.476562	
0.001000	24.192127	0.539062	
0.001000	24.070736	0.570312	
0.001000	23.907896	0.625000	
0.001000	24.086540	0.554688	
0.001000	23.938795	0.625000	
0.001000	24.031242	0.640625	
0.001000	23.988333	0.570312	
0.001000	23.871738	0.640625	
0.001000	23.678577	0.695312	
0.001000	23.805153	0.656250	
0.001000	24.039406	0.562500	
0.001000	23.895323	0.648438	
0.001000	23.892103	0.640625	
0.001000	23.985329	0.562500	
0.001000	23.745131	0.710938	
0.001000	23.906315	0.640625	
0.001000	23.628906	0.742188	
0.001000	23.828680	0.632812	
0.001000	23.721830	0.726562	
0.001000	23.647839	0.687500	
0.001000	23.413967	0.781250	
0.001000	23.855438	0.664062	
0.001000	23.412407	0.757812	
0.001000	23.589317	0.710938	
0.001000	23.686705	0.687500	
0.001000	23.779068	0.671875	
0.001000	23.554651	0.679688	
0.001000	23.307623	0.828125	
0.001000	23.299868	0.859375	
0.001000	23.549343	0.734375	
0.001000	23.586327	0.750000	
0.001000	23.391298	0.796875	
0.001000	23.313017	0.859375	
0.001000	23.356001	0.789062	
0.001000	23.299362	0.789062	
0.001000	23.354843	0.804688	
0.001000	23.243841	0.835938	
0.001000	23.350006	0.773438	
0.001000	23.253092	0.781250	
0.001000	23.173365	0.835938	
0.001000	23.590553	0.734375	
0.001000	23.286673	0.781250	
0.001000	23.253311	0.812500	
0.001000	23.081070	0.890625	
0.001000	23.341022	0.796875	
0.001000	23.188812	0.804688	
0.001000	23.203096	0.789062	
0.001000	23.536514	0.726562	
0.001000	23.551260	0.703125	
0.001000	23.278164	0.750000	
0.001000	23.136444	0.820312	
0.001000	23.108953	0.828125	
0.001000	23.169409	0.750000	
0.001000	23.417652	0.742188	
0.001000	23.467783	0.671875	
0.001000	23.694082	0.703125	
0.001000	23.301788	0.773438	
0.001000	23.023998	0.851562	
0.001000	23.343382	0.750000	
0.001000	23.367451	0.718750	
0.001000	23.126328	0.789062	
0.001000	23.265251	0.757812	
0.001000	23.049007	0.882812	
0.001000	23.138462	0.804688	
0.001000	23.093418	0.820312	
0.001000	23.125805	0.804688	
0.001000	23.205917	0.804688	
0.001000	23.037958	0.789062	
0.001000	23.119337	0.804688	
0.001000	23.145651	0.773438	
0.001000	23.205755	0.773438	
0.001000	23.241306	0.726562	
0.001000	23.378725	0.734375	
0.001000	22.931120	0.867188	
0.001000	22.848551	0.914062	
0.001000	23.056398	0.820312	
0.001000	22.990250	0.867188	
0.001000	23.061220	0.843750	
0.001000	22.954275	0.859375	
0.001000	22.954655	0.859375	
0.001000	23.018915	0.835938	
0.001000	23.142502	0.804688	
0.001000	23.035528	0.851562	
0.001000	22.839836	0.875000	
0.001000	22.805931	0.867188	
0.001000	22.865673	0.898438	
0.001000	22.882475	0.843750	
0.001000	22.932072	0.867188	
0.001000	22.853456	0.835938	
0.001000	22.988977	0.796875	
0.001000	22.997829	0.828125	
0.001000	22.902966	0.835938	
0.001000	22.756037	0.875000	
0.001000	22.842514	0.890625	
0.001000	22.987457	0.820312	
0.001000	22.959841	0.843750	
0.001000	23.001116	0.812500	
0.001000	22.811796	0.843750	
0.001000	22.700333	0.898438	
0.001000	22.723564	0.859375	
0.001000	22.790964	0.867188	
0.001000	22.824045	0.882812	
0.001000	22.687155	0.906250	
0.001000	22.663752	0.906250	
0.001000	22.647720	0.906250	
0.001000	22.696823	0.906250	
0.001000	22.788824	0.859375	
0.001000	22.682878	0.921875	
0.001000	22.776869	0.859375	
0.001000	22.742315	0.859375	
0.001000	22.660929	0.898438	
0.001000	22.737324	0.859375	
0.001000	22.784309	0.859375	
0.001000	22.764168	0.851562	
0.001000	22.826271	0.867188	
0.001000	22.703497	0.890625	
0.001000	22.707788	0.867188	
0.001000	22.646999	0.898438	
0.001000	22.819534	0.882812	
0.001000	22.770184	0.867188	
0.001000	22.849342	0.890625	
0.001000	22.747807	0.882812	
0.001000	22.541426	0.937500	
0.001000	22.599003	0.875000	
0.001000	22.727264	0.875000	
0.001000	22.749842	0.859375	
0.001000	22.643356	0.859375	
0.001000	22.548042	0.914062	
0.001000	22.585457	0.914062	
0.001000	22.680397	0.867188	
0.001000	22.651361	0.882812	
0.001000	22.420033	0.953125	
0.001000	22.631901	0.867188	
0.001000	22.953398	0.828125	
0.001000	22.619204	0.882812	
0.001000	22.565603	0.914062	
0.001000	22.431610	0.921875	
0.001000	22.652260	0.875000	
0.001000	22.614174	0.906250	
0.001000	22.441065	0.960938	
0.001000	22.436302	0.921875	
0.001000	22.635416	0.914062	
0.001000	22.717306	0.843750	
0.001000	22.595116	0.890625	
0.001000	22.736534	0.812500	
0.001000	22.547472	0.867188	
0.001000	22.541378	0.906250	
0.001000	22.333487	0.968750	
0.001000	22.571249	0.890625	
0.001000	22.535275	0.882812	
0.001000	22.501671	0.898438	
0.001000	22.526501	0.882812	
0.001000	22.407717	0.929688	
0.001000	22.440657	0.914062	
0.001000	22.455345	0.890625	
0.001000	22.262733	0.976562	
0.001000	22.421076	0.898438	
0.001000	22.455847	0.921875	
0.001000	22.535461	0.890625	
0.001000	22.556444	0.851562	
0.001000	22.366968	0.921875	
0.001000	22.282187	0.960938	
0.001000	22.431236	0.906250	
0.001000	22.509716	0.921875	
0.001000	22.454481	0.945312	
0.001000	22.495626	0.875000	
0.001000	22.517902	0.867188	
0.001000	22.442728	0.898438	
0.001000	22.450708	0.859375	
0.001000	22.389544	0.890625	
0.001000	22.365000	0.937500	
0.001000	22.363470	0.906250	
0.001000	22.411812	0.914062	
0.001000	22.267046	0.953125	
0.001000	22.427759	0.882812	
0.001000	22.295210	0.929688	
0.001000	22.343420	0.929688	
0.001000	22.379496	0.890625	
0.001000	22.421774	0.914062	
0.001000	22.373270	0.875000	
0.001000	22.518478	0.828125	
0.001000	22.276039	0.921875	
0.001000	22.198656	0.929688	
0.001000	22.217501	0.921875	
0.001000	22.336769	0.906250	
0.001000	22.386887	0.898438	
0.001000	22.458298	0.906250	
0.001000	22.216169	0.929688	
0.001000	22.271626	0.921875	
0.001000	22.202139	0.914062	
0.001000	22.407038	0.867188	
0.001000	22.298292	0.882812	
0.001000	22.407572	0.851562	
0.001000	22.191725	0.929688	
0.001000	22.135088	0.921875	
0.001000	22.260242	0.929688	
0.001000	22.339018	0.890625	
0.001000	22.247513	0.898438	
0.001000	22.273804	0.906250	
0.001000	22.230398	0.914062	
0.001000	22.252611	0.937500	
0.001000	22.300779	0.882812	
0.001000	22.245300	0.898438	
0.001000	22.143078	0.953125	
0.001000	22.332500	0.898438	
0.001000	22.297205	0.890625	
0.001000	22.164310	0.906250	
0.001000	22.286371	0.875000	
0.001000	22.125490	0.921875	
0.001000	22.296412	0.859375	
0.001000	22.274788	0.867188	
0.001000	22.160782	0.929688	
0.001000	22.173546	0.921875	
0.001000	22.252573	0.914062	
0.001000	22.108633	0.929688	
0.001000	22.122393	0.875000	
0.001000	22.095274	0.945312	
0.001000	22.192001	0.875000	
0.001000	22.162100	0.882812	
0.001000	22.003637	0.953125	
0.001000	22.207209	0.914062	
0.001000	22.040449	0.921875	
0.001000	22.032801	0.929688	
0.001000	22.014685	0.945312	
0.001000	22.079428	0.921875	
0.001000	22.087927	0.890625	
0.001000	22.046768	0.937500	
0.001000	22.194038	0.859375	
0.001000	22.161640	0.882812	
0.001000	22.170212	0.898438	
0.001000	22.066944	0.929688	
0.001000	21.971617	0.953125	
0.001000	22.012899	0.953125	
0.001000	21.938223	0.984375	
0.001000	22.015554	0.953125	
0.001000	22.058802	0.906250	
0.001000	21.948668	0.960938	
0.001000	21.957901	0.937500	
0.001000	22.089504	0.882812	
0.001000	21.965712	0.945312	
0.001000	21.967035	0.945312	
0.001000	22.115515	0.898438	
0.001000	21.957529	0.914062	
0.001000	21.934265	0.921875	
0.001000	22.003582	0.906250	
0.001000	21.903893	0.929688	
0.001000	22.024471	0.921875	
0.001000	21.957565	0.929688	
0.001000	22.132908	0.914062	
0.001000	22.094440	0.890625	
0.001000	22.010044	0.882812	
0.001000	21.925289	0.914062	
0.001000	21.946564	0.937500	
0.001000	21.918051	0.937500	
0.001000	21.846970	0.953125	
0.001000	21.870884	0.937500	
0.001000	22.062517	0.882812	
0.001000	21.880245	0.953125	
0.001000	21.928381	0.914062	
0.001000	21.903889	0.937500	
0.001000	21.799940	0.953125	
0.001000	21.853352	0.929688	
0.001000	21.819857	0.929688	
0.001000	21.904692	0.914062	
0.001000	22.172832	0.843750	
0.001000	21.801081	0.953125	
0.001000	21.949594	0.890625	
0.001000	21.829489	0.960938	
0.001000	21.854340	0.921875	
0.001000	21.842169	0.945312	
0.001000	21.757782	0.937500	
0.001000	21.791548	0.953125	
0.001000	21.763424	0.960938	
0.001000	21.850075	0.914062	
0.001000	21.752516	0.937500	
0.001000	21.804213	0.929688	
0.001000	21.807671	0.921875	
0.001000	21.873034	0.898438	
0.001000	21.772972	0.945312	
0.001000	22.013882	0.906250	
0.001000	22.025846	0.898438	
0.001000	21.877104	0.921875	
0.001000	21.775917	0.937500	
0.001000	21.734606	0.960938	
0.001000	21.763668	0.945312	
0.001000	21.798834	0.898438	
0.001000	21.761917	0.921875	
0.001000	21.748674	0.898438	
0.001000	21.801157	0.921875	
0.001000	21.732691	0.945312	
0.001000	21.775732	0.929688	
0.001000	21.721834	0.937500	
0.001000	21.817102	0.914062	
0.001000	21.830135	0.906250	
0.001000	21.802191	0.914062	
0.001000	21.597473	0.968750	
0.001000	21.674173	0.937500	
0.001000	21.704969	0.929688	
0.001000	21.605787	0.960938	
0.001000	21.658186	0.906250	
0.001000	21.672617	0.921875	
0.001000	21.817923	0.898438	
0.001000	21.670767	0.914062	
0.001000	21.715101	0.921875	
0.001000	21.755013	0.953125	
0.001000	21.551050	0.960938	
0.001000	21.604105	0.937500	
0.001000	21.801046	0.898438	
0.001000	21.737228	0.898438	
0.001000	21.674063	0.906250	
0.001000	21.595009	0.968750	
0.001000	21.628139	0.890625	
0.001000	21.657824	0.937500	
0.001000	21.755487	0.890625	
0.001000	21.621250	0.937500	
0.001000	21.671705	0.890625	
0.001000	21.735754	0.890625	
0.001000	21.649807	0.921875	
0.001000	21.664803	0.906250	
0.001000	21.689640	0.898438	
0.001000	21.500492	0.960938	
0.001000	21.554029	0.929688	
0.001000	21.645058	0.921875	
0.001000	21.582651	0.906250	
0.001000	21.614914	0.929688	
0.001000	21.506083	0.953125	
0.001000	21.632687	0.914062	
0.001000	21.723175	0.882812	
0.001000	21.500648	0.945312	
0.001000	21.483896	0.945312	
0.001000	21.525574	0.953125	
0.001000	21.502003	0.953125	
0.001000	21.555008	0.945312	
0.001000	21.422522	0.960938	
0.001000	21.491360	0.898438	
0.001000	21.465166	0.960938	
0.001000	21.485006	0.929688	
0.001000	21.424891	0.960938	
0.001000	21.384064	0.976562	
0.001000	21.743353	0.867188	
0.001000	21.502007	0.914062	
0.001000	21.463840	0.921875	
0.001000	21.400772	0.945312	
0.001000	21.514627	0.914062	
0.001000	21.565687	0.937500	
0.001000	21.413406	0.929688	
0.001000	21.568445	0.906250	
0.001000	21.398930	0.945312	
0.001000	21.388254	0.953125	
0.001000	21.484093	0.945312	
0.001000	21.687159	0.890625	
0.001000	21.468071	0.914062	
0.001000	21.491467	0.945312	
0.001000	21.537638	0.906250	
0.001000	21.375345	0.929688	
0.001000	21.279804	0.976562	
0.001000	21.317110	0.968750	
0.001000	21.493206	0.921875	
0.001000	21.254633	0.984375	
0.001000	21.285103	0.960938	
0.001000	21.373051	0.945312	
0.001000	21.341116	0.960938	
0.001000	21.304121	0.960938	
0.001000	21.448423	0.906250	
0.001000	21.526218	0.898438	
0.001000	21.386024	0.945312	
0.001000	21.254738	0.960938	
0.001000	21.224203	0.976562	
0.001000	21.406013	0.906250	
0.001000	21.417374	0.937500	
0.001000	21.428833	0.914062	
0.001000	21.234381	0.968750	
0.001000	21.356529	0.953125	
0.001000	21.212852	0.968750	
0.001000	21.246811	0.953125	
0.001000	21.341841	0.921875	
0.001000	21.364164	0.929688	
0.001000	21.278494	0.953125	
0.001000	21.374460	0.921875	
0.001000	21.228933	0.945312	
0.001000	21.228558	0.968750	
0.001000	21.225414	0.937500	
0.001000	21.252762	0.945312	
0.001000	21.202629	0.960938	
0.001000	21.185202	0.953125	
0.001000	21.239479	0.945312	
0.001000	21.289068	0.921875	
0.001000	21.148752	0.968750	
0.001000	21.183310	0.953125	
0.001000	21.262140	0.929688	
0.001000	21.273083	0.921875	
0.001000	21.180380	0.968750	
0.001000	21.272293	0.929688	
0.001000	21.210489	0.945312	
0.001000	21.168259	0.953125	
0.001000	21.140787	0.960938	
0.001000	21.172256	0.945312	
0.001000	21.143736	0.945312	
0.001000	21.195990	0.921875	
0.001000	21.155712	0.921875	
0.001000	21.095255	0.968750	
0.001000	21.114040	0.960938	
0.001000	21.117830	0.945312	
0.001000	21.030132	0.984375	
0.001000	21.137291	0.921875	
0.001000	21.065615	0.960938	
0.001000	21.087339	0.937500	
0.001000	21.107557	0.921875	
0.001000	21.084921	0.929688	
0.001000	21.003105	0.976562	
0.001000	21.072758	0.968750	
0.001000	20.948822	0.992188	
0.001000	21.016670	0.976562	
0.001000	21.008766	0.976562	
0.001000	20.980331	0.968750	
0.001000	20.962656	0.976562	
0.001000	21.026535	0.968750	
0.001000	20.938536	0.984375	
0.001000	20.912201	1.000000	
0.001000	20.900150	1.000000	
0.001000	21.286957	0.914062	
0.001000	21.013918	0.937500	
0.001000	20.912062	0.992188	
0.001000	21.304806	0.929688	
0.001000	20.926561	0.976562	
0.001000	21.112391	0.947917	
0.001000	20.555653	0.976562	
0.001000	20.723928	0.921875	
0.001000	20.601662	0.953125	
0.001000	20.688417	0.953125	
0.001000	20.661270	0.929688	
0.001000	20.503756	0.976562	
0.001000	20.525257	0.968750	
0.001000	20.592405	0.953125	
0.001000	20.626835	0.945312	
0.001000	20.587053	0.953125	
0.001000	20.565866	0.937500	
0.001000	20.496965	0.976562	
0.001000	20.534018	0.984375	
0.001000	20.479315	0.968750	
0.001000	20.464869	0.968750	
0.001000	20.468407	0.968750	
0.001000	20.484337	0.968750	
0.001000	20.469282	0.960938	
0.001000	20.575649	0.976562	
0.001000	20.468365	0.968750	
0.001000	20.512228	0.976562	
0.001000	20.563242	0.929688	
0.001000	20.491688	0.945312	
0.001000	20.443453	0.968750	
0.001000	20.376917	0.984375	
0.001000	20.472395	0.960938	
0.001000	20.387409	0.984375	
0.001000	20.500624	0.953125	
0.001000	20.387442	0.960938	
0.001000	20.522573	0.945312	
0.001000	20.427069	0.968750	
0.001000	20.529291	0.945312	
0.001000	20.447327	0.953125	
0.001000	20.414425	0.968750	
0.001000	20.442017	0.953125	
0.001000	20.410074	0.960938	
0.001000	20.454189	0.960938	
0.001000	20.402830	0.976562	
0.001000	20.340965	0.976562	
0.001000	20.394243	0.968750	
0.001000	20.452303	0.945312	
0.001000	20.448509	0.953125	
0.001000	20.334896	0.968750	
0.001000	20.397257	0.953125	
0.001000	20.551508	0.898438	
0.001000	20.464008	0.929688	
0.001000	20.309816	0.968750	
0.001000	20.408020	0.968750	
0.001000	20.302893	0.968750	
0.001000	20.369358	0.960938	
0.001000	20.405025	0.945312	
0.001000	20.260912	0.984375	
0.001000	20.322878	0.960938	
0.001000	20.439898	0.929688	
0.001000	20.450211	0.945312	
0.001000	20.374853	0.937500	
0.001000	20.341318	0.960938	
0.001000	20.291851	0.968750	
0.001000	20.228605	0.968750	
0.001000	20.336796	0.929688	
0.001000	20.287706	0.976562	
0.001000	20.269112	0.968750	
0.001000	20.321508	0.953125	
0.001000	20.274767	0.953125	
0.001000	20.419611	0.890625	
0.001000	20.246071	0.968750	
0.001000	20.238224	0.968750	
0.001000	20.292559	0.953125	
0.001000	20.380075	0.921875	
0.001000	20.404339	0.890625	
0.001000	20.234787	0.960938	
0.001000	20.297239	0.976562	
0.001000	20.252493	0.937500	
0.001000	20.222151	0.945312	
0.001000	20.302000	0.929688	
0.001000	20.165972	0.984375	
0.001000	20.156567	0.968750	
0.001000	20.146296	0.984375	
0.001000	20.201658	0.968750	
0.001000	20.415346	0.914062	
0.001000	20.322796	0.937500	
0.001000	20.127289	0.976562	
0.001000	20.083990	1.000000	
0.001000	20.158222	0.968750	
0.001000	20.187435	0.953125	
0.001000	20.222851	0.921875	
0.001000	20.214354	0.945312	
0.001000	20.116194	0.953125	
0.001000	20.100046	0.976562	
0.001000	20.104237	0.976562	
0.001000	20.236292	0.929688	
0.001000	20.346773	0.898438	
0.001000	20.294268	0.929688	
0.001000	20.129168	0.968750	
0.001000	20.166885	0.937500	
0.001000	20.136564	0.945312	
0.001000	20.181726	0.945312	
0.001000	20.144053	0.937500	
0.001000	20.294912	0.921875	
0.001000	20.175917	0.906250	
0.001000	20.087164	0.960938	
0.001000	20.211739	0.914062	
0.001000	20.198769	0.906250	
0.001000	20.077381	0.945312	
0.001000	20.105909	0.937500	
0.001000	20.035767	0.968750	
0.001000	20.063898	0.937500	
0.001000	20.063066	0.937500	
0.001000	20.064840	0.960938	
0.001000	20.151772	0.945312	
0.001000	20.107819	0.921875	
0.001000	20.035929	0.953125	
0.001000	19.977884	0.968750	
0.001000	20.051538	0.945312	
0.001000	20.038916	0.945312	
0.001000	20.178663	0.906250	
0.001000	19.987469	0.945312	
0.001000	19.934408	0.984375	
0.001000	20.052916	0.945312	
0.001000	20.002871	0.960938	
0.001000	20.032074	0.953125	
0.001000	19.949095	0.968750	
0.001000	19.981756	0.953125	
0.001000	20.005936	0.953125	
0.001000	20.031610	0.960938	
0.001000	19.942616	0.953125	
0.001000	19.961786	0.953125	
0.001000	19.975367	0.960938	
0.001000	19.911409	0.953125	
0.001000	19.928183	0.953125	
0.001000	19.949863	0.945312	
0.001000	19.925680	0.953125	
0.001000	19.927771	0.953125	
0.001000	19.971069	0.968750	
0.001000	20.005863	0.921875	
0.001000	19.834986	0.984375	
0.001000	19.878635	0.976562	
0.001000	20.023006	0.937500	
0.001000	19.925512	0.937500	
0.001000	19.842497	0.968750	
0.001000	19.866745	0.968750	
0.001000	19.869902	0.945312	
0.001000	19.817307	0.976562	
0.001000	19.868418	0.945312	
0.001000	19.847244	0.960938	
0.001000	19.791407	0.976562	
0.001000	19.783096	0.976562	
0.001000	19.770689	0.976562	
0.001000	19.742147	0.992188	
0.001000	19.830271	0.960938	
0.001000	19.821447	0.976562	
0.001000	19.966797	0.921875	
0.001000	19.794985	0.953125	
0.001000	19.811100	0.968750	
0.001000	19.812321	0.953125	
0.001000	19.790367	0.960938	
0.001000	19.821783	0.929688	
0.001000	19.843481	0.937500	
0.001000	19.917503	0.929688	
0.001000	19.723028	0.976562	
0.001000	19.766411	0.968750	
0.001000	19.838472	0.960938	
0.001000	19.802162	0.960938	
0.001000	19.747936	0.960938	
0.001000	19.724794	0.960938	
0.001000	19.690470	0.976562	
0.001000	19.749418	0.960938	
0.001000	19.707829	0.960938	
0.001000	19.756310	0.968750	
0.001000	19.728069	0.968750	
0.001000	19.640150	0.984375	
0.001000	19.696335	0.953125	
0.001000	19.747583	0.953125	
0.001000	19.730961	0.945312	
0.001000	19.673805	0.968750	
0.001000	19.728825	0.945312	
0.001000	19.867117	0.906250	
0.001000	19.764729	0.929688	
0.001000	19.629780	0.976562	
0.001000	19.624695	0.976562	
0.001000	19.630812	0.984375	
0.001000	19.681301	0.976562	
0.001000	19.638067	0.968750	
0.001000	19.614826	0.968750	
0.001000	19.635445	0.960938	
0.001000	19.633816	0.976562	
0.001000	19.672028	0.945312	
0.001000	19.658697	0.945312	
0.001000	19.598970	0.976562	
0.001000	19.600752	0.953125	
0.001000	19.530144	0.992188	
0.001000	19.626238	0.960938	
0.001000	19.575071	0.960938	
0.001000	19.719126	0.937500	
0.001000	19.678034	0.929688	
0.001000	19.548733	0.992188	
0.001000	19.612186	0.945312	
0.001000	19.580915	0.953125	
0.001000	19.500525	0.984375	
0.001000	19.560333	0.976562	
0.001000	19.619612	0.960938	
0.001000	19.582912	0.945312	
0.001000	19.545792	0.960938	
0.001000	19.511477	0.968750	
0.001000	19.542871	0.960938	
0.001000	19.500214	0.976562	
0.001000	19.656563	0.937500	
0.001000	19.567722	0.953125	
0.001000	19.641678	0.937500	
0.001000	19.542095	0.960938	
0.001000	19.463526	0.984375	
0.001000	19.464930	0.976562	
0.001000	19.623482	0.898438	
0.001000	19.476633	0.960938	
0.001000	19.530561	0.960938	
0.001000	19.506083	0.976562	
0.001000	19.540121	0.960938	
0.001000	19.481037	0.953125	
0.001000	19.460875	0.976562	
0.001000	19.431671	0.960938	
0.001000	19.432650	0.953125	
0.001000	19.473522	0.937500	
0.001000	19.508907	0.945312	
0.001000	19.566113	0.945312	
0.001000	19.458824	0.945312	
0.001000	19.449028	0.960938	
0.001000	19.419212	0.968750	
0.001000	19.434767	0.953125	
0.001000	19.433393	0.968750	
0.001000	19.598372	0.953125	
0.001000	19.385574	0.968750	
0.001000	19.356495	0.984375	
0.001000	19.366560	0.984375	
0.001000	19.475836	0.929688	
0.001000	19.532234	0.929688	
0.001000	19.374557	0.960938	
0.001000	19.297581	0.984375	
0.001000	19.306252	0.984375	
0.001000	19.357578	0.968750	
0.001000	19.329037	0.976562	
0.001000	19.386534	0.953125	
0.001000	19.403919	0.921875	
0.001000	19.454674	0.937500	
0.001000	19.400963	0.953125	
0.001000	19.401421	0.937500	
0.001000	19.355371	0.968750	
0.001000	19.355194	0.937500	
0.001000	19.388363	0.953125	
0.001000	19.327112	0.937500	
0.001000	19.273748	0.976562	
0.001000	19.344015	0.945312	
0.001000	19.266554	0.984375	
0.001000	19.303007	0.968750	
0.001000	19.362101	0.921875	
0.001000	19.273670	0.968750	
0.001000	19.281462	0.953125	
0.001000	19.286009	0.968750	
0.001000	19.195143	0.992188	
0.001000	19.289083	0.960938	
0.001000	19.242022	0.968750	
0.001000	19.278994	0.968750	
0.001000	19.251446	0.960938	
0.001000	19.160679	1.000000	
0.001000	19.257786	0.960938	
0.001000	19.220097	0.960938	
0.001000	19.170290	0.968750	
0.001000	19.200094	0.968750	
0.001000	19.130735	0.992188	
0.001000	19.276962	0.945312	
0.001000	19.195868	0.976562	
0.001000	19.170444	0.976562	
0.001000	19.284468	0.937500	
0.001000	19.278666	0.921875	
0.001000	19.155840	0.984375	
0.001000	19.177979	0.976562	
0.001000	19.197178	0.976562	
0.001000	19.084356	1.000000	
0.001000	19.257240	0.953125	
0.001000	19.134239	0.968750	
0.001000	19.094503	0.976562	
0.001000	19.184750	0.953125	
0.001000	19.145046	0.945312	
0.001000	19.208595	0.960938	
0.001000	19.067961	0.992188	
0.001000	19.171106	0.960938	
0.001000	19.061035	0.976562	
0.001000	19.064308	0.984375	
0.001000	19.163918	0.953125	
0.001000	19.061888	0.976562	
0.001000	19.193438	0.945312	
0.001000	19.072134	0.992188	
0.001000	19.083733	0.968750	
0.001000	19.198944	0.945312	
0.001000	19.061001	0.968750	
0.001000	19.154314	0.953125	
0.001000	19.158915	0.960938	
0.001000	18.999382	1.000000	
0.001000	19.050646	0.953125	
0.001000	19.121037	0.960938	
0.001000	19.073626	0.945312	
0.001000	19.037451	0.960938	
0.001000	19.012665	0.968750	
0.001000	19.020144	0.968750	
0.001000	18.981888	0.992188	
0.001000	19.040840	0.953125	
0.001000	18.950033	0.992188	
0.001000	19.003454	0.960938	
0.001000	19.253046	0.882812	
0.001000	18.957285	0.976562	
0.001000	19.059708	0.937500	
0.001000	18.946972	0.992188	
0.001000	18.970989	0.960938	
0.001000	18.962284	0.968750	
0.001000	18.983795	0.968750	
0.001000	18.984749	0.968750	
0.001000	18.955736	0.968750	
0.001000	18.943922	0.984375	
0.001000	18.920731	0.984375	
0.001000	18.954210	0.968750	
0.001000	18.905254	0.968750	
0.001000	18.964344	0.960938	
0.001000	18.878042	0.976562	
0.001000	18.967791	0.953125	
0.001000	19.067165	0.945312	
0.001000	18.934402	0.968750	
0.001000	18.911690	0.968750	
0.001000	18.937778	0.960938	
0.001000	18.905405	0.960938	
0.001000	18.915207	0.953125	
0.001000	18.907757	0.960938	
0.001000	18.836430	0.984375	
0.001000	18.910183	0.953125	
0.001000	18.916748	0.976562	
0.001000	18.956556	0.929688	
0.001000	18.859350	0.968750	
0.001000	18.970619	0.937500	
0.001000	18.999296	0.953125	
0.001000	18.893766	0.960938	
0.001000	18.763744	0.992188	
0.001000	18.846226	0.984375	
0.001000	18.872797	0.968750	
0.001000	18.800104	0.984375	
0.001000	18.788639	0.984375	
0.001000	18.876726	0.960938	
0.001000	18.827333	0.945312	
0.001000	18.800709	0.976562	
0.001000	18.768263	0.968750	
0.001000	18.890760	0.960938	
0.001000	18.777163	0.968750	
0.001000	18.794426	0.960938	
0.001000	18.829056	0.945312	
0.001000	18.759417	0.968750	
0.001000	18.795624	0.976562	
0.001000	18.750288	0.976562	
0.001000	18.793732	0.960938	
0.001000	18.806414	0.945312	
0.001000	18.814615	0.960938	
0.001000	18.828232	0.945312	
0.001000	18.797119	0.945312	
0.001000	18.833996	0.937500	
0.001000	18.790850	0.937500	
0.001000	18.911863	0.898438	
0.001000	18.888351	0.906250	
0.001000	18.677437	0.984375	
0.001000	18.697798	0.992188	
0.001000	18.707716	0.960938	
0.001000	18.716766	0.976562	
0.001000	18.727859	0.953125	
0.001000	18.667629	0.960938	
0.001000	18.810255	0.929688	
0.001000	18.755325	0.945312	
0.001000	18.680912	0.976562	
0.001000	18.669703	0.968750	
0.001000	18.623470	0.976562	
0.001000	18.733959	0.968750	
0.001000	18.733656	0.945312	
0.001000	18.572128	1.000000	
0.001000	18.654007	0.960938	
0.001000	18.589060	0.984375	
0.001000	18.635321	0.976562	
0.001000	18.576937	0.984375	
0.001000	18.607538	0.984375	
0.001000	18.639847	0.976562	
0.001000	18.789820	0.921875	
0.001000	18.636583	0.976562	
0.001000	18.554804	0.976562	
0.001000	18.778152	0.945312	
0.001000	18.774664	0.921875	
0.001000	18.586000	0.976562	
0.001000	18.556126	0.992188	
0.001000	18.576433	0.968750	
0.001000	18.557995	0.968750	
0.001000	18.595646	0.984375	
0.001000	18.776440	0.914062	
0.001000	18.581388	0.953125	
0.001000	18.574003	0.968750	
0.001000	18.626637	0.953125	
0.001000	18.553913	0.968750	
0.001000	18.466877	0.992188	
0.001000	18.533524	0.953125	
0.001000	18.615101	0.953125	
0.001000	18.451809	0.992188	
0.001000	18.496637	0.984375	
0.001000	18.453403	0.984375	
0.001000	18.496386	0.968750	
0.001000	18.535883	0.968750	
0.001000	18.522495	0.960938	
0.001000	18.636103	0.921875	
0.001000	18.531822	0.945312	
0.001000	18.420109	0.976562	
0.001000	18.405172	0.992188	
0.001000	18.439192	0.968750	
0.001000	18.510330	0.968750	
0.001000	18.558847	0.937500	
0.001000	18.429913	0.976562	
0.001000	18.458492	0.984375	
0.001000	18.413589	0.984375	
0.001000	18.464952	0.968750	
0.001000	18.409451	0.984375	
0.001000	18.447412	0.945312	
0.001000	18.379015	0.984375	
0.001000	18.506243	0.945312	
0.001000	18.424372	0.953125	
0.001000	18.400297	0.968750	
0.001000	18.383154	0.960938	
0.001000	18.353453	0.984375	
0.001000	18.417299	0.960938	
0.001000	18.392532	0.960938	
0.001000	18.443628	0.953125	
0.001000	18.348238	0.984375	
0.001000	18.314169	0.984375	
0.001000	18.358376	0.945312	
0.001000	18.415085	0.953125	
0.001000	18.415560	0.960938	
0.001000	18.347006	0.960938	
0.001000	18.509836	0.945312	
0.001000	18.353081	0.953125	
0.001000	18.346258	0.976562	
0.001000	18.278481	0.984375	
0.001000	18.368181	0.953125	
0.001000	18.268124	0.992188	
0.001000	18.372066	0.937500	
0.001000	18.308060	0.960938	
0.001000	18.280796	0.968750	
0.001000	18.278732	0.976562	
0.001000	18.264490	0.976562	
0.001000	18.212589	0.992188	
0.001000	18.254677	0.976562	
0.001000	18.235415	0.960938	
0.001000	18.233530	0.984375	
0.001000	18.279051	0.960938	
0.001000	18.295919	0.953125	
0.001000	18.203407	0.992188	
0.001000	18.263155	0.968750	
0.001000	18.164104	0.992188	
0.001000	18.196692	0.984375	
0.001000	18.223980	0.976562	
0.001000	18.155382	0.992188	
0.001000	18.144678	1.000000	
0.001000	18.203440	0.976562	
0.001000	18.142435	0.984375	
0.001000	18.120108	1.000000	
0.001000	18.115108	1.000000	
0.001000	18.248692	0.945312	
0.001000	18.174843	0.976562	
0.001000	18.113712	0.992188	
0.001000	18.429502	0.921875	
0.001000	18.140509	0.984375	
0.001000	18.287746	0.979167	
0.001000	17.712059	0.984375	
0.001000	17.812099	0.960938	
0.001000	17.716999	0.968750	
0.001000	17.835257	0.960938	
0.001000	17.722071	0.976562	
0.001000	17.689064	0.984375	
0.001000	17.694433	0.976562	
0.001000	17.859943	0.945312	
0.001000	17.777939	0.945312	
0.001000	17.714666	0.976562	
0.001000	17.797089	0.953125	
0.001000	17.667942	0.984375	
0.001000	17.739929	0.968750	
0.001000	17.625723	0.992188	
0.001000	17.626295	0.992188	
0.001000	17.653770	0.976562	
0.001000	17.644722	0.984375	
0.001000	17.625841	0.992188	
0.001000	17.733936	0.976562	
0.001000	17.627743	0.976562	
0.001000	17.729143	0.976562	
0.001000	17.663710	0.984375	
0.001000	17.607050	0.984375	
0.001000	17.613668	0.976562	
0.001000	17.561415	1.000000	
0.001000	17.639050	0.976562	
0.001000	17.559439	0.984375	
0.001000	17.583679	0.984375	
0.001000	17.616808	0.976562	
0.001000	17.582615	0.968750	
0.001000	17.552435	0.984375	
0.001000	17.649891	0.976562	
0.001000	17.558146	0.968750	
0.001000	17.552654	0.976562	
0.001000	17.638855	0.976562	
0.001000	17.524324	0.992188	
0.001000	17.544521	0.976562	
0.001000	17.571882	0.960938	
0.001000	17.519102	0.976562	
0.001000	17.602970	0.960938	
0.001000	17.593683	0.968750	
0.001000	17.514271	0.968750	
0.001000	17.494730	0.992188	
0.001000	17.581917	0.945312	
0.001000	17.603514	0.960938	
0.001000	17.546150	0.960938	
0.001000	17.520485	0.976562	
0.001000	17.510324	0.976562	
0.001000	17.486958	0.968750	
0.001000	17.564198	0.953125	
0.001000	17.546257	0.968750	
0.001000	17.433006	0.992188	
0.001000	17.457918	0.984375	
0.001000	17.581875	0.937500	
0.001000	17.490561	0.968750	
0.001000	17.484154	0.984375	
0.001000	17.511536	0.968750	
0.001000	17.471527	0.976562	
0.001000	17.422964	0.984375	
0.001000	17.466227	0.968750	
0.001000	17.535654	0.929688	
0.001000	17.478189	0.968750	
0.001000	17.416643	0.968750	
0.001000	17.426622	0.968750	
0.001000	17.456566	0.953125	
0.001000	17.502174	0.960938	
0.001000	17.547537	0.929688	
0.001000	17.454401	0.968750	
0.001000	17.465477	0.968750	
0.001000	17.436176	0.945312	
0.001000	17.401031	0.976562	
0.001000	17.450552	0.968750	
0.001000	17.456358	0.945312	
0.001000	17.372519	0.968750	
0.001000	17.390121	0.968750	
0.001000	17.375021	0.968750	
0.001000	17.327799	0.992188	
0.001000	17.345068	0.968750	
0.001000	17.402336	0.960938	
0.001000	17.438616	0.945312	
0.001000	17.580343	0.906250	
0.001000	17.269316	1.000000	
0.001000	17.272339	0.992188	
0.001000	17.281185	0.984375	
0.001000	17.333746	0.968750	
0.001000	17.348083	0.960938	
0.001000	17.305723	0.984375	
0.001000	17.292164	0.992188	
0.001000	17.279757	0.984375	
0.001000	17.276999	0.968750	
0.001000	17.326849	0.968750	
0.001000	17.352741	0.960938	
0.001000	17.271666	0.976562	
0.001000	17.314199	0.968750	
0.001000	17.341198	0.945312	
0.001000	17.359871	0.953125	
0.001000	17.246313	0.992188	
0.001000	17.231514	0.976562	
0.001000	17.296343	0.945312	
0.001000	17.211462	0.984375	
0.001000	17.216757	0.976562	
0.001000	17.312670	0.945312	
0.001000	17.271400	0.968750	
0.001000	17.186420	0.992188	
0.001000	17.183428	0.992188	
0.001000	17.172558	0.992188	
0.001000	17.214882	0.960938	
0.001000	17.194502	0.960938	
0.001000	17.183502	0.984375	
0.001000	17.286976	0.937500	
0.001000	17.168882	0.984375	
0.001000	17.199533	0.968750	
0.001000	17.174412	0.968750	
0.001000	17.184254	0.968750	
0.001000	17.173445	0.968750	
0.001000	17.147102	0.984375	
0.001000	17.187078	0.960938	
0.001000	17.154112	0.968750	
0.001000	17.128609	0.976562	
0.001000	17.107399	0.984375	
0.001000	17.159786	0.968750	
0.001000	17.097656	0.984375	
0.001000	17.108393	0.976562	
0.001000	17.205223	0.953125	
0.001000	17.124079	0.968750	
0.001000	17.108389	0.976562	
0.001000	17.067844	0.992188	
0.001000	17.061146	0.984375	
0.001000	17.120787	0.960938	
0.001000	17.100410	0.976562	
0.001000	17.150349	0.945312	
0.001000	17.050316	0.984375	
0.001000	17.147659	0.945312	
0.001000	17.071465	0.968750	
0.001000	17.055746	0.976562	
0.001000	17.021866	0.992188	
0.001000	17.006456	0.992188	
0.001000	17.070648	0.968750	
0.001000	17.122902	0.960938	
0.001000	17.053755	0.976562	
0.001000	17.019026	0.976562	
0.001000	17.060863	0.960938	
0.001000	17.017948	0.953125	
0.001000	17.053328	0.968750	
0.001000	17.050547	0.976562	
0.001000	16.976473	0.992188	
0.001000	17.000937	0.984375	
0.001000	16.955273	0.992188	
0.001000	16.923677	1.000000	
0.001000	17.024635	0.968750	
0.001000	17.025934	0.976562	
0.001000	17.066521	0.960938	
0.001000	16.928780	0.992188	
0.001000	16.920052	0.992188	
0.001000	17.049633	0.960938	
0.001000	16.925097	0.992188	
0.001000	16.968493	0.960938	
0.001000	16.990522	0.960938	
0.001000	16.993370	0.968750	
0.001000	16.886889	0.992188	
0.001000	16.965206	0.984375	
0.001000	17.016439	0.953125	
0.001000	16.891708	0.984375	
0.001000	16.956112	0.953125	
0.001000	16.947670	0.976562	
0.001000	16.863676	0.992188	
0.001000	16.871574	0.984375	
0.001000	16.874985	0.976562	
0.001000	16.936329	0.976562	
0.001000	16.846165	0.984375	
0.001000	16.884563	0.976562	
0.001000	16.896654	0.960938	
0.001000	16.866062	0.968750	
0.001000	16.839094	0.984375	
0.001000	16.811840	0.992188	
0.001000	16.842110	0.984375	
0.001000	16.873644	0.953125	
0.001000	16.865814	0.968750	
0.001000	16.809273	0.984375	
0.001000	16.787865	0.992188	
0.001000	16.811180	0.984375	
0.001000	16.813633	0.984375	
0.001000	16.793839	0.992188	
0.001000	16.791241	0.976562	
0.001000	16.794489	0.976562	
0.001000	16.825148	0.976562	
0.001000	16.842083	0.968750	
0.001000	16.778051	0.976562	
0.001000	16.753672	0.984375	
0.001000	16.868299	0.968750	
0.001000	16.713871	1.000000	
0.001000	16.808054	0.960938	
0.001000	16.757116	0.968750	
0.001000	16.807470	0.968750	
0.001000	16.802944	0.968750	
0.001000	16.724079	0.976562	
0.001000	16.814676	0.953125	
0.001000	16.742138	0.976562	
0.001000	16.695681	0.992188	
0.001000	16.748497	0.960938	
0.001000	16.848024	0.953125	
0.001000	16.759687	0.960938	
0.001000	16.718807	0.984375	
0.001000	16.701847	0.976562	
0.001000	16.728264	0.984375	
0.001000	16.659342	0.992188	
0.001000	16.726683	0.960938	
0.001000	16.823093	0.945312	
0.001000	16.776527	0.921875	
0.001000	16.720570	0.968750	
0.001000	16.737751	0.984375	
0.001000	16.687872	0.976562	
0.001000	16.729778	0.945312	
0.001000	16.604237	1.000000	
0.001000	16.652113	0.976562	
0.001000	16.722897	0.960938	
0.001000	16.632156	0.976562	
0.001000	16.649071	0.968750	
0.001000	16.597935	0.984375	
0.001000	16.652880	0.976562	
0.001000	16.594284	0.984375	
0.001000	16.651863	0.960938	
0.001000	16.645538	0.960938	
0.001000	16.638338	0.968750	
0.001000	16.677174	0.976562	
0.001000	16.630938	0.968750	
0.001000	16.582890	0.976562	
0.001000	16.655231	0.953125	
0.001000	16.668921	0.960938	
0.001000	16.710417	0.945312	
0.001000	16.558607	0.984375	
0.001000	16.593395	0.960938	
0.001000	16.588640	0.984375	
0.001000	16.563263	0.968750	
0.001000	16.662828	0.968750	
0.001000	16.559118	0.968750	
0.001000	16.527906	0.984375	
0.001000	16.502522	0.992188	
0.001000	16.575041	0.960938	
0.001000	16.519451	0.976562	
0.001000	16.548889	0.960938	
0.001000	16.536507	0.984375	
0.001000	16.490604	0.984375	
0.001000	16.561268	0.968750	
0.001000	16.566975	0.960938	
0.001000	16.520462	0.976562	
0.001000	16.555008	0.945312	
0.001000	16.585484	0.953125	
0.001000	16.597803	0.960938	
0.001000	16.470839	0.976562	
0.001000	16.539879	0.960938	
0.001000	16.432320	0.992188	
0.001000	16.540995	0.937500	
0.001000	16.504799	0.937500	
0.001000	16.498569	0.976562	
0.001000	16.477715	0.976562	
0.001000	16.509195	0.953125	
0.001000	16.423140	0.984375	
0.001000	16.481766	0.968750	
0.001000	16.404953	0.976562	
0.001000	16.482870	0.960938	
0.001000	16.473438	0.968750	
0.001000	16.385927	0.984375	
0.001000	16.385424	0.992188	
0.001000	16.373840	0.984375	
0.001000	16.386187	0.984375	
0.001000	16.370401	0.984375	
0.001000	16.340439	0.992188	
0.001000	16.468830	0.968750	
0.001000	16.366112	0.968750	
0.001000	16.472250	0.937500	
0.001000	16.409504	0.976562	
0.001000	16.424650	0.960938	
0.001000	16.427378	0.960938	
0.001000	16.332365	0.976562	
0.001000	16.366043	0.968750	
0.001000	16.311926	0.984375	
0.001000	16.415903	0.960938	
0.001000	16.307455	0.992188	
0.001000	16.274307	0.992188	
0.001000	16.301268	0.984375	
0.001000	16.335806	0.976562	
0.001000	16.360327	0.968750	
0.001000	16.324368	0.976562	
0.001000	16.368078	0.968750	
0.001000	16.283197	0.984375	
0.001000	16.307522	0.976562	
0.001000	16.361828	0.953125	
0.001000	16.268019	0.976562	
0.001000	16.404593	0.960938	
0.001000	16.283686	0.984375	
0.001000	16.312088	0.953125	
0.001000	16.457975	0.945312	
0.001000	16.303175	0.968750	
0.001000	16.285421	0.968750	
0.001000	16.293158	0.976562	
0.001000	16.268095	0.968750	
0.001000	16.225006	0.960938	
0.001000	16.196213	0.992188	
0.001000	16.349958	0.945312	
0.001000	16.194721	0.976562	
0.001000	16.216789	0.976562	
0.001000	16.181683	0.992188	
0.001000	16.181089	0.984375	
0.001000	16.181534	0.968750	
0.001000	16.158115	0.992188	
0.001000	16.254198	0.968750	
0.001000	16.391270	0.929688	
0.001000	16.150583	0.984375	
0.001000	16.212751	0.976562	
0.001000	16.167280	0.976562	
0.001000	16.145363	0.984375	
0.001000	16.175510	0.968750	
0.001000	16.259487	0.976562	
0.001000	16.153332	0.976562	
0.001000	16.152931	0.976562	
0.001000	16.186808	0.960938	
0.001000	16.108665	0.984375	
0.001000	16.163315	0.976562	
0.001000	16.078014	0.992188	
0.001000	16.172127	0.968750	
0.001000	16.094656	0.984375	
0.001000	16.222507	0.945312	
0.001000	16.279606	0.945312	
0.001000	16.212370	0.953125	
0.001000	16.119534	0.968750	
0.001000	16.057083	0.992188	
0.001000	16.160666	0.953125	
0.001000	16.163731	0.937500	
0.001000	16.097584	0.968750	
0.001000	16.054451	0.992188	
0.001000	16.138281	0.937500	
0.001000	16.123819	0.976562	
0.001000	16.113346	0.953125	
0.001000	16.077936	0.976562	
0.001000	16.067696	0.968750	
0.001000	16.185654	0.960938	
0.001000	16.016874	0.984375	
0.001000	16.028646	0.984375	
0.001000	16.063173	0.968750	
0.001000	16.035061	0.968750	
0.001000	16.031651	0.976562	
0.001000	16.013712	0.968750	
0.001000	15.990678	0.992188	
0.001000	16.045307	0.960938	
0.001000	15.952052	1.000000	
0.001000	15.996717	0.984375	
0.001000	16.131500	0.945312	
0.001000	15.943832	0.992188	
0.001000	15.960645	0.984375	
0.001000	16.070520	0.968750	
0.001000	15.963690	0.968750	
0.001000	15.958429	0.968750	
0.001000	15.950638	0.992188	
0.001000	15.959431	0.968750	
0.001000	15.964388	0.976562	
0.001000	16.007042	0.953125	
0.001000	16.018154	0.960938	
0.001000	15.999413	0.960938	
0.001000	16.064415	0.953125	
0.001000	16.011763	0.968750	
0.001000	16.150841	0.921875	
0.001000	15.978587	0.953125	
0.001000	15.861939	0.992188	
0.001000	15.873140	0.992188	
0.001000	15.960714	0.976562	
0.001000	15.938273	0.976562	
0.001000	15.948590	0.968750	
0.001000	15.918480	0.953125	
0.001000	15.975325	0.945312	
0.001000	15.937802	0.968750	
0.001000	15.935974	0.960938	
0.001000	15.847815	0.976562	
0.001000	15.873704	0.976562	
0.001000	15.923645	0.953125	
0.001000	15.838213	0.984375	
0.001000	15.807585	0.992188	
0.001000	15.877450	0.976562	
0.001000	15.856999	0.953125	
0.001000	15.818280	0.976562	
0.001000	15.783447	0.984375	
0.001000	15.765364	1.000000	
0.001000	15.875491	0.953125	
0.001000	15.910740	0.953125	
0.001000	15.844253	0.984375	
0.001000	15.791892	0.984375	
0.001000	15.865099	0.945312	
0.001000	15.889657	0.937500	
0.001000	15.746903	0.992188	
0.001000	15.895585	0.937500	
0.001000	15.780181	0.976562	
0.001000	15.717766	1.000000	
0.001000	15.825963	0.960938	
0.001000	16.007118	0.945312	
0.001000	15.765862	0.968750	
0.001000	15.722710	0.976562	
0.001000	15.743851	0.976562	
0.001000	15.785183	0.953125	
0.001000	15.723661	0.976562	
0.001000	15.709543	0.984375	
0.001000	15.876495	0.937500	
0.001000	15.670301	1.000000	
0.001000	15.676929	0.984375	
0.001000	15.733425	0.976562	
0.001000	15.692018	0.976562	
0.001000	15.743920	0.976562	
0.001000	15.717294	0.976562	
0.001000	15.782993	0.960938	
0.001000	15.700154	0.960938	
0.001000	15.665523	0.984375	
0.001000	15.621934	1.000000	
0.001000	15.707004	0.960938	
0.001000	15.790790	0.968750	
0.001000	15.947420	0.921875	
0.001000	15.633267	0.984375	
0.001000	15.771933	0.968750	
0.001000	15.593785	1.000000	
0.001000	15.697164	0.968750	
0.001000	15.612007	0.984375	
0.001000	15.628055	0.976562	
0.001000	15.661711	0.976562	
0.001000	15.627980	0.984375	
0.001000	15.618011	0.968750	
0.001000	15.623790	0.976562	
0.001000	15.634703	0.984375	
0.001000	15.592212	0.984375	
0.001000	15.608064	0.976562	
0.001000	15.601671	0.968750	
0.001000	15.652911	0.953125	
0.001000	15.577770	0.984375	
0.001000	15.530870	1.000000	
0.001000	15.587578	0.968750	
0.001000	15.582311	0.968750	
0.001000	15.558272	0.976562	
0.001000	15.534176	0.992188	
0.001000	15.568873	0.984375	
0.001000	15.534790	0.976562	
0.001000	15.529603	0.992188	
0.001000	15.515040	0.984375	
0.001000	15.564262	0.976562	
0.001000	15.539319	0.976562	
0.001000	15.589209	0.960938	
0.001000	15.591584	0.945312	
0.001000	15.537756	0.968750	
0.001000	15.483376	0.984375	
0.001000	15.515055	0.976562	
0.001000	15.447125	1.000000	
0.001000	15.528697	0.968750	
0.001000	15.482693	0.976562	
0.001000	15.497034	0.976562	
0.001000	15.541146	0.968750	
0.001000	15.498582	0.976562	
0.001000	15.472321	0.976562	
0.001000	15.548798	0.960938	
0.001000	15.400352	1.000000	
0.001000	15.443289	0.984375	
0.001000	15.410322	0.992188	
0.001000	15.416754	0.984375	
0.001000	15.399470	0.992188	
0.001000	15.441345	0.976562	
0.001000	15.369248	1.000000	
0.001000	15.364638	1.000000	
0.001000	15.360773	1.000000	
0.001000	15.395163	0.992188	
0.001000	15.463219	0.976562	
0.001000	15.349783	1.000000	
0.001000	15.552755	0.953125	
0.001000	15.369642	0.992188	
0.001000	15.410228	0.989583	
0.001000	15.007462	0.976562	
0.001000	15.033924	0.960938	
0.001000	15.050153	0.953125	
0.001000	15.113021	0.960938	
0.001000	14.984538	0.976562	
0.001000	14.976202	0.984375	
0.001000	14.934430	0.992188	
0.001000	15.042771	0.960938	
0.001000	14.975488	0.968750	
0.001000	15.047086	0.945312	
0.001000	15.096210	0.937500	
0.001000	14.927980	1.000000	
0.001000	15.022490	0.968750	
0.001000	14.910487	0.984375	
0.001000	14.902215	0.984375	
0.001000	15.036598	0.968750	
0.001000	14.936535	0.976562	
0.001000	14.886392	0.992188	
0.001000	15.031585	0.976562	
0.001000	14.896628	0.984375	
0.001000	14.970334	0.984375	
0.001000	14.901045	0.984375	
0.001000	14.879943	0.984375	
0.001000	14.922982	0.960938	
0.001000	14.857202	0.992188	
0.001000	14.880188	0.976562	
0.001000	14.864595	0.984375	
0.001000	14.895881	0.968750	
0.001000	14.889693	0.960938	
0.001000	14.856032	0.992188	
0.001000	14.819077	0.992188	
0.001000	14.882929	0.984375	
0.001000	14.850601	0.976562	
0.001000	14.840443	0.968750	
0.001000	14.869544	0.976562	
0.001000	14.838558	0.968750	
0.001000	14.817006	0.976562	
0.001000	14.842831	0.976562	
0.001000	14.779481	1.000000	
0.001000	14.849036	0.968750	
0.001000	14.770154	1.000000	
0.001000	14.850599	0.984375	
0.001000	14.765352	0.992188	
0.001000	14.816987	0.960938	
0.001000	14.813171	0.968750	
0.001000	14.787822	0.976562	
0.001000	14.779481	0.984375	
0.001000	14.792576	0.968750	
0.001000	14.776203	0.976562	
0.001000	14.781959	0.976562	
0.001000	14.795339	0.992188	
0.001000	14.720852	0.984375	
0.001000	14.764770	0.984375	
0.001000	14.834624	0.960938	
0.001000	14.750521	0.976562	
0.001000	14.759433	0.984375	
0.001000	14.815271	0.976562	
0.001000	14.713823	0.992188	
0.001000	14.706655	0.968750	
0.001000	14.720980	0.968750	
0.001000	14.705785	0.984375	
0.001000	14.792861	0.968750	
0.001000	14.682988	0.984375	
0.001000	14.704929	0.968750	
0.001000	14.751887	0.945312	
0.001000	14.712698	0.968750	
0.001000	14.748487	0.968750	
0.001000	14.759025	0.937500	
0.001000	14.729249	0.968750	
0.001000	14.721144	0.960938	
0.001000	14.704803	0.976562	
0.001000	14.645640	0.968750	
0.001000	14.658328	0.976562	
0.001000	14.708439	0.953125	
0.001000	14.724516	0.945312	
0.001000	14.657140	0.968750	
0.001000	14.615361	0.984375	
0.001000	14.607913	0.984375	
0.001000	14.690170	0.968750	
0.001000	14.625340	0.976562	
0.001000	14.845493	0.929688	
0.001000	14.564358	1.000000	
0.001000	14.575696	0.984375	
0.001000	14.564316	0.992188	
0.001000	14.618946	0.984375	
0.001000	14.630258	0.984375	
0.001000	14.567795	0.984375	
0.001000	14.593715	0.984375	
0.001000	14.545560	0.984375	
0.001000	14.556718	0.984375	
0.001000	14.667891	0.953125	
0.001000	14.564772	0.992188	
0.001000	14.692476	0.937500	
0.001000	14.572057	0.976562	
0.001000	14.523333	0.976562	
0.001000	14.550546	0.984375	
0.001000	14.517373	0.992188	
0.001000	14.506422	0.984375	
0.001000	14.558317	0.960938	
0.001000	14.550648	0.968750	
0.001000	14.512856	0.976562	
0.001000	14.523641	0.976562	
0.001000	14.506062	0.976562	
0.001000	14.491722	0.976562	
0.001000	14.447754	1.000000	
0.001000	14.480060	0.992188	
0.001000	14.469204	0.992188	
0.001000	14.511545	0.976562	
0.001000	14.467860	0.984375	
0.001000	14.613428	0.945312	
0.001000	14.461261	0.976562	
0.001000	14.483834	0.976562	
0.001000	14.465017	0.984375	
0.001000	14.430007	0.992188	
0.001000	14.455205	0.976562	
0.001000	14.446254	0.968750	
0.001000	14.421860	0.992188	
0.001000	14.388588	1.000000	
0.001000	14.424129	0.984375	
0.001000	14.415529	0.984375	
0.001000	14.507998	0.960938	
0.001000	14.415569	0.976562	
0.001000	14.410866	0.976562	
0.001000	14.439038	0.960938	
0.001000	14.472608	0.976562	
0.001000	14.425784	0.968750	
0.001000	14.454017	0.968750	
0.001000	14.403657	0.968750	
0.001000	14.353579	0.992188	
0.001000	14.410751	0.976562	
0.001000	14.409039	0.976562	
0.001000	14.380733	0.976562	
0.001000	14.378279	0.976562	
0.001000	14.425740	0.968750	
0.001000	14.342670	0.984375	
0.001000	14.388352	0.960938	
0.001000	14.381041	0.984375	
0.001000	14.442879	0.953125	
0.001000	14.401031	0.945312	
0.001000	14.347904	0.960938	
0.001000	14.318874	0.984375	
0.001000	14.295005	0.984375	
0.001000	14.368607	0.968750	
0.001000	14.311529	0.984375	
0.001000	14.313964	0.984375	
0.001000	14.292361	0.992188	
0.001000	14.308930	0.992188	
0.001000	14.257156	0.992188	
0.001000	14.279248	0.984375	
0.001000	14.328930	0.976562	
0.001000	14.264323	0.984375	
0.001000	14.366455	0.976562	
0.001000	14.230752	1.000000	
0.001000	14.266631	0.984375	
0.001000	14.280005	0.976562	
0.001000	14.305123	0.968750	
0.001000	14.249395	0.976562	
0.001000	14.237647	0.976562	
0.001000	14.299113	0.984375	
0.001000	14.190838	1.000000	
0.001000	14.228016	0.984375	
0.001000	14.222705	0.984375	
0.001000	14.308514	0.960938	
0.001000	14.234978	0.968750	
0.001000	14.236150	0.976562	
0.001000	14.180889	0.984375	
0.001000	14.200214	0.984375	
0.001000	14.190470	0.984375	
0.001000	14.172373	0.984375	
0.001000	14.167229	0.984375	
0.001000	14.185064	0.984375	
0.001000	14.205898	0.968750	
0.001000	14.177221	0.976562	
0.001000	14.178081	0.968750	
0.001000	14.125509	1.000000	
0.001000	14.153626	0.976562	
0.001000	14.304087	0.937500	
0.001000	14.187252	0.960938	
0.001000	14.111194	0.992188	
0.001000	14.142529	0.976562	
0.001000	14.150222	0.976562	
0.001000	14.138319	0.968750	
0.001000	14.100306	0.992188	
0.001000	14.088385	0.992188	
0.001000	14.200437	0.968750	
0.001000	14.145025	0.968750	
0.001000	14.142122	0.976562	
0.001000	14.098042	0.984375	
0.001000	14.086187	0.976562	
0.001000	14.112197	0.984375	
0.001000	14.043875	1.000000	
0.001000	14.077225	0.984375	
0.001000	14.095232	0.968750	
0.001000	14.144562	0.976562	
0.001000	14.086123	0.976562	
0.001000	14.034874	0.992188	
0.001000	14.090976	0.976562	
0.001000	14.126582	0.960938	
0.001000	14.022501	0.984375	
0.001000	14.061064	0.976562	
0.001000	14.140642	0.976562	
0.001000	14.049650	0.976562	
0.001000	14.038232	0.984375	
0.001000	14.015002	0.992188	
0.001000	14.036778	0.984375	
0.001000	14.031514	0.976562	
0.001000	14.038168	0.968750	
0.001000	14.144908	0.953125	
0.001000	14.110939	0.968750	
0.001000	14.037419	0.976562	
0.001000	14.007100	0.976562	
0.001000	13.964045	0.992188	
0.001000	14.007861	0.968750	
0.001000	13.951530	0.992188	
0.001000	14.001713	0.984375	
0.001000	14.066683	0.953125	
0.001000	13.969396	0.976562	
0.001000	13.953074	0.976562	
0.001000	13.923817	0.992188	
0.001000	13.954229	0.968750	
0.001000	14.000849	0.960938	
0.001000	14.007027	0.960938	
0.001000	13.931744	0.976562	
0.001000	13.928677	0.984375	
0.001000	13.967059	0.968750	
0.001000	13.892258	0.992188	
0.001000	13.958666	0.968750	
0.001000	14.007905	0.953125	
0.001000	13.919321	0.976562	
0.001000	13.963430	0.953125	
0.001000	13.927659	0.984375	
0.001000	13.923458	0.992188	
0.001000	13.883960	0.992188	
0.001000	13.925541	0.960938	
0.001000	13.970295	0.960938	
0.001000	13.873708	0.984375	
0.001000	13.847810	0.984375	
0.001000	13.870180	0.984375	
0.001000	13.862226	0.976562	
0.001000	13.867374	0.984375	
0.001000	13.928617	0.945312	
0.001000	13.906771	0.968750	
0.001000	13.868032	0.976562	
0.001000	13.865493	0.976562	
0.001000	13.977432	0.953125	
0.001000	13.847830	0.960938	
0.001000	13.891400	0.968750	
0.001000	13.907484	0.953125	
0.001000	13.921185	0.968750	
0.001000	13.782389	0.992188	
0.001000	13.868266	0.976562	
0.001000	13.785939	0.992188	
0.001000	13.985547	0.945312	
0.001000	13.837362	0.968750	
0.001000	13.795691	0.984375	
0.001000	13.832331	0.968750	
0.001000	13.782359	0.968750	
0.001000	13.788446	0.984375	
0.001000	13.752675	0.984375	
0.001000	13.759957	0.976562	
0.001000	13.851545	0.960938	
0.001000	13.767344	0.984375	
0.001000	13.765647	0.976562	
0.001000	13.785390	0.968750	
0.001000	13.729179	0.976562	
0.001000	13.755470	0.992188	
0.001000	13.749227	0.976562	
0.001000	13.700884	0.992188	
0.001000	13.787827	0.976562	
0.001000	13.739916	0.984375	
0.001000	13.723379	0.984375	
0.001000	13.752719	0.968750	
0.001000	13.743982	0.960938	
0.001000	13.831027	0.953125	
0.001000	13.673210	0.992188	
0.001000	13.753193	0.968750	
0.001000	13.657965	0.992188	
0.001000	13.736227	0.976562	
0.001000	13.722804	0.960938	
0.001000	13.637794	1.000000	
0.001000	13.660733	0.992188	
0.001000	13.745029	0.968750	
0.001000	13.685636	0.976562	
0.001000	13.741847	0.960938	
0.001000	13.705517	0.968750	
0.001000	13.684414	0.984375	
0.001000	13.672484	0.984375	
0.001000	13.703776	0.945312	
0.001000	13.616362	0.984375	
0.001000	13.656961	0.976562	
0.001000	13.629142	0.968750	
0.001000	13.603286	0.992188	
0.001000	13.789133	0.968750	
0.001000	13.586678	0.992188	
0.001000	13.629394	0.968750	
0.001000	13.711471	0.968750	
0.001000	13.626912	0.960938	
0.001000	13.587683	0.984375	
0.001000	13.571994	0.992188	
0.001000	13.771125	0.929688	
0.001000	13.577435	0.992188	
0.001000	13.617886	0.960938	
0.001000	13.566959	0.984375	
0.001000	13.551709	0.976562	
0.001000	13.518399	1.000000	
0.001000	13.514726	1.000000	
0.001000	13.594995	0.976562	
0.001000	13.670819	0.953125	
0.001000	13.570830	0.968750	
0.001000	13.574713	0.960938	
0.001000	13.565425	0.968750	
0.001000	13.509155	0.992188	
0.001000	13.611220	0.960938	
0.001000	13.570262	0.992188	
0.001000	13.530424	0.976562	
0.001000	13.494286	0.984375	
0.001000	13.468765	1.000000	
0.001000	13.500108	0.968750	
0.001000	13.484064	0.984375	
0.001000	13.460154	1.000000	
0.001000	13.516471	0.976562	
0.001000	13.466583	0.984375	
0.001000	13.581881	0.953125	
0.001000	13.547699	0.968750	
0.001000	13.492417	0.976562	
0.001000	13.451579	0.984375	
0.001000	13.463642	0.976562	
0.001000	13.492983	0.976562	
0.001000	13.414739	1.000000	
0.001000	13.508172	0.968750	
0.001000	13.454089	0.976562	
0.001000	13.453090	0.976562	
0.001000	13.489212	0.984375	
0.001000	13.516493	0.960938	
0.001000	13.452115	0.984375	
0.001000	13.445762	0.992188	
0.001000	13.543815	0.968750	
0.001000	13.409519	0.984375	
0.001000	13.378018	0.984375	
0.001000	13.444903	0.984375	
0.001000	13.456137	0.968750	
0.001000	13.426222	0.984375	
0.001000	13.379298	0.984375	
0.001000	13.350710	0.992188	
0.001000	13.381355	0.992188	
0.001000	13.410330	0.984375	
0.001000	13.386605	0.984375	
0.001000	13.440735	0.968750	
0.001000	13.353267	0.992188	
0.001000	13.353603	0.984375	
0.001000	13.431641	0.960938	
0.001000	13.409877	0.960938	
0.001000	13.353014	0.992188	
0.001000	13.424883	0.984375	
0.001000	13.377885	0.992188	
0.001000	13.330761	0.976562	
0.001000	13.376854	0.960938	
0.001000	13.388247	0.960938	
0.001000	13.412260	0.968750	
0.001000	13.376891	0.960938	
0.001000	13.373434	0.968750	
0.001000	13.393379	0.968750	
0.001000	13.313235	0.976562	
0.001000	13.247920	1.000000	
0.001000	13.312529	0.968750	
0.001000	13.373935	0.953125	
0.001000	13.269011	0.992188	
0.001000	13.315012	0.968750	
0.001000	13.253679	0.984375	
0.001000	13.340547	0.945312	
0.001000	13.343204	0.953125	
0.001000	13.341072	0.953125	
0.001000	13.225219	0.992188	
0.001000	13.249846	0.984375	
0.001000	13.288201	0.968750	
0.001000	13.264873	0.976562	
0.001000	13.214380	0.992188	
0.001000	13.259807	0.976562	
0.001000	13.262312	0.960938	
0.001000	13.202889	0.992188	
0.001000	13.216942	0.984375	
0.001000	13.181253	1.000000	
0.001000	13.263506	0.960938	
0.001000	13.349566	0.976562	
0.001000	13.261795	0.953125	
0.001000	13.184535	0.992188	
0.001000	13.254103	0.968750	
0.001000	13.287941	0.953125	
0.001000	13.177736	0.976562	
0.001000	13.230648	0.976562	
0.001000	13.182048	0.976562	
0.001000	13.124130	1.000000	
0.001000	13.200222	0.968750	
0.001000	13.385683	0.921875	
0.001000	13.199094	0.976562	
0.001000	13.133166	0.992188	
0.001000	13.195683	0.968750	
0.001000	13.205860	0.953125	
0.001000	13.131485	0.992188	
0.001000	13.090549	1.000000	
0.001000	13.253720	0.929688	
0.001000	13.108643	0.984375	
0.001000	13.109239	0.992188	
0.001000	13.074437	1.000000	
0.001000	13.116927	0.984375	
0.001000	13.180305	0.984375	
0.001000	13.110766	0.976562	
0.001000	13.206096	0.960938	
0.001000	13.132675	0.968750	
0.001000	13.109131	0.976562	
0.001000	13.069151	0.992188	
0.001000	13.082845	0.976562	
0.001000	13.204899	0.968750	
0.001000	13.178456	0.945312	
0.001000	13.065536	0.984375	
0.001000	13.137012	0.984375	
0.001000	13.039378	0.992188	
0.001000	13.052616	0.984375	
0.001000	13.021996	1.000000	
0.001000	13.090455	0.968750	
0.001000	13.082830	0.968750	
0.001000	13.043840	0.984375	
0.001000	13.063347	0.984375	
0.001000	13.017516	0.976562	
0.001000	12.978971	1.000000	
0.001000	12.997679	0.984375	
0.001000	13.003955	0.984375	
0.001000	13.018614	0.976562	
0.001000	12.998402	0.968750	
0.001000	13.029070	0.976562	
0.001000	12.966059	0.992188	
0.001000	12.964972	0.992188	
0.001000	12.969529	0.984375	
0.001000	13.058122	0.968750	
0.001000	12.976809	0.968750	
0.001000	13.016116	0.960938	
0.001000	12.965691	0.976562	
0.001000	12.991715	0.984375	
0.001000	12.931871	0.992188	
0.001000	13.018915	0.968750	
0.001000	12.913961	1.000000	
0.001000	12.977485	0.984375	
0.001000	12.969695	0.984375	
0.001000	12.973592	0.960938	
0.001000	12.943818	0.976562	
0.001000	12.943828	0.984375	
0.001000	12.909801	0.992188	
0.001000	12.947600	0.960938	
0.001000	12.915023	0.992188	
0.001000	12.872193	1.000000	
0.001000	12.912936	0.984375	
0.001000	12.925475	0.984375	
0.001000	12.906078	0.976562	
0.001000	12.946624	0.976562	
0.001000	12.839989	1.000000	
0.001000	12.842926	0.992188	
0.001000	12.854609	0.984375	
0.001000	12.834373	0.992188	
0.001000	12.831633	1.000000	
0.001000	12.876071	0.984375	
0.001000	12.825903	0.992188	
0.001000	12.806628	1.000000	
0.001000	12.802357	1.000000	
0.001000	12.865440	0.984375	
0.001000	12.851351	0.992188	
0.001000	12.800673	0.992188	
0.001000	13.027445	0.960938	
0.001000	12.816089	0.976562	
0.001000	12.930858	0.979167	
0.001000	12.463285	0.984375	
0.001000	12.526278	0.968750	
0.001000	12.450644	0.984375	
0.001000	12.503161	0.968750	
0.001000	12.491181	0.976562	
0.001000	12.431996	0.992188	
0.001000	12.459761	0.968750	
0.001000	12.560766	0.968750	
0.001000	12.504550	0.960938	
0.001000	12.434933	0.992188	
0.001000	12.606838	0.960938	
0.001000	12.399839	0.992188	
0.001000	12.511921	0.976562	
0.001000	12.419361	0.992188	
0.001000	12.380300	1.000000	
0.001000	12.505505	0.968750	
0.001000	12.415635	0.968750	
0.001000	12.362932	1.000000	
0.001000	12.392297	0.992188	
0.001000	12.373787	0.992188	
0.001000	12.469257	0.968750	
0.001000	12.428778	0.976562	
0.001000	12.411264	0.976562	
0.001000	12.379799	0.992188	
0.001000	12.331431	1.000000	
0.001000	12.355062	0.984375	
0.001000	12.367448	0.976562	
0.001000	12.448643	0.976562	
0.001000	12.365466	0.968750	
0.001000	12.346538	0.976562	
0.001000	12.308822	1.000000	
0.001000	12.370524	0.968750	
0.001000	12.376893	0.960938	
0.001000	12.324182	0.992188	
0.001000	12.328900	0.984375	
0.001000	12.342083	0.968750	
0.001000	12.322261	0.976562	
0.001000	12.302574	0.992188	
0.001000	12.300984	0.992188	
0.001000	12.333280	0.968750	
0.001000	12.316035	0.968750	
0.001000	12.416874	0.976562	
0.001000	12.256882	1.000000	
0.001000	12.276208	0.992188	
0.001000	12.362639	0.976562	
0.001000	12.337341	0.953125	
0.001000	12.259844	0.992188	
0.001000	12.306719	0.984375	
0.001000	12.273232	0.984375	
0.001000	12.329082	0.968750	
0.001000	12.300440	0.968750	
0.001000	12.217622	1.000000	
0.001000	12.286406	0.992188	
0.001000	12.380844	0.945312	
0.001000	12.315687	0.953125	
0.001000	12.297291	0.984375	
0.001000	12.260846	0.976562	
0.001000	12.220881	0.984375	
0.001000	12.246559	0.976562	
0.001000	12.267998	0.960938	
0.001000	12.267978	0.953125	
0.001000	12.245530	0.968750	
0.001000	12.197669	0.976562	
0.001000	12.231280	0.984375	
0.001000	12.226304	0.968750	
0.001000	12.216825	0.976562	
0.001000	12.222261	0.984375	
0.001000	12.255560	0.968750	
0.001000	12.295406	0.953125	
0.001000	12.290052	0.960938	
0.001000	12.212614	0.976562	
0.001000	12.198530	0.960938	
0.001000	12.193981	0.976562	
0.001000	12.233637	0.945312	
0.001000	12.197927	0.976562	
0.001000	12.154339	0.984375	
0.001000	12.146580	0.992188	
0.001000	12.117324	1.000000	
0.001000	12.163366	0.984375	
0.001000	12.179437	0.968750	
0.001000	12.402241	0.921875	
0.001000	12.091004	0.992188	
0.001000	12.081973	1.000000	
0.001000	12.080911	1.000000	
0.001000	12.214248	0.945312	
0.001000	12.177741	0.968750	
0.001000	12.103446	0.984375	
0.001000	12.116672	0.976562	
0.001000	12.096718	0.976562	
0.001000	12.085848	0.992188	
0.001000	12.140376	0.960938	
0.001000	12.184774	0.945312	
0.001000	12.165223	0.968750	
0.001000	12.126881	0.968750	
0.001000	12.066671	0.976562	
0.001000	12.054659	0.992188	
0.001000	12.109063	0.968750	
0.001000	12.055047	0.976562	
0.001000	12.115287	0.945312	
0.001000	12.144427	0.960938	
0.001000	12.030102	0.992188	
0.001000	12.091390	0.960938	
0.001000	12.024704	0.984375	
0.001000	12.027905	0.984375	
0.001000	12.002562	1.000000	
0.001000	12.004763	0.984375	
0.001000	12.050724	0.984375	
0.001000	12.065479	0.976562	
0.001000	12.005880	0.992188	
0.001000	12.087957	0.976562	
0.001000	12.017215	0.984375	
0.001000	11.999471	0.984375	
0.001000	11.986436	0.992188	
0.001000	11.987437	0.984375	
0.001000	12.002905	0.976562	
0.001000	12.094262	0.968750	
0.001000	11.950847	0.992188	
0.001000	11.978172	0.976562	
0.001000	12.058561	0.960938	
0.001000	12.001094	0.976562	
0.001000	11.969412	0.976562	
0.001000	11.936992	0.992188	
0.001000	11.920315	1.000000	
0.001000	12.062020	0.945312	
0.001000	12.000170	0.968750	
0.001000	11.930696	0.984375	
0.001000	11.948539	0.992188	
0.001000	11.912465	0.992188	
0.001000	11.893237	1.000000	
0.001000	11.963660	0.984375	
0.001000	12.034176	0.953125	
0.001000	11.934141	0.968750	
0.001000	11.921651	0.984375	
0.001000	11.976854	0.968750	
0.001000	11.900661	0.976562	
0.001000	11.863896	1.000000	
0.001000	11.887699	0.984375	
0.001000	11.962883	0.960938	
0.001000	11.966647	0.953125	
0.001000	11.889476	0.984375	
0.001000	11.945949	0.976562	
0.001000	11.871432	0.992188	
0.001000	11.881021	0.976562	
0.001000	11.937944	0.968750	
0.001000	11.848366	0.992188	
0.001000	11.874571	0.992188	
0.001000	11.848585	0.984375	
0.001000	11.833647	0.984375	
0.001000	11.828397	0.984375	
0.001000	11.824281	0.992188	
0.001000	11.819943	0.992188	
0.001000	11.946678	0.968750	
0.001000	11.813049	0.984375	
0.001000	11.799736	0.992188	
0.001000	11.818479	0.984375	
0.001000	11.842646	0.968750	
0.001000	11.860811	0.968750	
0.001000	11.835337	0.984375	
0.001000	11.838869	0.968750	
0.001000	11.770325	1.000000	
0.001000	11.780610	0.992188	
0.001000	11.883015	0.960938	
0.001000	11.805305	0.960938	
0.001000	11.765316	1.000000	
0.001000	11.772357	0.968750	
0.001000	11.737409	1.000000	
0.001000	11.755871	0.992188	
0.001000	11.744639	1.000000	
0.001000	11.752701	0.984375	
0.001000	11.771999	0.984375	
0.001000	11.753465	0.984375	
0.001000	11.764916	0.984375	
0.001000	11.766238	0.968750	
0.001000	11.756955	0.976562	
0.001000	11.703512	1.000000	
0.001000	11.744678	0.976562	
0.001000	11.834193	0.960938	
0.001000	11.751901	0.960938	
0.001000	11.686788	1.000000	
0.001000	11.701092	0.992188	
0.001000	11.722730	0.976562	
0.001000	11.693233	0.984375	
0.001000	11.689260	0.984375	
0.001000	11.677432	0.992188	
0.001000	11.783993	0.976562	
0.001000	11.715243	0.968750	
0.001000	11.722630	0.953125	
0.001000	11.719153	0.976562	
0.001000	11.674829	0.984375	
0.001000	11.679534	0.984375	
0.001000	11.647916	0.992188	
0.001000	11.673696	0.984375	
0.001000	11.742734	0.984375	
0.001000	11.697159	0.984375	
0.001000	11.773028	0.960938	
0.001000	11.658734	0.984375	
0.001000	11.642399	0.984375	
0.001000	11.703915	0.960938	
0.001000	11.602340	1.000000	
0.001000	11.724061	0.968750	
0.001000	11.658459	0.968750	
0.001000	11.679869	0.968750	
0.001000	11.600102	0.992188	
0.001000	11.618679	0.984375	
0.001000	11.594531	0.992188	
0.001000	11.627090	0.968750	
0.001000	11.650635	0.976562	
0.001000	11.713270	0.960938	
0.001000	11.673977	0.953125	
0.001000	11.616509	0.992188	
0.001000	11.589079	0.992188	
0.001000	11.581804	0.976562	
0.001000	11.686571	0.960938	
0.001000	11.617101	0.960938	
0.001000	11.592650	0.976562	
0.001000	11.618626	0.984375	
0.001000	11.551588	0.984375	
0.001000	11.604471	0.984375	
0.001000	11.518313	1.000000	
0.001000	11.550648	0.992188	
0.001000	11.530308	0.984375	
0.001000	11.595593	0.968750	
0.001000	11.579090	0.976562	
0.001000	11.554807	0.976562	
0.001000	11.596906	0.976562	
0.001000	11.533360	0.976562	
0.001000	11.527669	0.984375	
0.001000	11.523449	0.992188	
0.001000	11.580933	0.960938	
0.001000	11.552020	0.984375	
0.001000	11.517316	0.976562	
0.001000	11.509407	0.992188	
0.001000	11.500610	0.992188	
0.001000	11.575508	0.968750	
0.001000	11.534853	0.960938	
0.001000	11.507774	0.976562	
0.001000	11.457228	1.000000	
0.001000	11.518238	0.984375	
0.001000	11.510971	0.960938	
0.001000	11.489968	0.984375	
0.001000	11.514477	0.968750	
0.001000	11.491410	0.984375	
0.001000	11.563747	0.960938	
0.001000	11.523112	0.984375	
0.001000	11.520763	0.960938	
0.001000	11.463811	0.968750	
0.001000	11.528413	0.953125	
0.001000	11.441546	0.992188	
0.001000	11.504410	0.953125	
0.001000	11.457775	0.976562	
0.001000	11.490378	0.968750	
0.001000	11.417946	0.992188	
0.001000	11.445264	0.984375	
0.001000	11.525140	0.953125	
0.001000	11.424511	0.992188	
0.001000	11.435169	0.976562	
0.001000	11.468560	0.984375	
0.001000	11.368851	0.992188	
0.001000	11.374999	1.000000	
0.001000	11.421387	0.976562	
0.001000	11.397064	0.976562	
0.001000	11.393862	0.976562	
0.001000	11.363851	0.984375	
0.001000	11.389209	0.984375	
0.001000	11.351500	0.992188	
0.001000	11.338334	1.000000	
0.001000	11.351104	0.992188	
0.001000	11.323852	1.000000	
0.001000	11.501157	0.953125	
0.001000	11.347534	0.984375	
0.001000	11.351532	0.976562	
0.001000	11.462812	0.968750	
0.001000	11.422636	0.960938	
0.001000	11.388239	0.976562	
0.001000	11.303611	1.000000	
0.001000	11.379275	0.976562	
0.001000	11.312934	0.992188	
0.001000	11.400089	0.968750	
0.001000	11.384872	0.976562	
0.001000	11.275774	1.000000	
0.001000	11.321718	0.976562	
0.001000	11.356494	0.968750	
0.001000	11.361056	0.984375	
0.001000	11.288449	0.968750	
0.001000	11.303638	0.992188	
0.001000	11.258723	1.000000	
0.001000	11.360896	0.976562	
0.001000	11.310150	0.968750	
0.001000	11.284539	0.984375	
0.001000	11.289760	0.976562	
0.001000	11.326929	0.968750	
0.001000	11.266196	0.976562	
0.001000	11.403843	0.960938	
0.001000	11.265291	0.984375	
0.001000	11.307462	0.968750	
0.001000	11.310426	0.976562	
0.001000	11.267904	0.984375	
0.001000	11.288252	0.953125	
0.001000	11.207772	1.000000	
0.001000	11.295626	0.968750	
0.001000	11.238810	0.992188	
0.001000	11.256966	0.976562	
0.001000	11.199129	0.992188	
0.001000	11.241246	0.976562	
0.001000	11.220467	0.992188	
0.001000	11.195961	0.992188	
0.001000	11.305764	0.968750	
0.001000	11.381248	0.945312	
0.001000	11.197389	0.976562	
0.001000	11.302649	0.960938	
0.001000	11.198386	0.992188	
0.001000	11.163417	0.992188	
0.001000	11.164946	0.984375	
0.001000	11.198444	0.992188	
0.001000	11.178192	0.976562	
0.001000	11.178514	0.976562	
0.001000	11.160826	0.976562	
0.001000	11.186748	0.968750	
0.001000	11.279109	0.976562	
0.001000	11.126966	1.000000	
0.001000	11.149452	0.984375	
0.001000	11.141730	0.992188	
0.001000	11.215055	0.960938	
0.001000	11.309110	0.968750	
0.001000	11.201563	0.968750	
0.001000	11.128966	0.992188	
0.001000	11.121874	0.984375	
0.001000	11.169814	0.984375	
0.001000	11.112523	0.992188	
0.001000	11.143883	0.984375	
0.001000	11.134516	0.968750	
0.001000	11.157332	0.984375	
0.001000	11.145840	0.984375	
0.001000	11.110234	0.992188	
0.001000	11.125761	0.976562	
0.001000	11.119579	0.976562	
0.001000	11.262371	0.953125	
0.001000	11.056018	1.000000	
0.001000	11.077990	0.976562	
0.001000	11.108685	0.984375	
0.001000	11.107137	0.984375	
0.001000	11.143686	0.976562	
0.001000	11.061885	0.992188	
0.001000	11.049507	0.992188	
0.001000	11.040484	0.992188	
0.001000	11.046456	0.992188	
0.001000	11.063966	0.984375	
0.001000	11.148424	0.968750	
0.001000	11.030741	0.992188	
0.001000	11.014093	1.000000	
0.001000	11.059533	0.968750	
0.001000	11.027266	0.984375	
0.001000	11.051116	0.976562	
0.001000	11.035382	0.976562	
0.001000	11.018466	0.976562	
0.001000	11.034943	0.968750	
0.001000	11.117743	0.953125	
0.001000	11.072917	0.968750	
0.001000	11.142749	0.945312	
0.001000	11.060186	0.976562	
0.001000	11.030585	0.968750	
0.001000	11.069150	0.976562	
0.001000	11.067300	0.976562	
0.001000	10.959621	0.992188	
0.001000	10.976943	0.976562	
0.001000	11.058011	0.984375	
0.001000	10.996885	0.984375	
0.001000	10.997990	0.984375	
0.001000	10.948217	0.992188	
0.001000	11.057888	0.968750	
0.001000	11.059612	0.937500	
0.001000	11.024833	0.976562	
0.001000	11.026095	0.960938	
0.001000	10.987877	0.992188	
0.001000	10.937908	0.984375	
0.001000	10.967556	0.976562	
0.001000	10.908100	1.000000	
0.001000	10.962812	0.968750	
0.001000	10.925501	0.976562	
0.001000	10.946929	0.976562	
0.001000	10.899502	0.992188	
0.001000	10.900772	0.992188	
0.001000	10.988425	0.953125	
0.001000	10.985951	0.976562	
0.001000	11.019851	0.953125	
0.001000	10.877541	0.992188	
0.001000	10.973269	0.960938	
0.001000	10.972004	0.953125	
0.001000	10.858047	1.000000	
0.001000	10.996639	0.968750	
0.001000	10.874654	0.992188	
0.001000	10.862025	0.984375	
0.001000	10.957536	0.960938	
0.001000	10.973895	0.968750	
0.001000	10.904316	0.968750	
0.001000	10.872547	0.992188	
0.001000	10.871426	0.984375	
0.001000	10.960365	0.960938	
0.001000	10.826114	0.992188	
0.001000	10.810178	1.000000	
0.001000	10.916117	0.968750	
0.001000	10.815071	0.992188	
0.001000	10.923882	0.960938	
0.001000	10.858867	0.984375	
0.001000	10.856195	0.984375	
0.001000	10.884848	0.984375	
0.001000	10.881774	0.976562	
0.001000	10.979508	0.929688	
0.001000	10.859765	0.968750	
0.001000	10.804211	0.992188	
0.001000	10.809827	0.992188	
0.001000	10.786762	0.992188	
0.001000	10.869729	0.968750	
0.001000	10.925878	0.953125	
0.001000	10.829838	0.968750	
0.001000	10.826849	0.992188	
0.001000	10.753325	0.992188	
0.001000	10.854815	0.968750	
0.001000	10.767969	0.984375	
0.001000	10.803816	0.976562	
0.001000	10.898307	0.945312	
0.001000	10.798900	0.960938	
0.001000	10.800962	0.976562	
0.001000	10.735141	0.992188	
0.001000	10.727986	1.000000	
0.001000	10.782966	0.984375	
0.001000	10.777717	0.968750	
0.001000	10.807888	0.984375	
0.001000	10.726366	0.984375	
0.001000	10.728939	0.992188	
0.001000	10.716065	0.984375	
0.001000	10.761302	0.976562	
0.001000	10.809595	0.953125	
0.001000	10.747498	0.976562	
0.001000	10.700440	0.992188	
0.001000	10.781363	0.976562	
0.001000	10.750793	0.968750	
0.001000	10.669526	1.000000	
0.001000	10.696346	0.984375	
0.001000	10.736867	0.968750	
0.001000	10.703474	0.984375	
0.001000	10.761618	0.960938	
0.001000	10.738997	0.960938	
0.001000	10.749049	0.960938	
0.001000	10.713331	0.976562	
0.001000	10.740251	0.968750	
0.001000	10.636661	1.000000	
0.001000	10.669108	0.976562	
0.001000	10.635554	0.992188	
0.001000	10.686364	0.984375	
0.001000	10.701224	0.976562	
0.001000	10.664968	0.976562	
0.001000	10.649088	0.984375	
0.001000	10.627611	0.984375	
0.001000	10.598503	1.000000	
0.001000	10.660979	0.992188	
0.001000	10.651818	0.976562	
0.001000	10.598528	1.000000	
0.001000	10.586482	1.000000	
0.001000	10.622392	0.976562	
0.001000	10.577123	1.000000	
0.001000	10.570793	1.000000	
0.001000	10.566607	1.000000	
0.001000	10.609756	0.984375	
0.001000	10.632800	0.976562	
0.001000	10.556796	1.000000	
0.001000	10.808685	0.960938	
0.001000	10.560172	0.992188	
0.001000	10.643556	0.979167	
0.001000	10.331699	0.984375	
0.001000	10.301332	0.984375	
0.001000	10.254952	1.000000	
0.001000	10.405400	0.976562	
0.001000	10.386396	0.976562	
0.001000	10.265650	0.984375	
0.001000	10.289932	0.976562	
0.001000	10.363029	0.960938	
0.001000	10.296261	0.976562	
0.001000	10.329030	0.968750	
0.001000	10.246723	0.984375	
0.001000	10.257789	0.968750	
0.001000	10.274950	0.984375	
0.001000	10.225284	0.992188	
0.001000	10.205311	1.000000	
0.001000	10.241762	0.984375	
0.001000	10.268390	0.976562	
0.001000	10.254158	0.984375	
0.001000	10.295686	0.976562	
0.001000	10.248052	0.984375	
0.001000	10.213497	0.992188	
0.001000	10.255978	0.984375	
0.001000	10.282423	0.976562	
0.001000	10.181787	0.992188	
0.001000	10.169402	1.000000	
0.001000	10.219878	0.984375	
0.001000	10.171755	0.984375	
0.001000	10.181633	0.992188	
0.001000	10.236090	0.968750	
0.001000	10.208248	0.960938	
0.001000	10.144441	1.000000	
0.001000	10.229860	0.984375	
0.001000	10.224554	0.976562	
0.001000	10.142640	1.000000	
0.001000	10.171384	0.984375	
0.001000	10.144666	0.992188	
0.001000	10.189479	0.976562	
0.001000	10.146776	0.976562	
0.001000	10.161336	0.984375	
0.001000	10.121813	1.000000	
0.001000	10.164568	0.976562	
0.001000	10.279317	0.960938	
0.001000	10.161862	0.968750	
0.001000	10.127275	0.984375	
0.001000	10.155220	0.968750	
0.001000	10.148237	0.960938	
0.001000	10.151422	0.984375	
0.001000	10.132450	0.976562	
0.001000	10.132260	0.976562	
0.001000	10.202650	0.968750	
0.001000	10.129424	0.984375	
0.001000	10.077004	0.992188	
0.001000	10.078248	0.992188	
0.001000	10.144691	0.976562	
0.001000	10.138481	0.976562	
0.001000	10.133633	0.992188	
0.001000	10.129963	0.968750	
0.001000	10.086134	0.984375	
0.001000	10.095057	0.984375	
0.001000	10.082909	0.984375	
0.001000	10.116258	0.968750	
0.001000	10.113406	0.968750	
0.001000	10.030437	1.000000	
0.001000	10.089395	0.984375	
0.001000	10.128018	0.945312	
0.001000	10.036677	0.992188	
0.001000	10.049352	0.984375	
0.001000	10.125617	0.960938	
0.001000	10.106416	0.984375	
0.001000	10.220027	0.937500	
0.001000	10.005941	0.992188	
0.001000	10.003989	1.000000	
0.001000	10.051371	0.992188	
0.001000	10.113468	0.968750	
0.001000	10.032292	0.984375	
0.001000	10.032826	0.976562	
0.001000	10.055359	0.984375	
0.001000	10.009899	0.992188	
0.001000	10.009538	0.984375	
0.001000	10.080714	0.968750	
0.001000	10.327073	0.906250	
0.001000	9.975266	0.992188	
0.001000	9.953410	1.000000	
0.001000	9.957133	0.992188	
0.001000	10.015850	0.984375	
0.001000	10.018291	0.976562	
0.001000	9.964158	0.984375	
0.001000	10.061596	0.960938	
0.001000	9.990319	0.992188	
0.001000	9.950615	0.992188	
0.001000	10.043957	0.984375	
0.001000	10.031087	0.968750	
0.001000	9.978689	0.976562	
0.001000	9.982849	0.968750	
0.001000	9.966294	0.984375	
0.001000	9.972212	0.984375	
0.001000	9.927173	0.992188	
0.001000	9.960091	0.976562	
0.001000	9.998996	0.960938	
0.001000	9.923830	0.984375	
0.001000	9.945446	0.976562	
0.001000	9.980395	0.968750	
0.001000	9.921085	0.984375	
0.001000	9.922486	0.984375	
0.001000	9.943393	0.968750	
0.001000	9.919776	0.992188	
0.001000	9.916814	0.984375	
0.001000	9.908754	0.984375	
0.001000	9.891857	1.000000	
0.001000	9.999710	0.968750	
0.001000	9.886173	0.992188	
0.001000	9.887362	0.984375	
0.001000	10.002933	0.953125	
0.001000	9.928205	0.960938	
0.001000	9.967137	0.945312	
0.001000	9.956659	0.960938	
0.001000	9.852367	0.992188	
0.001000	9.868266	0.992188	
0.001000	9.865561	0.992188	
0.001000	9.858271	0.992188	
0.001000	9.923821	0.976562	
0.001000	9.847576	0.992188	
0.001000	9.883482	0.984375	
0.001000	9.955485	0.937500	
0.001000	9.904126	0.984375	
0.001000	9.850273	0.968750	
0.001000	9.850138	0.984375	
0.001000	9.810069	0.992188	
0.001000	9.819208	0.992188	
0.001000	9.832410	0.984375	
0.001000	9.899256	0.976562	
0.001000	9.821380	0.984375	
0.001000	9.840338	0.968750	
0.001000	9.848690	0.976562	
0.001000	9.793263	0.992188	
0.001000	9.772020	1.000000	
0.001000	9.774065	1.000000	
0.001000	9.863418	0.976562	
0.001000	9.841424	0.953125	
0.001000	9.777383	0.992188	
0.001000	9.814502	0.976562	
0.001000	9.769071	0.984375	
0.001000	9.754053	1.000000	
0.001000	9.841578	0.968750	
0.001000	9.832984	0.976562	
0.001000	9.772661	0.968750	
0.001000	9.738597	1.000000	
0.001000	9.726131	1.000000	
0.001000	9.732759	0.992188	
0.001000	9.761174	0.984375	
0.001000	9.769958	0.984375	
0.001000	9.800897	0.976562	
0.001000	9.761965	0.984375	
0.001000	9.718769	1.000000	
0.001000	9.795309	0.976562	
0.001000	9.767613	0.976562	
0.001000	9.785933	0.976562	
0.001000	9.744061	0.984375	
0.001000	9.791908	0.960938	
0.001000	9.691280	1.000000	
0.001000	9.726419	0.976562	
0.001000	9.749682	0.976562	
0.001000	9.768385	0.976562	
0.001000	9.729003	0.984375	
0.001000	9.718851	0.968750	
0.001000	9.706511	0.984375	
0.001000	9.728358	0.976562	
0.001000	9.683340	0.992188	
0.001000	9.696377	0.976562	
0.001000	9.702185	0.968750	
0.001000	9.656572	0.992188	
0.001000	9.715173	0.960938	
0.001000	9.686741	0.984375	
0.001000	9.681488	0.976562	
0.001000	9.678793	0.976562	
0.001000	9.679152	0.976562	
0.001000	9.743968	0.953125	
0.001000	9.657267	0.992188	
0.001000	9.643956	0.984375	
0.001000	9.646646	0.992188	
0.001000	9.667573	0.976562	
0.001000	9.673002	0.968750	
0.001000	9.631106	0.992188	
0.001000	9.640117	0.984375	
0.001000	9.671002	0.984375	
0.001000	9.630922	0.976562	
0.001000	9.721018	0.968750	
0.001000	9.660058	0.960938	
0.001000	9.648543	0.976562	
0.001000	9.639117	0.992188	
0.001000	9.601654	0.984375	
0.001000	9.605046	0.992188	
0.001000	9.664402	0.976562	
0.001000	9.628845	0.992188	
0.001000	9.637540	0.984375	
0.001000	9.569221	0.992188	
0.001000	9.603233	0.984375	
0.001000	9.618188	0.976562	
0.001000	9.552011	1.000000	
0.001000	9.613636	0.984375	
0.001000	9.692999	0.976562	
0.001000	9.575372	0.992188	
0.001000	9.575046	0.984375	
0.001000	9.548639	0.992188	
0.001000	9.556959	0.984375	
0.001000	9.562961	0.992188	
0.001000	9.623723	0.976562	
0.001000	9.747494	0.953125	
0.001000	9.681849	0.953125	
0.001000	9.612873	0.960938	
0.001000	9.579730	0.984375	
0.001000	9.528788	0.984375	
0.001000	9.597219	0.968750	
0.001000	9.574667	0.976562	
0.001000	9.547677	0.984375	
0.001000	9.537849	0.976562	
0.001000	9.508619	1.000000	
0.001000	9.518210	0.984375	
0.001000	9.502443	0.992188	
0.001000	9.546192	0.984375	
0.001000	9.522531	0.976562	
0.001000	9.573174	0.968750	
0.001000	9.514875	0.968750	
0.001000	9.597960	0.953125	
0.001000	9.606943	0.945312	
0.001000	9.502965	0.984375	
0.001000	9.469990	0.992188	
0.001000	9.526772	0.984375	
0.001000	9.517923	0.968750	
0.001000	9.530684	0.984375	
0.001000	9.479589	0.992188	
0.001000	9.542403	0.984375	
0.001000	9.503163	0.968750	
0.001000	9.511176	0.960938	
0.001000	9.598680	0.945312	
0.001000	9.438779	1.000000	
0.001000	9.435223	0.992188	
0.001000	9.429064	1.000000	
0.001000	9.471127	0.984375	
0.001000	9.424906	1.000000	
0.001000	9.508481	0.968750	
0.001000	9.478971	0.968750	
0.001000	9.456940	0.984375	
0.001000	9.440155	0.984375	
0.001000	9.493337	0.976562	
0.001000	9.484967	0.968750	
0.001000	9.480755	0.960938	
0.001000	9.481006	0.960938	
0.001000	9.486333	0.960938	
0.001000	9.386069	1.000000	
0.001000	9.430897	0.984375	
0.001000	9.419156	0.984375	
0.001000	9.475873	0.976562	
0.001000	9.484785	0.953125	
0.001000	9.409370	0.976562	
0.001000	9.431985	0.984375	
0.001000	9.415998	0.968750	
0.001000	9.355512	1.000000	
0.001000	9.390316	0.976562	
0.001000	9.372772	0.984375	
0.001000	9.392895	0.984375	
0.001000	9.412708	0.968750	
0.001000	9.434443	0.960938	
0.001000	9.421669	0.984375	
0.001000	9.334336	1.000000	
0.001000	9.361291	0.992188	
0.001000	9.358412	0.992188	
0.001000	9.325125	0.992188	
0.001000	9.452837	0.976562	
0.001000	9.322917	1.000000	
0.001000	9.346631	0.976562	
0.001000	9.413520	0.976562	
0.001000	9.382396	0.976562	
0.001000	9.404363	0.984375	
0.001000	9.325656	0.984375	
0.001000	9.392249	0.984375	
0.001000	9.314769	0.984375	
0.001000	9.418952	0.976562	
0.001000	9.318392	0.984375	
0.001000	9.296520	0.992188	
0.001000	9.309575	0.984375	
0.001000	9.432429	0.968750	
0.001000	9.348173	0.984375	
0.001000	9.356609	0.968750	
0.001000	9.410927	0.976562	
0.001000	9.318976	0.976562	
0.001000	9.320902	0.976562	
0.001000	9.315309	0.976562	
0.001000	9.291013	0.984375	
0.001000	9.333149	0.960938	
0.001000	9.316580	0.968750	
0.001000	9.267203	0.984375	
0.001000	9.331036	0.968750	
0.001000	9.288479	0.984375	
0.001000	9.320838	0.976562	
0.001000	9.344445	0.976562	
0.001000	9.264292	0.984375	
0.001000	9.228717	1.000000	
0.001000	9.232352	0.992188	
0.001000	9.248272	0.992188	
0.001000	9.304938	0.984375	
0.001000	9.224969	1.000000	
0.001000	9.304311	0.968750	
0.001000	9.223094	0.984375	
0.001000	9.280036	0.976562	
0.001000	9.198750	1.000000	
0.001000	9.342406	0.976562	
0.001000	9.432579	0.945312	
0.001000	9.314732	0.945312	
0.001000	9.344712	0.960938	
0.001000	9.279379	0.968750	
0.001000	9.189392	1.000000	
0.001000	9.294892	0.968750	
0.001000	9.249589	0.984375	
0.001000	9.209005	0.976562	
0.001000	9.206740	0.984375	
0.001000	9.178391	0.992188	
0.001000	9.167022	1.000000	
0.001000	9.198012	0.984375	
0.001000	9.171270	0.984375	
0.001000	9.251917	0.968750	
0.001000	9.190356	0.992188	
0.001000	9.237019	0.953125	
0.001000	9.239725	0.976562	
0.001000	9.254792	0.968750	
0.001000	9.208681	0.976562	
0.001000	9.192102	0.976562	
0.001000	9.192347	0.976562	
0.001000	9.146345	0.984375	
0.001000	9.208447	0.976562	
0.001000	9.249703	0.960938	
0.001000	9.215039	0.968750	
0.001000	9.155519	0.976562	
0.001000	9.214893	0.953125	
0.001000	9.208242	0.984375	
0.001000	9.135643	0.984375	
0.001000	9.236802	0.960938	
0.001000	9.112408	0.984375	
0.001000	9.126575	0.984375	
0.001000	9.181893	0.976562	
0.001000	9.132797	0.976562	
0.001000	9.143531	0.984375	
0.001000	9.134505	0.984375	
0.001000	9.145080	0.976562	
0.001000	9.093335	1.000000	
0.001000	9.134729	0.968750	
0.001000	9.131579	0.968750	
0.001000	9.291955	0.968750	
0.001000	9.088638	0.976562	
0.001000	9.067529	1.000000	
0.001000	9.124275	0.976562	
0.001000	9.108858	0.968750	
0.001000	9.134873	0.976562	
0.001000	9.091959	0.976562	
0.001000	9.080100	0.992188	
0.001000	9.064770	1.000000	
0.001000	9.096263	0.968750	
0.001000	9.106348	0.968750	
0.001000	9.163727	0.960938	
0.001000	9.096199	0.968750	
0.001000	9.061262	0.984375	
0.001000	9.186209	0.937500	
0.001000	9.091550	0.976562	
0.001000	9.050643	0.976562	
0.001000	9.036294	0.992188	
0.001000	9.043751	0.984375	
0.001000	9.080704	0.976562	
0.001000	9.111259	0.984375	
0.001000	9.054787	0.968750	
0.001000	9.158793	0.937500	
0.001000	9.094188	0.953125	
0.001000	9.024684	0.984375	
0.001000	9.034052	0.984375	
0.001000	9.043550	0.992188	
0.001000	9.046432	0.968750	
0.001000	8.998938	0.984375	
0.001000	9.009746	0.984375	
0.001000	9.071288	0.968750	
0.001000	9.041578	0.984375	
0.001000	8.978127	0.992188	
0.001000	8.967837	0.992188	
0.001000	8.973139	0.992188	
0.001000	9.073680	0.960938	
0.001000	8.993180	0.976562	
0.001000	9.089232	0.968750	
0.001000	8.980676	0.984375	
0.001000	9.028956	0.960938	
0.001000	9.098226	0.929688	
0.001000	8.981833	0.976562	
0.001000	8.978848	0.968750	
0.001000	8.945789	0.992188	
0.001000	8.987121	0.976562	
0.001000	8.960981	0.976562	
0.001000	9.191405	0.914062	
0.001000	8.961676	0.976562	
0.001000	8.930502	0.984375	
0.001000	8.958375	0.976562	
0.001000	8.988993	0.960938	
0.001000	8.923184	0.992188	
0.001000	8.897957	1.000000	
0.001000	9.012696	0.960938	
0.001000	8.903238	0.992188	
0.001000	8.940200	0.968750	
0.001000	8.911586	0.992188	
0.001000	8.918994	0.976562	
0.001000	8.963824	0.976562	
0.001000	8.902986	0.984375	
0.001000	8.964224	0.960938	
0.001000	8.950113	0.984375	
0.001000	8.902486	0.984375	
0.001000	8.913456	0.976562	
0.001000	8.874427	1.000000	
0.001000	8.959458	0.984375	
0.001000	8.991274	0.937500	
0.001000	8.863234	1.000000	
0.001000	8.990426	0.976562	
0.001000	8.849829	0.992188	
0.001000	8.914978	0.976562	
0.001000	8.841494	1.000000	
0.001000	8.897920	0.976562	
0.001000	8.911837	0.984375	
0.001000	8.857258	0.992188	
0.001000	8.876082	0.984375	
0.001000	8.969984	0.976562	
0.001000	8.822284	1.000000	
0.001000	8.843381	0.992188	
0.001000	8.836366	0.992188	
0.001000	8.876113	0.984375	
0.001000	8.858000	0.968750	
0.001000	8.876619	0.960938	
0.001000	8.820260	0.984375	
0.001000	8.812894	0.992188	
0.001000	8.857104	0.968750	
0.001000	8.799844	0.992188	
0.001000	8.814859	0.992188	
0.001000	8.840523	0.968750	
0.001000	8.855585	0.976562	
0.001000	8.802563	0.992188	
0.001000	8.803111	0.992188	
0.001000	8.844022	0.976562	
0.001000	8.824017	0.984375	
0.001000	8.809745	0.992188	
0.001000	8.795673	0.984375	
0.001000	8.796806	1.000000	
0.001000	8.807333	0.984375	
0.001000	8.782841	0.984375	
0.001000	8.758924	0.992188	
0.001000	8.806989	0.976562	
0.001000	8.752821	0.992188	
0.001000	8.785242	0.976562	
0.001000	8.813347	0.984375	
0.001000	8.741767	1.000000	
0.001000	8.865717	0.984375	
0.001000	8.753637	0.984375	
0.001000	8.722984	1.000000	
0.001000	8.750793	0.984375	
0.001000	8.717697	1.000000	
0.001000	8.716054	1.000000	
0.001000	8.736034	0.992188	
0.001000	8.727793	0.992188	
0.001000	8.707293	1.000000	
0.001000	8.700970	1.000000	
0.001000	8.698738	1.000000	
0.001000	8.720118	1.000000	
0.001000	8.811956	0.960938	
0.001000	8.689486	1.000000	
0.001000	8.854556	0.968750	
0.001000	8.704560	0.992188	
0.001000	8.835285	0.979167	
