2.060479664802551
1.9398318767547607
1.8735559225082397
1.7024598836898803
1.1652774453163146
0.8449182748794556
0.6259966433048249
0.5178430587053299
0.42833528220653533
2.110814070701599
1.8890886306762695
1.833549392223358
1.5241700053215026
1.3667070388793945
0.8297637939453125
0.6374373137950897
0.5253419250249862
0.4315910041332245
2.15095636844635
1.9107449889183044
1.790110445022583
1.517051875591278
1.0964751362800598
0.8421809375286102
0.6377760529518127
0.5489767909049987
0.4210364013910294
