2.3446906089782713
2.0626978635787965
1.7916627526283264
1.6050615787506104
1.1503304600715638
0.8369063138961792
0.6429203450679779
0.5140093952417374
0.4308045536279678
2.194697952270508
1.9635218143463136
1.891704833507538
1.4934398889541627
1.1932197570800782
0.8607577979564667
0.6440700471401215
0.5265490144491196
0.40616598427295686
2.26124165058136
1.923462688922882
1.8497695922851562
1.5721450567245483
1.179332196712494
0.8809199512004853
0.6276793718338013
0.524363997578621
0.4157323598861694
