2.403140830993652
2.3383224487304686
2.2973599672317504
1.5723160028457641
1.0193781793117522
0.7408247411251068
0.5321870744228363
0.4211441785097122
0.3541142374277115
2.637649154663086
2.255233883857727
1.887356412410736
1.6415350437164307
1.2154917120933533
0.7526279091835022
0.5586016416549683
0.44768089056015015
0.3612105756998062
2.5105738401412965
2.3048158168792723
2.2220540761947634
1.5613823771476745
1.081732976436615
0.7641479790210723
0.4899229109287262
0.4431535840034485
0.3312849223613739
