2.3050827026367187
2.191436243057251
1.9966773629188537
1.8235889434814454
1.5145774483680725
0.796274721622467
0.5148550033569336
0.45895545184612274
0.3665115058422089
2.6835846185684202
2.0732179164886473
1.9528245091438294
1.8073558807373047
1.777778685092926
0.9048201978206635
0.5170900613069535
0.44462791085243225
0.37146432101726534
2.3094218730926515
2.460583710670471
1.9561535596847535
1.6917343497276307
1.4831063747406006
0.8312870740890503
0.5236875116825104
0.43662009835243226
0.35383991301059725
