2.8832042932510378
2.4832547664642335
2.3997962713241576
1.8504093170166016
1.3072917699813842
0.8576801419258118
0.5594113290309906
0.47374525368213655
0.40102905333042144
2.7297213077545166
2.3259601831436156
2.300675296783447
1.8177775621414185
1.73054678440094
0.8472750306129455
0.5873017370700836
0.49403437972068787
0.3954076677560806
2.3048264741897584
2.3299522161483766
2.1980381488800047
1.7456345200538634
1.315026307106018
0.7896968007087708
0.5476799517869949
0.49522080421447756
0.3796201407909393
