2.177461290359497
1.7944097638130188
1.6600049138069153
1.2793432831764222
0.9478910684585571
0.7693260014057159
0.555486086010933
0.47245619297027586
0.38443730771541595
1.9897753119468689
1.8864540457725525
1.589726412296295
1.2374435901641845
0.9440288603305816
0.730178827047348
0.5634410619735718
0.48845061361789704
0.39195466637611387
2.1193373680114744
1.767371153831482
1.482149076461792
1.2772828340530396
0.9460515379905701
0.7323134899139404
0.5733664572238922
0.47196331322193147
0.3744049876928329
