2.0916515588760376
1.8740548253059388
1.7183776021003723
1.6045761942863463
1.175489103794098
0.8937668859958648
0.6186144053936005
0.5058711230754852
0.4011233389377594
2.101112151145935
1.9733546137809754
1.629585325717926
1.4988596200942994
1.202459740638733
0.898928827047348
0.6148948669433594
0.5176250338554382
0.41195781230926515
2.1652711391448975
1.8588436484336852
1.650244688987732
1.5117226243019104
1.1502461433410645
0.8290814638137818
0.623007869720459
0.5132861137390137
0.4027662336826324
