0.6143865966796875
0.48137517700195315
0.38244308319091797
0.3301697448730469
0.23575707092285156
0.16062773132324218
0.13428184013366698
0.07366639862060546
0.6029497863769532
0.4894577896118164
0.3931647720336914
0.36676636657714845
0.21797357864379882
0.1689000259399414
0.11412848091125488
0.07854320640563965
0.6382381439208984
0.5095295837402344
0.3916614166259766
0.31654282760620117
0.23654741744995117
0.1742492919921875
0.11436453590393067
0.07433741264343262
0.6170810943603515
0.48390018920898437
0.3858598876953125
0.3062925659179688
0.23358110885620118
0.16143663482666015
0.1107496145248413
0.0717984172821045
0.5890855224609375
0.4589356704711914
0.38291183471679685
0.3141105514526367
0.2430226776123047
0.17127419395446777
0.12378507843017578
0.07536918344497681
