0.5943564819335938
0.4583620590209961
0.32674631729125975
0.27624148864746095
0.1899263381958008
0.13527982482910156
0.10909796981811523
0.06888718910217285
0.5585667724609376
0.43884776306152345
0.3389638961791992
0.2856597236633301
0.18054170684814452
0.14391993522644042
0.09736102447509766
0.07058420915603637
0.606045816040039
0.46501484069824217
0.35504335479736326
0.2664887969970703
0.18662030487060546
0.15006067657470704
0.10076388702392577
0.06967458734512329
0.5596730346679688
0.4549557861328125
0.3363389175415039
0.25570087432861327
0.18679768829345703
0.13590780448913575
0.10197024822235107
0.06750407800674438
0.6010991302490234
0.4174561935424805
0.34919566040039063
0.25358250885009764
0.19353076667785646
0.13310105056762694
0.10994856491088867
0.06807460451126099
