1.2810080322265625
0.6017828094482421
0.3922214126586914
0.3331921142578125
0.2518420036315918
0.1796214385986328
0.14178552856445312
0.07841666698455811
1.2876280883789062
0.58933759765625
0.3963390197753906
0.33573614807128904
0.24609674606323242
0.1891339859008789
0.12248639183044434
0.07839841175079346
1.2879880737304688
0.6165927978515625
0.4000154022216797
0.31306839447021484
0.2499230987548828
0.18528130569458007
0.11859155540466308
0.07832186374664307
1.2831568603515624
0.5937238616943359
0.3978929962158203
0.32009054107666013
0.24686143035888672
0.18569108123779296
0.11758984107971192
0.07717017269134521
1.2725083129882813
0.5859224334716797
0.382860888671875
0.310285514831543
0.25588794250488284
0.17980456619262694
0.13290182151794433
0.07834470233917236
