2.2536448486328124
2.036088134765625
0.7478427917480469
0.3838081283569336
0.2678806510925293
0.18147200088500975
0.1326865188598633
0.07139485082626343
2.2365655029296874
1.9598419311523438
0.7108447937011719
0.3874958465576172
0.27286471481323243
0.19244128189086915
0.11531337814331055
0.07260774383544921
2.2428647705078126
2.029763049316406
0.7506195007324219
0.38750198974609373
0.27663040771484376
0.19302766494750975
0.11643738594055175
0.06933899450302124
2.2452032958984374
2.0136265991210935
0.7373454223632813
0.3796782684326172
0.2750018997192383
0.18726810455322265
0.11173913192749023
0.07115982360839844
2.2481691650390623
2.00058876953125
0.7403252685546875
0.37431671752929685
0.27987508621215823
0.18540005569458007
0.12063036842346192
0.07324557342529296
