0.7989691711425781
0.5427405303955078
0.39968062591552733
0.34171771392822264
0.2592783378601074
0.18064546127319336
0.13058365898132324
0.0735139015197754
0.8060829406738281
0.5331199279785156
0.40583993835449217
0.3450471130371094
0.25566026611328124
0.19173615341186523
0.11779405097961426
0.07524939804077148
0.7903246276855469
0.5644824096679687
0.4086292755126953
0.32929980010986326
0.2579929565429688
0.185374524307251
0.11789712638854981
0.07504458618164063
0.7990357116699218
0.5349400848388672
0.4028680999755859
0.3272205047607422
0.25538675689697266
0.18189370651245118
0.11615947723388671
0.07006247329711913
0.7718899719238281
0.5299184783935547
0.39073045043945315
0.3223059921264648
0.26148841247558596
0.18277759628295898
0.1260230110168457
0.07130962886810303
