0.6773096893310547
0.5929829864501953
0.4350291275024414
0.3422356323242188
0.20155285110473634
0.1642562545776367
0.11855857009887695
0.09016911544799805
0.7328104858398438
0.5785081756591797
0.44763201599121094
0.3764040115356445
0.21203174438476563
0.15627730350494384
0.1274741313934326
0.09574895286560059
0.7555830657958984
0.6489910415649414
0.4296270050048828
0.339517440032959
0.2049103759765625
0.16440651874542236
0.12616322441101074
0.08866048107147217
0.7350998260498047
0.6094735168457032
0.4438686279296875
0.3271101982116699
0.19431454620361327
0.15982055053710936
0.12105464630126953
0.09133648700714112
0.6828165740966797
0.5771431991577148
0.4242190933227539
0.3291269119262695
0.22263407440185548
0.15296301822662353
0.12061548500061035
0.08196081714630127
