81.0623050709229
86.4359637079985
88.9821005648498
91.68537912262559
94.13489133133142
95.61035857388217
96.76479983795674
97.84614565529257
82.10230507092291
85.62596370799851
89.3621005648498
90.92537912262559
94.18489133133141
95.59035857388217
96.86479983795675
97.84614565529257
82.2523050709229
86.5759637079985
88.7021005648498
91.70537912262559
93.96489133133142
95.54035857388217
96.93479983795675
97.79614565529258
81.1423050709229
86.3859637079985
89.3121005648498
91.95537912262559
93.94489133133142
95.78035857388217
97.02479983795675
97.86614565529257
82.1223050709229
87.3659637079985
88.9921005648498
91.50537912262558
93.73489133133141
95.68035857388217
96.77479983795675
97.96614565529258
