0.6648465088266073
0.4722912774736136
0.44824437577979764
0.34046776051920385
0.30340414777214453
0.16483211967489525
0.18169942946579454
0.06471793514921623
0.6534096985238729
0.48037389008347686
0.45896606462257106
0.3770643822233054
0.2856206554930918
0.17310441429159448
0.16154607024338244
0.06959474293425041
0.6886980560678182
0.5004456842118948
0.45746270921485627
0.3268408432523581
0.30419449429924417
0.17845368034384057
0.16178212523605823
0.06538894917204338
0.6675410065072713
0.4748162896806448
0.45166118028419217
0.31659058156412573
0.30122818570549414
0.16564102317831322
0.15816720385696886
0.06284995381071526
0.6395454346078573
0.44985177094285184
0.44871312730567653
0.3244085670987937
0.31066975446159767
0.17547858230612084
0.17120266776230333
0.06642071997358757
