Train Loss	Valid Loss	Train Acc.	Valid Acc.	Grad Norm	Noise Record	
0.001252	0.046271	17.222000	13.870000	6.600240	0.000000	
0.000962	0.002257	26.640000	23.710000	1.668334	0.000000	
0.000890	0.001786	32.266000	33.120000	2.189571	0.000000	
0.000815	0.001655	38.654000	38.310000	2.745801	0.000000	
0.000766	0.001563	42.876000	40.240000	3.297180	0.000000	
0.000710	0.001541	47.624000	46.050000	3.524288	0.000000	
0.000676	0.001498	50.506000	46.730000	3.952936	0.000000	
0.000623	0.001251	54.464000	54.410000	3.036225	0.000000	
0.000572	0.001573	58.780000	47.160000	3.659170	0.000000	
0.000577	0.001352	58.198000	53.560000	3.779730	0.000000	
0.000510	0.001097	63.360000	61.340000	3.436590	0.000000	
0.000481	0.001096	65.282000	61.220000	3.544581	0.000000	
0.000448	0.000912	67.944000	67.900000	3.513854	0.000000	
0.000420	0.001203	69.828000	59.680000	3.532282	0.000000	
0.000408	0.000914	71.046000	68.310000	3.737684	0.000000	
0.000380	0.000863	72.856000	70.630000	3.395356	0.000000	
0.000359	0.000758	74.392000	73.820000	3.477683	0.000000	
0.000335	0.000807	76.540000	72.310000	3.217082	0.000000	
0.000314	0.000907	77.874000	70.520000	3.197986	0.000000	
0.000298	0.000716	79.032000	75.760000	3.105488	0.000000	
0.000281	0.000742	80.208000	75.490000	3.132795	0.000000	
0.000267	0.000661	81.260000	77.990000	3.130547	0.000000	
0.000248	0.000652	82.778000	78.240000	2.940005	0.000000	
0.000238	0.000585	83.300000	80.490000	3.008679	0.000000	
0.000225	0.000617	84.236000	79.270000	3.052071	0.000000	
0.000220	0.000762	84.652000	75.970000	3.000971	0.000000	
0.000208	0.000589	85.422000	80.360000	2.917635	0.000000	
0.000196	0.000564	86.270000	81.910000	2.887666	0.000000	
0.000184	0.000576	87.158000	81.580000	2.787965	0.000000	
0.000174	0.000517	87.762000	82.830000	2.841515	0.000000	
0.000169	0.000618	88.054000	81.020000	2.957255	0.000000	
0.000163	0.000511	88.478000	83.110000	2.889865	0.000000	
0.000153	0.000545	89.160000	82.920000	2.678394	0.000000	
0.000147	0.000531	89.532000	82.840000	2.723274	0.000000	
0.000139	0.000571	90.108000	83.070000	2.786120	0.000000	
0.000134	0.000602	90.520000	81.880000	2.775136	0.000000	
0.000131	0.000609	90.712000	82.360000	2.809543	0.000000	
0.000121	0.000568	91.468000	83.510000	2.686315	0.000000	
0.000118	0.000612	91.594000	82.960000	2.621337	0.000000	
0.000110	0.000481	92.168000	85.580000	2.654185	0.000000	
0.000107	0.000476	92.376000	85.820000	2.783106	0.000000	
0.000104	0.000544	92.572000	83.970000	2.679631	0.000000	
0.000094	0.000575	93.250000	84.250000	2.587580	0.000000	
0.000095	0.000456	93.228000	86.850000	2.678110	0.000000	
0.000089	0.000461	93.772000	86.590000	2.606803	0.000000	
0.000083	0.000509	94.160000	85.480000	2.496010	0.000000	
0.000080	0.000438	94.338000	87.340000	2.634358	0.000000	
0.000084	0.000486	93.968000	86.720000	2.712565	0.000000	
0.000075	0.000501	94.554000	86.250000	2.486949	0.000000	
0.000070	0.000498	95.002000	87.030000	2.477096	0.000000	
0.000068	0.000446	95.170000	87.760000	2.441011	0.000000	
0.000066	0.000506	95.256000	86.750000	2.553909	0.000000	
0.000060	0.000535	95.696000	86.280000	2.366247	0.000000	
0.000056	0.000528	95.998000	86.610000	2.307000	0.000000	
0.000055	0.000464	96.032000	87.670000	2.407132	0.000000	
0.000052	0.000524	96.188000	87.450000	2.399757	0.000000	
0.000053	0.000520	96.206000	87.360000	2.422328	0.000000	
0.000050	0.000620	96.442000	85.440000	2.407230	0.000000	
0.000048	0.000535	96.562000	86.820000	2.344904	0.000000	
0.000046	0.000522	96.778000	87.060000	2.314264	0.000000	
0.000041	0.000583	97.098000	86.450000	2.230841	0.000000	
0.000041	0.000557	97.068000	87.330000	2.293433	0.000000	
0.000041	0.000492	97.204000	88.230000	2.299865	0.000000	
0.000037	0.000551	97.260000	87.660000	2.223785	0.000000	
0.000039	0.000525	97.270000	88.120000	2.213380	0.000000	
0.000036	0.000566	97.446000	87.360000	2.194029	0.000000	
0.000035	0.000551	97.534000	87.700000	2.200814	0.000000	
0.000033	0.000670	97.646000	86.420000	2.122885	0.000000	
0.000031	0.000580	97.834000	87.480000	2.083941	0.000000	
0.000029	0.000571	97.966000	87.120000	2.067505	0.000000	
0.000030	0.000514	97.862000	88.810000	2.135955	0.000000	
0.000027	0.000556	98.048000	88.420000	1.994028	0.000000	
0.000030	0.000567	97.888000	88.010000	2.148392	0.000000	
0.000027	0.000573	98.062000	88.270000	2.069207	0.000000	
0.000026	0.000551	98.140000	88.250000	1.976868	0.000000	
0.000026	0.000573	98.220000	88.200000	2.036491	0.000000	
0.000026	0.000548	98.142000	88.680000	2.019601	0.000000	
0.000025	0.000531	98.234000	88.710000	1.942845	0.000000	
0.000024	0.000555	98.310000	88.800000	1.969628	0.000000	
0.000023	0.000569	98.410000	88.290000	1.906419	0.000000	
0.000014	0.000451	99.066000	90.540000	1.337106	0.000000	
0.000009	0.000448	99.510000	90.600000	0.974036	0.000000	
0.000007	0.000443	99.598000	90.680000	0.862199	0.000000	
0.000006	0.000445	99.644000	90.740000	0.832868	0.000000	
0.000005	0.000452	99.724000	90.630000	0.754562	0.000000	
0.000005	0.000452	99.708000	90.790000	0.787048	0.000000	
0.000005	0.000453	99.742000	90.800000	0.752154	0.000000	
0.000005	0.000454	99.762000	90.910000	0.733763	0.000000	
0.000004	0.000460	99.794000	90.820000	0.705765	0.000000	
0.000004	0.000463	99.790000	90.820000	0.688886	0.000000	
0.000004	0.000457	99.760000	90.810000	0.713679	0.000000	
0.000004	0.000460	99.828000	90.920000	0.651200	0.000000	
0.000004	0.000466	99.810000	90.930000	0.674870	0.000000	
0.000003	0.000465	99.848000	90.990000	0.593448	0.000000	
0.000004	0.000469	99.828000	91.010000	0.648374	0.000000	
0.000004	0.000471	99.822000	91.000000	0.666672	0.000000	
0.000003	0.000469	99.852000	90.990000	0.624815	0.000000	
0.000003	0.000468	99.848000	90.890000	0.602576	0.000000	
0.000003	0.000474	99.860000	90.860000	0.625446	0.000000	
0.000003	0.000472	99.876000	90.880000	0.547911	0.000000	
0.000003	0.000475	99.862000	90.870000	0.586237	0.000000	
0.000003	0.000478	99.882000	90.870000	0.583487	0.000000	
0.000003	0.000479	99.880000	90.890000	0.587291	0.000000	
0.000003	0.000481	99.846000	90.850000	0.610006	0.000000	
0.000003	0.000479	99.874000	90.950000	0.586711	0.000000	
0.000003	0.000481	99.886000	90.850000	0.570356	0.000000	
0.000002	0.000485	99.898000	90.920000	0.547475	0.000000	
0.000003	0.000484	99.892000	90.910000	0.569637	0.000000	
0.000002	0.000485	99.900000	91.010000	0.559381	0.000000	
0.000002	0.000485	99.924000	90.920000	0.500209	0.000000	
0.000002	0.000486	99.894000	90.970000	0.547531	0.000000	
0.000002	0.000490	99.886000	90.940000	0.571866	0.000000	
0.000002	0.000488	99.934000	90.880000	0.490828	0.000000	
0.000002	0.000495	99.916000	90.880000	0.492590	0.000000	
0.000002	0.000492	99.904000	90.860000	0.508702	0.000000	
0.000002	0.000493	99.930000	90.910000	0.468765	0.000000	
0.000002	0.000493	99.916000	90.990000	0.505518	0.000000	
0.000002	0.000495	99.936000	90.970000	0.483652	0.000000	
0.000002	0.000493	99.916000	90.940000	0.502285	0.000000	
0.000002	0.000495	99.922000	90.900000	0.493060	0.000000	
0.000002	0.000498	99.950000	90.970000	0.444980	0.000000	
0.000002	0.000497	99.922000	90.900000	0.517773	0.000000	
0.000002	0.000497	99.908000	90.990000	0.487902	0.000000	
0.000002	0.000498	99.930000	90.880000	0.492560	0.000000	
0.000002	0.000497	99.940000	90.920000	0.457333	0.000000	
0.000002	0.000496	99.932000	90.890000	0.449953	0.000000	
0.000002	0.000497	99.930000	90.860000	0.509042	0.000000	
0.000002	0.000498	99.946000	90.870000	0.445955	0.000000	
0.000002	0.000497	99.924000	90.950000	0.493287	0.000000	
0.000002	0.000498	99.932000	90.930000	0.481154	0.000000	
0.000002	0.000500	99.946000	90.970000	0.442923	0.000000	
0.000002	0.000501	99.940000	91.040000	0.451255	0.000000	
0.000002	0.000499	99.942000	90.910000	0.444459	0.000000	
0.000002	0.000497	99.936000	90.970000	0.428453	0.000000	
0.000002	0.000497	99.930000	90.930000	0.469914	0.000000	
0.000002	0.000501	99.938000	91.000000	0.479461	0.000000	
0.000002	0.000499	99.946000	91.020000	0.428846	0.000000	
0.000002	0.000498	99.952000	91.070000	0.437799	0.000000	
0.000002	0.000500	99.928000	91.030000	0.477907	0.000000	
0.000002	0.000498	99.938000	91.050000	0.462240	0.000000	
0.000002	0.000500	99.930000	91.060000	0.480914	0.000000	
0.000002	0.000498	99.952000	91.030000	0.427696	0.000000	
0.000002	0.000498	99.934000	90.980000	0.490662	0.000000	
0.000002	0.000501	99.934000	91.000000	0.441055	0.000000	
0.000001	0.000501	99.956000	90.970000	0.407043	0.000000	
0.000002	0.000501	99.940000	91.000000	0.435891	0.000000	
0.000002	0.000498	99.932000	91.080000	0.442613	0.000000	
0.000001	0.000499	99.948000	90.980000	0.430172	0.000000	
0.000002	0.000502	99.938000	90.930000	0.423956	0.000000	
0.000002	0.000499	99.944000	91.040000	0.445088	0.000000	
