Train Loss	Valid Loss	Train Acc.	Valid Acc.	Grad Norm	Noise Record	
0.000930	0.002591	30.594000	15.690000	9.588147	0.000000	
0.000728	0.001371	46.448000	48.990000	8.327238	0.000000	
0.000598	0.001647	56.782000	48.550000	9.571298	0.000000	
0.000502	0.001075	64.110000	63.010000	8.924834	0.000000	
0.000442	0.001397	68.546000	57.510000	9.043620	0.000000	
0.000379	0.000878	73.154000	68.610000	8.168608	0.000000	
0.000337	0.000867	76.252000	71.590000	8.350886	0.000000	
0.000303	0.000780	78.846000	74.050000	7.469866	0.000000	
0.000270	0.000858	81.062000	74.450000	7.547742	0.000000	
0.000252	0.000723	82.436000	76.200000	7.328679	0.000000	
0.000230	0.000695	83.882000	77.590000	7.006479	0.000000	
0.000213	0.000730	85.084000	76.130000	6.731958	0.000000	
0.000196	0.000557	86.482000	81.820000	6.568334	0.000000	
0.000186	0.000626	86.958000	80.220000	6.802870	0.000000	
0.000173	0.000569	87.962000	81.850000	6.552099	0.000000	
0.000165	0.000641	88.480000	80.170000	6.556612	0.000000	
0.000154	0.000508	89.202000	83.930000	6.545092	0.000000	
0.000146	0.000526	89.846000	83.460000	6.438088	0.000000	
0.000136	0.000455	90.612000	85.130000	6.178756	0.000000	
0.000132	0.000684	90.816000	80.160000	6.449751	0.000000	
0.000125	0.000634	91.398000	81.320000	6.160199	0.000000	
0.000117	0.000431	91.892000	86.080000	6.044352	0.000000	
0.000111	0.000500	92.238000	84.180000	6.088649	0.000000	
0.000106	0.000527	92.686000	84.220000	5.987256	0.000000	
0.000105	0.000484	92.590000	85.890000	6.175712	0.000000	
0.000096	0.000700	93.296000	80.620000	5.857092	0.000000	
0.000091	0.000433	93.584000	87.100000	5.891165	0.000000	
0.000085	0.000729	94.024000	81.580000	5.532957	0.000000	
0.000080	0.000486	94.252000	86.020000	5.763245	0.000000	
0.000079	0.000468	94.500000	86.670000	5.795298	0.000000	
0.000073	0.000618	94.796000	83.430000	5.571865	0.000000	
0.000071	0.000596	95.046000	84.560000	5.598130	0.000000	
0.000072	0.000431	94.830000	87.150000	5.912955	0.000000	
0.000066	0.000464	95.356000	87.360000	5.609544	0.000000	
0.000061	0.000565	95.782000	84.760000	5.310813	0.000000	
0.000055	0.000478	96.016000	87.180000	5.222619	0.000000	
0.000055	0.000627	96.136000	84.290000	5.366696	0.000000	
0.000052	0.000579	96.314000	85.800000	5.103227	0.000000	
0.000050	0.000573	96.424000	85.790000	5.193935	0.000000	
0.000049	0.000496	96.528000	87.570000	5.342884	0.000000	
0.000047	0.000416	96.768000	88.610000	5.134523	0.000000	
0.000045	0.000503	96.944000	87.420000	5.073530	0.000000	
0.000042	0.000439	97.088000	88.830000	4.897731	0.000000	
0.000040	0.000465	97.218000	87.810000	4.891517	0.000000	
0.000038	0.000496	97.428000	87.380000	4.905435	0.000000	
0.000039	0.000433	97.148000	89.040000	5.038727	0.000000	
0.000034	0.000378	97.640000	90.220000	4.499024	0.000000	
0.000032	0.000396	97.790000	90.140000	4.702583	0.000000	
0.000033	0.000439	97.656000	89.070000	4.830529	0.000000	
0.000029	0.000502	97.996000	88.010000	4.433046	0.000000	
0.000029	0.000498	97.964000	88.180000	4.526486	0.000000	
0.000028	0.000406	98.034000	89.700000	4.504748	0.000000	
0.000029	0.000554	97.920000	87.490000	4.700850	0.000000	
0.000028	0.000449	98.064000	89.240000	4.559294	0.000000	
0.000028	0.000508	98.026000	88.410000	4.660631	0.000000	
0.000024	0.000543	98.320000	87.910000	4.204971	0.000000	
0.000025	0.000472	98.256000	89.360000	4.391799	0.000000	
0.000023	0.000430	98.378000	89.340000	4.180158	0.000000	
0.000022	0.000431	98.392000	90.010000	4.181555	0.000000	
0.000020	0.000499	98.642000	88.750000	3.848319	0.000000	
0.000019	0.000500	98.632000	89.230000	3.909537	0.000000	
0.000018	0.000451	98.794000	89.770000	3.770745	0.000000	
0.000017	0.000526	98.810000	89.060000	3.768271	0.000000	
0.000020	0.000542	98.590000	88.940000	4.227608	0.000000	
0.000020	0.000424	98.618000	90.350000	4.019556	0.000000	
0.000017	0.000490	98.814000	89.210000	3.804951	0.000000	
0.000018	0.000459	98.776000	89.950000	3.876316	0.000000	
0.000017	0.000433	98.804000	90.490000	3.780571	0.000000	
0.000016	0.000553	98.958000	88.980000	3.608875	0.000000	
0.000014	0.000504	99.038000	89.530000	3.463817	0.000000	
0.000014	0.000423	99.018000	90.870000	3.492919	0.000000	
0.000012	0.000446	99.198000	90.610000	3.138899	0.000000	
0.000011	0.000510	99.258000	89.680000	3.157366	0.000000	
0.000011	0.000454	99.266000	90.720000	3.140261	0.000000	
0.000011	0.000455	99.252000	90.890000	3.144797	0.000000	
0.000013	0.000458	99.168000	90.320000	3.491167	0.000000	
0.000012	0.000496	99.228000	90.050000	3.162001	0.000000	
0.000011	0.000467	99.230000	90.710000	3.204910	0.000000	
0.000011	0.000453	99.236000	90.560000	3.271395	0.000000	
0.000010	0.000447	99.328000	90.660000	3.044199	0.000000	
0.000007	0.000395	99.570000	91.970000	2.278517	0.000000	
0.000004	0.000382	99.802000	91.970000	1.600178	0.000000	
0.000003	0.000374	99.858000	92.330000	1.346970	0.000000	
0.000003	0.000374	99.870000	92.180000	1.314198	0.000000	
0.000003	0.000373	99.884000	92.200000	1.248076	0.000000	
0.000003	0.000372	99.872000	92.210000	1.268782	0.000000	
0.000003	0.000372	99.902000	92.240000	1.179168	0.000000	
0.000002	0.000373	99.906000	92.080000	1.187448	0.000000	
0.000002	0.000373	99.906000	92.150000	1.148751	0.000000	
0.000002	0.000374	99.930000	92.180000	1.037625	0.000000	
0.000002	0.000368	99.914000	92.260000	1.041862	0.000000	
0.000002	0.000368	99.926000	92.370000	0.986869	0.000000	
0.000002	0.000372	99.926000	92.300000	0.996927	0.000000	
0.000002	0.000371	99.908000	92.150000	1.143347	0.000000	
0.000002	0.000369	99.938000	92.210000	0.953252	0.000000	
0.000002	0.000371	99.958000	92.210000	0.864202	0.000000	
0.000002	0.000369	99.948000	92.240000	0.917273	0.000000	
0.000002	0.000370	99.936000	92.280000	0.956430	0.000000	
0.000002	0.000375	99.936000	92.270000	0.988476	0.000000	
0.000002	0.000372	99.950000	92.170000	0.923129	0.000000	
0.000002	0.000372	99.944000	92.280000	0.905597	0.000000	
0.000002	0.000370	99.952000	92.440000	0.891061	0.000000	
0.000001	0.000372	99.954000	92.390000	0.838733	0.000000	
0.000002	0.000370	99.934000	92.320000	0.960712	0.000000	
0.000002	0.000372	99.946000	92.460000	0.914081	0.000000	
0.000002	0.000375	99.956000	92.240000	0.889005	0.000000	
0.000002	0.000373	99.954000	92.360000	0.874805	0.000000	
0.000001	0.000374	99.964000	92.280000	0.781714	0.000000	
0.000001	0.000375	99.970000	92.350000	0.830796	0.000000	
0.000001	0.000375	99.944000	92.410000	0.874688	0.000000	
0.000001	0.000374	99.964000	92.400000	0.816602	0.000000	
0.000001	0.000373	99.960000	92.410000	0.827250	0.000000	
0.000001	0.000371	99.968000	92.460000	0.738044	0.000000	
0.000001	0.000371	99.962000	92.520000	0.784517	0.000000	
0.000001	0.000369	99.972000	92.510000	0.758261	0.000000	
0.000001	0.000370	99.974000	92.420000	0.744424	0.000000	
0.000001	0.000373	99.954000	92.420000	0.809410	0.000000	
0.000001	0.000370	99.952000	92.490000	0.760504	0.000000	
0.000001	0.000371	99.976000	92.340000	0.690762	0.000000	
0.000001	0.000373	99.970000	92.470000	0.751037	0.000000	
0.000001	0.000374	99.976000	92.390000	0.712660	0.000000	
0.000001	0.000371	99.962000	92.430000	0.796859	0.000000	
0.000001	0.000373	99.960000	92.530000	0.736912	0.000000	
0.000001	0.000372	99.980000	92.390000	0.688084	0.000000	
0.000001	0.000373	99.974000	92.380000	0.766020	0.000000	
0.000001	0.000372	99.976000	92.450000	0.690689	0.000000	
0.000001	0.000373	99.966000	92.460000	0.770844	0.000000	
0.000001	0.000374	99.988000	92.470000	0.555865	0.000000	
0.000001	0.000372	99.972000	92.460000	0.710058	0.000000	
0.000001	0.000372	99.980000	92.540000	0.688864	0.000000	
0.000001	0.000374	99.974000	92.520000	0.682888	0.000000	
0.000001	0.000372	99.976000	92.530000	0.638250	0.000000	
0.000001	0.000373	99.974000	92.430000	0.710111	0.000000	
0.000001	0.000371	99.972000	92.420000	0.706789	0.000000	
0.000001	0.000371	99.978000	92.430000	0.720188	0.000000	
0.000001	0.000371	99.970000	92.540000	0.707328	0.000000	
0.000001	0.000370	99.982000	92.520000	0.685116	0.000000	
0.000001	0.000370	99.968000	92.360000	0.695683	0.000000	
0.000001	0.000372	99.966000	92.500000	0.771824	0.000000	
0.000001	0.000371	99.972000	92.380000	0.761576	0.000000	
0.000001	0.000375	99.976000	92.520000	0.663842	0.000000	
0.000001	0.000373	99.976000	92.510000	0.685122	0.000000	
0.000001	0.000371	99.974000	92.470000	0.694639	0.000000	
0.000001	0.000374	99.972000	92.490000	0.659128	0.000000	
0.000001	0.000373	99.974000	92.410000	0.693870	0.000000	
0.000001	0.000373	99.980000	92.510000	0.695881	0.000000	
0.000001	0.000371	99.978000	92.490000	0.700928	0.000000	
0.000001	0.000372	99.974000	92.420000	0.631210	0.000000	
0.000001	0.000371	99.980000	92.580000	0.612210	0.000000	
0.000001	0.000371	99.974000	92.500000	0.659941	0.000000	
