Train Loss	Valid Loss	Train Acc.	Valid Acc.	
0.001050	0.002336	23.588000	26.970000	
0.000840	0.001587	36.330000	40.360000	
0.000750	0.001560	44.448000	43.440000	
0.000692	0.001341	48.858000	49.530000	
0.000610	0.001313	55.232000	54.020000	
0.000539	0.001307	60.982000	53.840000	
0.000489	0.001224	64.978000	57.440000	
0.000440	0.000841	68.614000	70.600000	
0.000397	0.000926	71.908000	68.620000	
0.000369	0.000876	73.828000	69.640000	
0.000326	0.000796	77.006000	72.920000	
0.000305	0.000730	78.504000	74.820000	
0.000273	0.000671	80.728000	77.050000	
0.000254	0.000662	82.116000	78.280000	
0.000239	0.000568	83.220000	80.860000	
0.000222	0.000584	84.402000	80.250000	
0.000210	0.000715	85.250000	78.080000	
0.000193	0.000483	86.638000	84.160000	
0.000178	0.000549	87.564000	81.970000	
0.000170	0.000577	88.092000	81.690000	
0.000158	0.000497	88.840000	84.210000	
0.000151	0.000589	89.378000	81.270000	
0.000146	0.000583	89.680000	80.950000	
0.000136	0.000442	90.488000	86.080000	
0.000127	0.000509	90.990000	84.170000	
0.000121	0.000639	91.716000	81.840000	
0.000117	0.000464	91.758000	86.400000	
0.000111	0.000469	92.130000	85.660000	
0.000101	0.000449	92.816000	86.440000	
0.000098	0.000492	93.080000	85.360000	
0.000091	0.000438	93.506000	86.740000	
0.000090	0.000639	93.498000	82.430000	
0.000084	0.000482	93.946000	86.410000	
0.000077	0.000476	94.548000	86.030000	
0.000074	0.000486	94.740000	85.970000	
0.000067	0.000560	95.210000	85.490000	
0.000065	0.000467	95.310000	87.170000	
0.000060	0.000425	95.690000	88.280000	
0.000058	0.000523	95.872000	86.560000	
0.000060	0.000420	95.696000	88.530000	
0.000054	0.000472	96.118000	87.620000	
0.000054	0.000507	96.166000	87.120000	
0.000049	0.000481	96.488000	87.910000	
0.000047	0.000460	96.688000	87.890000	
0.000042	0.000502	97.120000	87.930000	
0.000040	0.000500	97.108000	88.250000	
0.000039	0.000479	97.278000	87.840000	
0.000039	0.000481	97.244000	88.150000	
0.000038	0.000536	97.220000	87.790000	
0.000038	0.000584	97.308000	86.570000	
0.000035	0.000629	97.522000	86.250000	
0.000031	0.000452	97.756000	89.150000	
0.000030	0.000485	97.920000	89.340000	
0.000027	0.000455	98.066000	89.200000	
0.000025	0.000507	98.250000	88.570000	
0.000023	0.000475	98.328000	89.260000	
0.000023	0.000434	98.382000	89.810000	
0.000024	0.000496	98.288000	88.800000	
0.000025	0.000499	98.180000	89.060000	
0.000021	0.000472	98.484000	89.600000	
0.000020	0.000469	98.640000	89.810000	
0.000019	0.000491	98.662000	89.440000	
0.000019	0.000497	98.712000	89.670000	
0.000018	0.000596	98.694000	88.460000	
0.000019	0.000464	98.698000	90.230000	
0.000016	0.000466	98.870000	90.260000	
0.000017	0.000468	98.808000	90.030000	
0.000017	0.000434	98.864000	90.630000	
0.000016	0.000499	98.918000	89.740000	
0.000015	0.000447	99.000000	90.440000	
0.000014	0.000498	99.030000	90.050000	
0.000013	0.000469	99.096000	90.320000	
0.000011	0.000476	99.188000	90.160000	
0.000011	0.000547	99.202000	89.560000	
0.000011	0.000499	99.306000	90.040000	
0.000011	0.000493	99.298000	90.230000	
0.000012	0.000511	99.140000	90.310000	
0.000012	0.000599	99.168000	89.290000	
0.000015	0.000568	99.050000	89.160000	
0.000014	0.000559	99.046000	89.450000	
0.000009	0.000438	99.392000	91.540000	
0.000005	0.000426	99.724000	91.700000	
0.000003	0.000418	99.840000	91.740000	
0.000003	0.000416	99.860000	91.990000	
0.000003	0.000413	99.858000	91.850000	
0.000003	0.000413	99.856000	91.990000	
0.000003	0.000414	99.848000	91.990000	
0.000002	0.000414	99.886000	91.900000	
0.000002	0.000413	99.918000	91.970000	
0.000002	0.000415	99.902000	92.000000	
0.000002	0.000411	99.912000	92.060000	
0.000002	0.000412	99.936000	92.090000	
0.000002	0.000412	99.926000	91.980000	
0.000002	0.000413	99.932000	92.050000	
0.000002	0.000413	99.944000	92.050000	
0.000002	0.000411	99.928000	91.980000	
0.000002	0.000412	99.948000	92.110000	
0.000002	0.000410	99.946000	92.090000	
0.000002	0.000414	99.930000	92.120000	
0.000002	0.000412	99.934000	92.120000	
0.000001	0.000413	99.962000	92.150000	
0.000001	0.000413	99.946000	92.140000	
0.000001	0.000412	99.948000	92.160000	
0.000001	0.000413	99.954000	92.110000	
0.000001	0.000414	99.978000	92.080000	
0.000001	0.000414	99.974000	92.190000	
0.000001	0.000414	99.976000	92.060000	
0.000001	0.000416	99.950000	92.060000	
0.000001	0.000415	99.978000	92.110000	
0.000001	0.000415	99.958000	92.110000	
0.000001	0.000416	99.974000	92.150000	
0.000001	0.000417	99.976000	92.070000	
0.000001	0.000416	99.962000	92.140000	
0.000001	0.000420	99.966000	92.180000	
0.000001	0.000417	99.962000	92.210000	
0.000001	0.000416	99.970000	92.130000	
0.000001	0.000415	99.972000	92.170000	
0.000001	0.000419	99.976000	92.350000	
0.000001	0.000419	99.974000	92.290000	
0.000001	0.000415	99.978000	92.240000	
0.000001	0.000416	99.968000	92.250000	
0.000001	0.000416	99.980000	92.170000	
0.000001	0.000416	99.980000	92.220000	
0.000001	0.000417	99.980000	92.190000	
0.000001	0.000417	99.968000	92.200000	
0.000001	0.000415	99.982000	92.200000	
0.000001	0.000417	99.972000	92.150000	
0.000001	0.000419	99.978000	92.270000	
0.000001	0.000416	99.974000	92.250000	
0.000001	0.000416	99.972000	92.210000	
0.000001	0.000417	99.976000	92.220000	
0.000001	0.000417	99.984000	92.260000	
0.000001	0.000418	99.984000	92.210000	
0.000001	0.000417	99.974000	92.230000	
0.000001	0.000415	99.978000	92.210000	
0.000001	0.000415	99.968000	92.250000	
0.000001	0.000416	99.988000	92.210000	
0.000001	0.000417	99.986000	92.170000	
0.000001	0.000416	99.976000	92.190000	
0.000001	0.000417	99.978000	92.140000	
0.000001	0.000418	99.970000	92.260000	
0.000001	0.000416	99.974000	92.270000	
0.000001	0.000415	99.974000	92.150000	
0.000001	0.000419	99.976000	92.210000	
0.000001	0.000417	99.984000	92.220000	
0.000001	0.000418	99.972000	92.240000	
0.000001	0.000416	99.970000	92.150000	
0.000001	0.000417	99.974000	92.120000	
0.000001	0.000417	99.978000	92.250000	
0.000001	0.000416	99.972000	92.160000	
