Train Loss	Valid Loss	Train Acc.	Valid Acc.	Grad Norm	Noise Record	
0.000934	0.002479	30.400000	18.350000	9.576539	0.000000	
0.000726	0.001602	46.444000	42.980000	8.538189	0.000000	
0.000606	0.001945	56.012000	42.130000	8.909238	0.000000	
0.000515	0.001193	63.000000	60.600000	8.992775	0.000000	
0.000442	0.001234	68.508000	61.910000	8.971337	0.000000	
0.000369	0.000962	73.802000	66.850000	7.750666	0.000000	
0.000333	0.000890	76.568000	70.010000	8.349378	0.000000	
0.000299	0.000681	79.144000	76.540000	7.638521	0.000000	
0.000266	0.000654	81.498000	78.320000	7.137480	0.000000	
0.000246	0.000758	82.854000	75.560000	7.272127	0.000000	
0.000229	0.000675	84.148000	77.820000	7.303850	0.000000	
0.000214	0.000629	85.090000	78.810000	6.733587	0.000000	
0.000192	0.000745	86.610000	76.690000	6.504080	0.000000	
0.000186	0.000711	87.034000	78.390000	6.923006	0.000000	
0.000173	0.000552	87.996000	82.740000	6.543495	0.000000	
0.000164	0.000630	88.616000	80.150000	6.572727	0.000000	
0.000153	0.000548	89.436000	82.130000	6.384654	0.000000	
0.000145	0.000553	89.820000	82.390000	6.393733	0.000000	
0.000137	0.000515	90.382000	83.630000	6.205935	0.000000	
0.000132	0.000917	90.758000	74.410000	6.359404	0.000000	
0.000120	0.000569	91.614000	82.660000	5.785310	0.000000	
0.000112	0.000502	92.104000	84.700000	5.884699	0.000000	
0.000107	0.000578	92.606000	82.320000	5.992717	0.000000	
0.000104	0.000648	92.716000	81.470000	6.216714	0.000000	
0.000099	0.000524	92.918000	85.180000	6.054426	0.000000	
0.000096	0.000550	93.336000	84.350000	5.953317	0.000000	
0.000093	0.000623	93.436000	83.230000	5.951450	0.000000	
0.000087	0.000460	93.796000	86.400000	5.701912	0.000000	
0.000084	0.000547	94.070000	84.470000	5.954640	0.000000	
0.000077	0.000399	94.618000	88.210000	5.594557	0.000000	
0.000075	0.000526	94.818000	85.570000	5.645804	0.000000	
0.000071	0.000496	95.012000	86.470000	5.703139	0.000000	
0.000069	0.000513	95.098000	85.650000	5.559490	0.000000	
0.000068	0.000457	95.176000	86.930000	5.840405	0.000000	
0.000060	0.000435	95.730000	87.580000	5.260813	0.000000	
0.000057	0.000536	95.940000	86.040000	5.311924	0.000000	
0.000058	0.000459	95.950000	87.770000	5.458973	0.000000	
0.000052	0.000454	96.300000	87.490000	5.239159	0.000000	
0.000052	0.000508	96.272000	86.910000	5.323088	0.000000	
0.000052	0.000414	96.332000	89.090000	5.387897	0.000000	
0.000047	0.000423	96.756000	88.370000	4.974211	0.000000	
0.000044	0.000445	97.056000	88.750000	4.906317	0.000000	
0.000042	0.000473	96.964000	87.600000	4.959515	0.000000	
0.000042	0.000464	97.044000	88.370000	5.119571	0.000000	
0.000039	0.000676	97.284000	85.040000	4.825568	0.000000	
0.000035	0.000454	97.492000	89.160000	4.654632	0.000000	
0.000034	0.000649	97.620000	85.320000	4.707851	0.000000	
0.000034	0.000575	97.640000	86.230000	4.740707	0.000000	
0.000036	0.000632	97.422000	86.200000	4.992604	0.000000	
0.000032	0.000514	97.616000	87.450000	4.629875	0.000000	
0.000029	0.000512	97.984000	87.920000	4.412212	0.000000	
0.000028	0.000470	98.066000	88.810000	4.450968	0.000000	
0.000028	0.000465	97.972000	89.070000	4.494956	0.000000	
0.000025	0.000580	98.294000	87.030000	4.164302	0.000000	
0.000023	0.000564	98.352000	87.990000	4.198143	0.000000	
0.000023	0.000459	98.476000	89.370000	4.134339	0.000000	
0.000024	0.000519	98.326000	88.800000	4.353462	0.000000	
0.000024	0.000527	98.350000	88.090000	4.313104	0.000000	
0.000021	0.000504	98.542000	88.550000	4.043906	0.000000	
0.000022	0.000486	98.428000	89.090000	4.211611	0.000000	
0.000021	0.000487	98.520000	89.180000	4.131974	0.000000	
0.000019	0.000472	98.762000	89.050000	3.745443	0.000000	
0.000020	0.000462	98.634000	90.090000	4.009855	0.000000	
0.000018	0.000545	98.664000	88.290000	3.940875	0.000000	
0.000017	0.000464	98.764000	89.610000	3.684489	0.000000	
0.000016	0.000537	98.898000	88.350000	3.703471	0.000000	
0.000017	0.000500	98.816000	89.160000	3.805238	0.000000	
0.000016	0.000492	98.874000	89.620000	3.700853	0.000000	
0.000017	0.000554	98.870000	88.200000	3.802715	0.000000	
0.000014	0.000459	99.046000	90.120000	3.446106	0.000000	
0.000014	0.000462	99.074000	90.180000	3.391762	0.000000	
0.000012	0.000448	99.200000	90.290000	3.177079	0.000000	
0.000012	0.000565	99.178000	89.150000	3.189552	0.000000	
0.000011	0.000502	99.234000	89.830000	3.119600	0.000000	
0.000011	0.000504	99.224000	89.940000	3.231926	0.000000	
0.000011	0.000462	99.242000	90.850000	3.209716	0.000000	
0.000012	0.000556	99.134000	89.090000	3.416741	0.000000	
0.000012	0.000509	99.164000	89.760000	3.321853	0.000000	
0.000011	0.000649	99.258000	88.400000	3.259056	0.000000	
0.000010	0.000493	99.334000	90.260000	3.018374	0.000000	
0.000007	0.000408	99.580000	91.870000	2.327494	0.000000	
0.000004	0.000393	99.790000	91.980000	1.698858	0.000000	
0.000003	0.000385	99.798000	92.090000	1.534788	0.000000	
0.000003	0.000388	99.860000	92.220000	1.397944	0.000000	
0.000003	0.000386	99.898000	92.110000	1.231212	0.000000	
0.000003	0.000388	99.848000	92.170000	1.411068	0.000000	
0.000002	0.000387	99.904000	92.120000	1.178678	0.000000	
0.000003	0.000392	99.896000	92.130000	1.273676	0.000000	
0.000002	0.000388	99.898000	92.060000	1.191477	0.000000	
0.000002	0.000389	99.902000	92.110000	1.131832	0.000000	
0.000002	0.000384	99.918000	92.160000	1.093880	0.000000	
0.000002	0.000384	99.912000	92.350000	1.130582	0.000000	
0.000002	0.000386	99.936000	92.180000	0.967852	0.000000	
0.000002	0.000387	99.948000	92.240000	0.925713	0.000000	
0.000002	0.000384	99.940000	92.300000	0.970274	0.000000	
0.000002	0.000387	99.946000	92.380000	0.909397	0.000000	
0.000002	0.000386	99.944000	92.240000	0.948340	0.000000	
0.000002	0.000384	99.936000	92.330000	1.013145	0.000000	
0.000002	0.000386	99.948000	92.320000	0.925067	0.000000	
0.000002	0.000386	99.960000	92.270000	0.889110	0.000000	
0.000002	0.000387	99.942000	92.310000	0.974279	0.000000	
0.000002	0.000385	99.940000	92.320000	0.966015	0.000000	
0.000002	0.000387	99.940000	92.380000	0.924560	0.000000	
0.000002	0.000385	99.960000	92.280000	0.877652	0.000000	
0.000002	0.000389	99.940000	92.290000	0.997768	0.000000	
0.000001	0.000389	99.938000	92.350000	0.861630	0.000000	
0.000001	0.000388	99.964000	92.290000	0.803957	0.000000	
0.000001	0.000388	99.946000	92.310000	0.864961	0.000000	
0.000001	0.000392	99.968000	92.400000	0.855997	0.000000	
0.000001	0.000391	99.978000	92.460000	0.732989	0.000000	
0.000001	0.000389	99.952000	92.420000	0.845667	0.000000	
0.000001	0.000390	99.952000	92.380000	0.861573	0.000000	
0.000001	0.000387	99.958000	92.450000	0.809054	0.000000	
0.000001	0.000390	99.962000	92.310000	0.824090	0.000000	
0.000001	0.000388	99.960000	92.320000	0.789263	0.000000	
0.000001	0.000388	99.944000	92.320000	0.878143	0.000000	
0.000001	0.000389	99.968000	92.260000	0.725523	0.000000	
0.000001	0.000388	99.976000	92.250000	0.786921	0.000000	
0.000001	0.000390	99.968000	92.470000	0.724860	0.000000	
0.000001	0.000389	99.964000	92.310000	0.702968	0.000000	
0.000001	0.000390	99.972000	92.320000	0.760603	0.000000	
0.000001	0.000387	99.974000	92.290000	0.756391	0.000000	
0.000001	0.000390	99.966000	92.360000	0.792909	0.000000	
0.000001	0.000388	99.966000	92.410000	0.770554	0.000000	
0.000001	0.000390	99.968000	92.350000	0.760022	0.000000	
0.000001	0.000389	99.978000	92.410000	0.729519	0.000000	
0.000001	0.000389	99.968000	92.400000	0.778834	0.000000	
0.000001	0.000390	99.966000	92.390000	0.689438	0.000000	
0.000001	0.000388	99.978000	92.360000	0.653789	0.000000	
0.000001	0.000389	99.970000	92.390000	0.755287	0.000000	
0.000001	0.000390	99.984000	92.300000	0.610611	0.000000	
0.000001	0.000389	99.976000	92.340000	0.651482	0.000000	
0.000001	0.000390	99.958000	92.290000	0.816885	0.000000	
0.000001	0.000388	99.982000	92.400000	0.688537	0.000000	
0.000001	0.000388	99.970000	92.380000	0.722848	0.000000	
0.000001	0.000389	99.970000	92.270000	0.738727	0.000000	
0.000001	0.000388	99.974000	92.370000	0.654535	0.000000	
0.000001	0.000390	99.982000	92.230000	0.626182	0.000000	
0.000001	0.000390	99.982000	92.320000	0.631947	0.000000	
0.000001	0.000389	99.968000	92.310000	0.682843	0.000000	
0.000001	0.000390	99.962000	92.410000	0.784668	0.000000	
0.000001	0.000389	99.960000	92.440000	0.783986	0.000000	
0.000001	0.000389	99.972000	92.390000	0.729989	0.000000	
0.000001	0.000391	99.958000	92.380000	0.776421	0.000000	
0.000001	0.000389	99.970000	92.330000	0.676298	0.000000	
0.000001	0.000390	99.970000	92.270000	0.772038	0.000000	
0.000001	0.000389	99.972000	92.310000	0.775419	0.000000	
0.000001	0.000390	99.974000	92.370000	0.723141	0.000000	
0.000001	0.000388	99.966000	92.370000	0.751021	0.000000	
0.000001	0.000388	99.972000	92.380000	0.720519	0.000000	
