Train Loss	Valid Loss	Train Acc.	Valid Acc.	Grad Norm	Noise Record	
0.000722	19.982912	13.886000	9.720000	15.002196	0.000000	
0.000561	0.023590	21.378000	14.070000	2.167890	0.000000	
0.000512	0.002475	25.102000	22.230000	1.538151	0.000000	
0.000493	0.001929	27.626000	28.200000	1.914014	0.000000	
0.000465	0.001801	31.004000	32.570000	2.023004	0.000000	
0.000440	0.001943	35.676000	32.320000	2.310984	0.000000	
0.000425	0.001623	38.392000	39.760000	3.320660	0.000000	
0.000407	0.001630	41.262000	40.130000	3.496335	0.000000	
0.000390	0.001515	44.506000	43.530000	3.389189	0.000000	
0.000377	0.001679	46.278000	42.470000	3.686624	0.000000	
0.000363	0.001430	48.526000	46.280000	3.638959	0.000000	
0.000352	0.001527	50.412000	44.410000	3.906315	0.000000	
0.000339	0.001402	51.878000	49.920000	4.141271	0.000000	
0.000327	0.001493	54.010000	47.020000	4.310799	0.000000	
0.000312	0.001287	56.542000	52.880000	4.175671	0.000000	
0.000309	0.001319	56.456000	53.460000	4.560634	0.000000	
0.000292	0.001252	59.136000	56.330000	4.208100	0.000000	
0.000279	0.001187	61.254000	58.360000	4.406584	0.000000	
0.000267	0.001234	63.054000	57.800000	4.137754	0.000000	
0.000254	0.001183	64.576000	58.380000	3.943938	0.000000	
0.000259	0.001185	64.664000	58.760000	5.240819	0.000000	
0.000241	0.001004	67.082000	64.480000	4.063877	0.000000	
0.000224	0.001170	69.298000	60.510000	3.885247	0.000000	
0.000222	0.000989	69.522000	65.590000	4.434422	0.000000	
0.000207	0.001045	71.566000	65.080000	4.104994	0.000000	
0.000199	0.000856	72.934000	70.310000	3.957330	0.000000	
0.000197	0.000849	73.264000	70.520000	4.632261	0.000000	
0.000185	0.001001	74.952000	68.180000	3.994688	0.000000	
0.000176	0.000819	76.152000	72.060000	3.977703	0.000000	
0.000176	0.000781	76.236000	72.840000	4.268226	0.000000	
0.000165	0.000834	77.544000	72.340000	4.048637	0.000000	
0.000154	0.000775	78.944000	73.970000	3.732626	0.000000	
0.000149	0.000908	79.536000	71.590000	3.770659	0.000000	
0.000143	0.000811	80.556000	72.100000	4.011386	0.000000	
0.000144	0.000841	80.610000	72.790000	3.949637	0.000000	
0.000136	0.000757	81.470000	75.100000	3.878852	0.000000	
0.000133	0.000775	81.936000	74.460000	3.665253	0.000000	
0.000124	0.000835	83.234000	73.130000	3.518008	0.000000	
0.000120	0.000693	83.920000	76.940000	3.475457	0.000000	
0.000116	0.000652	84.466000	77.860000	3.645957	0.000000	
0.000113	0.000678	84.836000	77.480000	3.532866	0.000000	
0.000108	0.000625	85.346000	79.460000	3.535860	0.000000	
0.000107	0.000617	85.542000	79.660000	3.615027	0.000000	
0.000101	0.000601	86.318000	80.570000	3.350410	0.000000	
0.000096	0.000641	87.156000	80.090000	3.164112	0.000000	
0.000093	0.000751	87.288000	76.100000	3.504495	0.000000	
0.000094	0.000666	87.296000	79.030000	3.570620	0.000000	
0.000089	0.000624	88.220000	80.480000	3.378272	0.000000	
0.000089	0.000572	87.890000	81.480000	3.623607	0.000000	
0.000085	0.000539	88.556000	82.690000	3.340832	0.000000	
0.000080	0.000609	89.214000	81.240000	3.207598	0.000000	
0.000078	0.000557	89.376000	82.440000	3.356495	0.000000	
0.000078	0.000547	89.340000	82.820000	3.543662	0.000000	
0.000074	0.000554	89.994000	82.620000	3.195056	0.000000	
0.000071	0.000594	90.398000	82.000000	3.159955	0.000000	
0.000069	0.000579	90.542000	82.720000	3.327608	0.000000	
0.000067	0.000769	90.748000	78.220000	3.331147	0.000000	
0.000068	0.000574	90.904000	82.380000	3.397079	0.000000	
0.000064	0.000663	91.484000	81.610000	3.122629	0.000000	
0.000061	0.000542	91.634000	83.110000	3.193682	0.000000	
0.000059	0.000577	92.228000	83.350000	3.128710	0.000000	
0.000058	0.000564	92.200000	82.950000	3.190268	0.000000	
0.000054	0.000500	92.702000	85.160000	3.000520	0.000000	
0.000053	0.000589	92.544000	83.430000	3.224672	0.000000	
0.000054	0.000550	92.564000	84.630000	3.136976	0.000000	
0.000048	0.000638	93.402000	83.290000	2.683940	0.000000	
0.000045	0.000638	93.856000	82.490000	2.931178	0.000000	
0.000046	0.000563	93.716000	84.420000	3.228759	0.000000	
0.000045	0.000494	93.838000	85.710000	3.116286	0.000000	
0.000042	0.000557	94.096000	84.490000	2.893160	0.000000	
0.000040	0.000569	94.604000	84.570000	2.806498	0.000000	
0.000041	0.000618	94.318000	83.810000	3.157644	0.000000	
0.000037	0.000569	94.828000	85.180000	2.897801	0.000000	
0.000037	0.000499	95.056000	86.100000	2.846404	0.000000	
0.000036	0.000584	95.030000	85.350000	2.963988	0.000000	
0.000037	0.000540	95.032000	85.810000	3.021208	0.000000	
0.000036	0.000608	95.094000	84.650000	2.989769	0.000000	
0.000034	0.000566	95.352000	85.070000	2.828363	0.000000	
0.000033	0.000519	95.396000	86.470000	2.834700	0.000000	
0.000031	0.000565	95.768000	85.370000	2.724991	0.000000	
0.000023	0.000436	96.952000	88.380000	2.172824	0.000000	
0.000017	0.000427	97.802000	88.600000	1.569104	0.000000	
0.000015	0.000419	98.190000	89.030000	1.494633	0.000000	
0.000014	0.000424	98.326000	88.830000	1.389543	0.000000	
0.000014	0.000430	98.364000	88.890000	1.431076	0.000000	
0.000013	0.000429	98.488000	88.970000	1.420493	0.000000	
0.000012	0.000432	98.580000	88.850000	1.373458	0.000000	
0.000012	0.000431	98.608000	88.930000	1.396757	0.000000	
0.000012	0.000432	98.588000	89.130000	1.363124	0.000000	
0.000011	0.000435	98.712000	89.030000	1.327854	0.000000	
0.000011	0.000437	98.836000	89.150000	1.393214	0.000000	
0.000011	0.000444	98.836000	89.030000	1.416916	0.000000	
0.000010	0.000446	98.846000	89.120000	1.368311	0.000000	
0.000010	0.000446	98.952000	89.030000	1.304648	0.000000	
0.000009	0.000445	98.970000	89.110000	1.306361	0.000000	
0.000009	0.000446	98.988000	89.110000	1.309312	0.000000	
0.000009	0.000448	99.068000	88.850000	1.284870	0.000000	
0.000009	0.000449	99.024000	89.200000	1.282430	0.000000	
0.000009	0.000456	98.992000	88.900000	1.335889	0.000000	
0.000008	0.000453	99.088000	89.130000	1.309814	0.000000	
0.000008	0.000454	99.142000	89.270000	1.267413	0.000000	
0.000008	0.000457	99.104000	89.080000	1.379993	0.000000	
0.000008	0.000461	99.188000	88.940000	1.312695	0.000000	
0.000008	0.000467	99.158000	88.910000	1.295763	0.000000	
0.000008	0.000467	99.128000	88.940000	1.339495	0.000000	
0.000007	0.000469	99.208000	88.980000	1.326336	0.000000	
0.000007	0.000473	99.254000	89.050000	1.286288	0.000000	
0.000007	0.000475	99.240000	89.110000	1.282224	0.000000	
0.000007	0.000477	99.218000	89.000000	1.363341	0.000000	
0.000007	0.000480	99.180000	89.140000	1.366450	0.000000	
0.000007	0.000479	99.320000	89.030000	1.265286	0.000000	
0.000007	0.000481	99.322000	89.170000	1.283717	0.000000	
0.000007	0.000481	99.322000	89.070000	1.283504	0.000000	
0.000007	0.000485	99.236000	88.990000	1.350462	0.000000	
0.000007	0.000483	99.336000	89.090000	1.331142	0.000000	
0.000006	0.000481	99.330000	89.200000	1.298266	0.000000	
0.000006	0.000486	99.350000	89.150000	1.246400	0.000000	
0.000006	0.000485	99.388000	89.220000	1.220807	0.000000	
0.000006	0.000492	99.376000	88.990000	1.286741	0.000000	
0.000006	0.000493	99.394000	89.000000	1.293227	0.000000	
0.000006	0.000492	99.406000	89.150000	1.219162	0.000000	
0.000006	0.000492	99.462000	89.030000	1.199793	0.000000	
0.000005	0.000490	99.454000	89.070000	1.160498	0.000000	
0.000006	0.000492	99.516000	89.060000	1.184209	0.000000	
0.000005	0.000491	99.540000	89.080000	1.103975	0.000000	
0.000005	0.000492	99.484000	89.170000	1.115909	0.000000	
0.000006	0.000492	99.452000	89.080000	1.190859	0.000000	
0.000005	0.000491	99.476000	89.050000	1.096367	0.000000	
0.000005	0.000491	99.540000	89.090000	1.112952	0.000000	
0.000005	0.000491	99.538000	89.060000	1.138646	0.000000	
0.000005	0.000490	99.498000	89.100000	1.123872	0.000000	
0.000005	0.000492	99.522000	89.140000	1.079513	0.000000	
0.000005	0.000492	99.516000	89.090000	1.139137	0.000000	
0.000005	0.000492	99.552000	89.130000	1.124107	0.000000	
0.000005	0.000489	99.578000	89.260000	1.062953	0.000000	
0.000006	0.000490	99.488000	89.210000	1.268997	0.000000	
0.000005	0.000491	99.532000	89.170000	1.150375	0.000000	
0.000005	0.000490	99.516000	89.190000	1.124539	0.000000	
0.000005	0.000492	99.534000	89.180000	1.084928	0.000000	
0.000005	0.000491	99.568000	89.140000	1.163530	0.000000	
0.000005	0.000492	99.500000	89.090000	1.136007	0.000000	
0.000005	0.000491	99.588000	89.130000	1.112477	0.000000	
0.000005	0.000492	99.512000	89.160000	1.132819	0.000000	
0.000005	0.000493	99.532000	89.140000	1.076287	0.000000	
0.000005	0.000491	99.566000	89.160000	1.042932	0.000000	
0.000005	0.000493	99.582000	89.100000	1.137416	0.000000	
0.000005	0.000494	99.544000	89.110000	1.083061	0.000000	
0.000005	0.000493	99.530000	89.130000	1.108676	0.000000	
0.000005	0.000493	99.584000	89.110000	1.062914	0.000000	
0.000005	0.000495	99.568000	89.150000	1.109450	0.000000	
