Train Loss	Valid Loss	Train Acc.	Valid Acc.	Grad Norm	Noise Record	
0.000479	125.544036	13.714000	10.000000	21.906030	0.000100	
0.000354	2.720121	12.166000	10.000000	4.006052	0.000100	
0.000301	0.078958	17.376000	9.820000	1.509397	0.000100	
0.000285	0.006560	21.662000	15.830000	1.722370	0.000100	
0.000277	0.002780	23.424000	17.930000	2.060602	0.000100	
0.000269	0.002090	25.478000	23.970000	1.548491	0.000100	
0.000264	0.001942	26.854000	26.650000	1.508059	0.000100	
0.000258	0.001819	29.394000	30.390000	2.106085	0.000100	
0.000253	0.001792	30.758000	31.450000	2.105354	0.000100	
0.000245	0.001731	32.796000	33.410000	2.019132	0.000100	
0.000240	0.001746	34.818000	33.810000	2.110167	0.000100	
0.000234	0.001916	36.632000	29.900000	2.527084	0.000100	
0.000229	0.001975	38.212000	31.500000	2.741982	0.000100	
0.000227	0.001686	39.118000	38.710000	3.471516	0.000100	
0.000222	0.001678	40.862000	38.040000	2.662344	0.000100	
0.000220	0.001671	41.242000	38.770000	3.151855	0.000100	
0.000215	0.001782	42.414000	37.220000	3.108853	0.000100	
0.000212	0.001607	43.752000	42.340000	3.002262	0.000100	
0.000207	0.001601	44.946000	42.090000	3.052737	0.000100	
0.000205	0.001539	45.926000	44.370000	3.214382	0.000100	
0.000203	0.001870	47.302000	36.860000	3.119160	0.000100	
0.000197	0.001413	48.572000	47.830000	2.811467	0.000100	
0.000192	0.001540	49.738000	47.000000	2.934038	0.000100	
0.000189	0.001385	50.818000	49.360000	2.724931	0.000100	
0.000184	0.001456	52.266000	46.490000	2.910530	0.000100	
0.000187	0.001409	51.602000	49.180000	4.392502	0.000100	
0.000184	0.001540	52.160000	47.290000	3.799903	0.000100	
0.000184	0.001393	51.880000	50.180000	4.320276	0.000100	
0.000178	0.001695	53.432000	44.060000	3.585317	0.000100	
0.000173	0.001233	54.836000	55.060000	3.495110	0.000100	
0.000165	0.001372	56.694000	50.770000	3.078945	0.000100	
0.000165	0.001492	57.300000	48.790000	3.827944	0.000100	
0.000165	0.001312	57.372000	52.940000	4.365633	0.000100	
0.000159	0.001162	58.904000	58.610000	3.518392	0.000100	
0.000151	0.001141	60.870000	59.140000	3.203444	0.000100	
0.000146	0.001327	62.116000	53.210000	3.440240	0.000100	
0.000148	0.001207	62.154000	56.830000	4.174366	0.000100	
0.000143	0.001089	63.142000	61.310000	3.594635	0.000100	
0.000136	0.001223	64.906000	58.650000	3.314635	0.000100	
0.000139	0.001080	64.292000	62.450000	4.878142	0.000100	
0.000134	0.001022	65.858000	63.720000	3.529119	0.000100	
0.000130	0.001059	66.874000	62.710000	3.700499	0.000100	
0.000140	0.001871	64.940000	43.780000	5.014417	0.000100	
0.000142	0.001315	63.856000	56.620000	3.406747	0.000100	
0.000129	0.001140	66.742000	61.420000	2.904957	0.000100	
0.000126	0.001023	67.932000	64.590000	3.598983	0.000100	
0.000120	0.001004	69.586000	64.500000	3.058236	0.000100	
0.000119	0.001011	69.916000	64.670000	3.760891	0.000100	
0.000114	0.000947	71.018000	66.830000	3.387145	0.000100	
0.000111	0.001019	71.780000	64.580000	3.336679	0.000100	
0.000110	0.000919	72.210000	68.420000	3.542223	0.000100	
0.000106	0.000856	73.266000	69.810000	3.223889	0.000100	
0.000101	0.000942	74.052000	67.290000	3.201025	0.000100	
0.000100	0.000816	74.268000	71.800000	3.454661	0.000100	
0.000096	0.000829	75.698000	71.230000	3.168934	0.000100	
0.000094	0.000944	76.388000	68.910000	3.219671	0.000100	
0.000098	0.000946	75.320000	69.750000	4.256595	0.000100	
0.000097	0.000823	75.748000	72.100000	3.708389	0.000100	
0.000091	0.000943	76.994000	69.030000	3.240321	0.000100	
0.000088	0.000877	77.988000	71.520000	3.336553	0.000100	
0.000085	0.000987	78.212000	69.300000	3.508175	0.000100	
0.000084	0.000704	78.944000	75.950000	3.370840	0.000100	
0.000080	0.000761	79.430000	74.580000	2.980994	0.000100	
0.000078	0.000772	80.168000	73.780000	3.281312	0.000100	
0.000077	0.000739	80.592000	75.700000	3.282028	0.000100	
0.000077	0.000704	80.342000	76.510000	3.472099	0.000100	
0.000074	0.000705	81.526000	76.000000	3.338794	0.000100	
0.000071	0.000815	82.152000	72.960000	3.032015	0.000100	
0.000072	0.000789	82.326000	74.610000	3.275420	0.000100	
0.000069	0.000779	82.658000	75.660000	3.072572	0.000100	
0.000068	0.000704	82.906000	76.380000	3.251441	0.000100	
0.000066	0.000697	83.546000	77.140000	3.086793	0.000100	
0.000064	0.000607	83.928000	80.010000	3.096449	0.000100	
0.000061	0.000693	84.690000	77.500000	2.907663	0.000100	
0.000063	0.000702	84.518000	77.830000	3.257161	0.000100	
0.000063	0.000665	83.944000	78.700000	3.680748	0.000100	
0.000061	0.000768	84.668000	75.590000	3.062400	0.000100	
0.000059	0.000738	85.232000	76.370000	3.075672	0.000100	
0.000058	0.000706	85.562000	77.100000	3.238527	0.000100	
0.000054	0.000722	86.276000	77.010000	2.774384	0.000100	
0.000052	0.000525	86.608000	83.100000	2.973119	0.000010	
0.000048	0.000498	88.134000	83.730000	2.279273	0.000010	
0.000046	0.000472	88.606000	84.390000	2.027227	0.000010	
0.000044	0.000467	89.078000	84.520000	1.857047	0.000010	
0.000043	0.000464	89.312000	84.680000	1.721200	0.000010	
0.000042	0.000460	89.400000	84.830000	1.732912	0.000010	
0.000041	0.000460	89.480000	84.850000	1.698262	0.000010	
0.000042	0.000461	89.632000	84.820000	1.737386	0.000010	
0.000041	0.000460	89.902000	85.030000	1.753969	0.000010	
0.000041	0.000460	89.920000	85.050000	1.807873	0.000010	
0.000041	0.000459	89.976000	85.090000	1.790866	0.000010	
0.000040	0.000462	90.090000	85.000000	1.764971	0.000010	
0.000039	0.000463	90.378000	85.050000	1.790071	0.000010	
0.000040	0.000460	90.266000	85.090000	1.835465	0.000010	
0.000038	0.000460	90.434000	85.130000	1.814011	0.000010	
0.000038	0.000454	90.490000	85.320000	1.886596	0.000010	
0.000038	0.000459	90.644000	85.350000	1.772706	0.000010	
0.000037	0.000458	90.658000	85.460000	1.861218	0.000010	
0.000037	0.000472	90.810000	85.020000	1.839506	0.000010	
0.000037	0.000467	90.792000	85.270000	1.926060	0.000010	
0.000036	0.000466	90.878000	85.210000	1.825484	0.000010	
0.000037	0.000462	90.960000	85.410000	1.932981	0.000010	
0.000036	0.000462	90.910000	85.410000	1.927145	0.000010	
0.000036	0.000463	91.044000	85.450000	1.926235	0.000010	
0.000036	0.000464	91.044000	85.560000	1.927083	0.000010	
0.000035	0.000465	91.190000	85.290000	1.943840	0.000010	
0.000035	0.000467	91.260000	85.440000	1.949617	0.000010	
0.000035	0.000475	91.388000	85.400000	2.047528	0.000010	
0.000035	0.000470	91.296000	85.420000	2.085103	0.000010	
0.000034	0.000467	91.512000	85.500000	2.038495	0.000010	
0.000034	0.000473	91.462000	85.460000	2.054788	0.000010	
0.000034	0.000465	91.538000	85.530000	2.071604	0.000010	
0.000034	0.000468	91.678000	85.660000	2.051777	0.000010	
0.000035	0.000473	91.548000	85.630000	2.206642	0.000010	
0.000034	0.000470	91.640000	85.410000	2.102119	0.000010	
0.000033	0.000468	92.006000	85.500000	2.109730	0.000010	
0.000034	0.000478	91.924000	85.530000	2.258771	0.000010	
0.000033	0.000473	91.838000	85.430000	2.412589	0.000010	
0.000033	0.000475	92.022000	85.370000	2.196199	0.000010	
0.000033	0.000471	92.092000	85.410000	2.203320	0.000010	
0.000031	0.000466	92.318000	85.530000	2.003246	0.000001	
0.000031	0.000462	92.274000	85.820000	2.003694	0.000001	
0.000032	0.000461	92.260000	85.910000	1.924902	0.000001	
0.000031	0.000461	92.416000	85.990000	1.933761	0.000001	
0.000030	0.000461	92.414000	85.890000	1.839300	0.000001	
0.000031	0.000461	92.318000	85.920000	1.954603	0.000001	
0.000031	0.000460	92.334000	85.920000	1.934566	0.000001	
0.000031	0.000461	92.322000	85.870000	1.890797	0.000001	
0.000031	0.000461	92.430000	85.980000	2.003791	0.000001	
0.000030	0.000462	92.468000	86.020000	1.814949	0.000001	
0.000031	0.000462	92.496000	85.980000	1.945020	0.000001	
0.000031	0.000462	92.308000	85.840000	1.937463	0.000001	
0.000031	0.000463	92.476000	85.980000	1.973806	0.000001	
0.000030	0.000463	92.508000	85.980000	1.871846	0.000001	
0.000031	0.000463	92.584000	85.890000	1.905916	0.000001	
0.000031	0.000462	92.426000	85.990000	1.837974	0.000001	
0.000031	0.000462	92.500000	85.970000	1.891882	0.000001	
0.000030	0.000462	92.686000	85.740000	1.932012	0.000001	
0.000030	0.000463	92.536000	85.960000	1.953182	0.000001	
0.000031	0.000462	92.468000	85.920000	1.927804	0.000001	
0.000030	0.000462	92.514000	86.030000	1.871509	0.000001	
0.000031	0.000461	92.562000	86.000000	1.900432	0.000001	
0.000031	0.000462	92.542000	85.880000	1.966800	0.000001	
0.000031	0.000462	92.548000	86.000000	1.931242	0.000001	
0.000029	0.000461	92.692000	86.060000	1.804951	0.000001	
0.000030	0.000462	92.588000	86.070000	1.873407	0.000001	
0.000030	0.000462	92.552000	86.000000	1.891455	0.000001	
0.000030	0.000461	92.820000	86.060000	1.898478	0.000001	
0.000030	0.000461	92.704000	86.000000	1.872752	0.000001	
0.000030	0.000461	92.576000	85.990000	1.875783	0.000001	
