Train Loss	Valid Loss	Train Acc.	Valid Acc.	Grad Norm	Noise Record	
0.000336	0.002290	17.994000	15.450000	14.877301	0.000000	
0.000332	0.100989	16.446000	10.000000	5.277564	0.000000	
0.000281	0.011972	23.978000	11.450000	2.628309	0.000000	
0.000264	0.002864	28.438000	16.230000	2.236806	0.000000	
0.000250	0.002058	32.618000	25.730000	3.399319	0.000000	
0.000240	0.001949	34.980000	27.890000	3.451763	0.000000	
0.000231	0.001816	37.050000	33.220000	3.436469	0.000000	
0.000224	0.001590	39.420000	39.380000	4.097407	0.000000	
0.000215	0.001558	42.660000	41.300000	3.584513	0.000000	
0.000211	0.001689	43.306000	39.800000	5.236908	0.000000	
0.000204	0.001478	45.958000	45.190000	4.382749	0.000000	
0.000197	0.001744	47.976000	39.440000	4.495388	0.000000	
0.000198	0.002011	48.170000	38.420000	6.078516	0.000000	
0.000188	0.001639	50.814000	44.370000	4.530207	0.000000	
0.000181	0.001502	52.534000	45.810000	4.785457	0.000000	
0.000174	0.001481	54.124000	48.790000	5.462126	0.000000	
0.000168	0.001266	56.176000	54.030000	5.320857	0.000000	
0.000163	0.001325	57.360000	53.010000	5.702127	0.000000	
0.000160	0.001397	58.574000	51.980000	5.545423	0.000000	
0.000152	0.001367	60.716000	53.330000	5.302639	0.000000	
0.000146	0.001404	62.858000	52.780000	4.860334	0.000000	
0.000142	0.001183	63.408000	58.980000	5.762240	0.000000	
0.000134	0.001131	65.378000	60.930000	5.040187	0.000000	
0.000131	0.001153	66.548000	59.570000	5.527490	0.000000	
0.000128	0.001322	67.016000	55.750000	6.064232	0.000000	
0.000122	0.000968	68.838000	66.010000	5.336005	0.000000	
0.000118	0.001628	70.606000	52.160000	5.525716	0.000000	
0.000127	0.001894	67.750000	46.140000	6.898258	0.000000	
0.000118	0.001430	69.730000	58.200000	5.284406	0.000000	
0.000111	0.001099	72.190000	64.250000	4.965300	0.000000	
0.000108	0.001066	72.236000	64.190000	5.872683	0.000000	
0.000106	0.000907	73.004000	68.910000	5.808728	0.000000	
0.000100	0.000996	74.188000	66.260000	5.025258	0.000000	
0.000097	0.000905	75.036000	68.640000	5.016318	0.000000	
0.000093	0.000839	76.354000	71.840000	5.051707	0.000000	
0.000090	0.000791	77.054000	73.320000	5.046096	0.000000	
0.000088	0.000798	77.730000	72.870000	4.735773	0.000000	
0.000085	0.000828	78.346000	71.760000	4.876137	0.000000	
0.000084	0.000732	78.872000	75.490000	4.902588	0.000000	
0.000080	0.000731	79.886000	75.170000	4.303326	0.000000	
0.000080	0.000841	79.952000	72.310000	5.260721	0.000000	
0.000075	0.000819	81.010000	73.090000	4.285993	0.000000	
0.000073	0.000733	81.404000	75.390000	4.651964	0.000000	
0.000073	0.000900	81.340000	71.190000	5.049600	0.000000	
0.000070	0.000771	82.146000	75.140000	4.405045	0.000000	
0.000068	0.000752	82.700000	75.760000	4.488164	0.000000	
0.000067	0.000729	83.152000	76.220000	4.932461	0.000000	
0.000064	0.000877	83.764000	71.870000	4.533370	0.000000	
0.000066	0.000752	83.364000	75.460000	5.028302	0.000000	
0.000062	0.000667	84.364000	77.220000	4.436894	0.000000	
0.000060	0.000768	84.924000	75.960000	4.402347	0.000000	
0.000056	0.000713	85.604000	77.710000	4.218850	0.000000	
0.000056	0.000553	85.898000	81.180000	4.312022	0.000000	
0.000052	0.000695	86.430000	78.220000	3.825456	0.000000	
0.000051	0.000607	86.942000	80.260000	4.000645	0.000000	
0.000053	0.000702	87.010000	78.280000	4.722387	0.000000	
0.000052	0.000667	86.948000	79.600000	4.386368	0.000000	
0.000051	0.000640	87.466000	79.390000	4.294455	0.000000	
0.000049	0.000752	87.668000	76.410000	4.277735	0.000000	
0.000047	0.000654	88.134000	79.380000	4.018698	0.000000	
0.000046	0.000612	88.258000	81.130000	4.450956	0.000000	
0.000044	0.000615	88.916000	80.890000	3.946850	0.000000	
0.000042	0.000569	89.296000	82.460000	3.888895	0.000000	
0.000042	0.000497	89.512000	83.920000	3.830526	0.000000	
0.000040	0.000492	89.976000	84.830000	3.766773	0.000000	
0.000038	0.000590	90.266000	81.600000	3.713683	0.000000	
0.000037	0.000558	90.510000	82.860000	3.790686	0.000000	
0.000037	0.000572	90.626000	82.750000	3.890228	0.000000	
0.000036	0.000563	91.054000	83.130000	4.016291	0.000000	
0.000035	0.000546	90.978000	83.460000	3.963184	0.000000	
0.000034	0.000495	91.364000	84.850000	3.793302	0.000000	
0.000033	0.000609	91.698000	82.400000	3.712192	0.000000	
0.000032	0.000579	91.820000	83.340000	3.794886	0.000000	
0.000032	0.000554	91.966000	83.920000	3.888300	0.000000	
0.000032	0.000583	92.114000	83.350000	3.980193	0.000000	
0.000032	0.000528	92.184000	84.470000	3.850360	0.000000	
0.000030	0.000668	92.536000	80.850000	3.695019	0.000000	
0.000029	0.000545	92.690000	83.700000	3.619586	0.000000	
0.000029	0.000548	92.590000	84.360000	4.186623	0.000000	
0.000029	0.000649	92.662000	82.050000	3.948875	0.000000	
0.000025	0.000441	93.720000	87.300000	3.109836	0.000000	
0.000020	0.000417	94.966000	87.650000	2.263366	0.000000	
0.000019	0.000390	95.536000	88.290000	2.132123	0.000000	
0.000018	0.000386	95.818000	88.140000	2.019158	0.000000	
0.000017	0.000385	95.930000	88.220000	2.009829	0.000000	
0.000016	0.000381	96.030000	88.590000	1.877692	0.000000	
0.000015	0.000380	96.332000	88.720000	1.870392	0.000000	
0.000016	0.000379	96.490000	88.730000	1.942003	0.000000	
0.000015	0.000380	96.504000	88.840000	1.901556	0.000000	
0.000015	0.000384	96.498000	88.880000	1.926028	0.000000	
0.000014	0.000384	96.652000	88.620000	1.916232	0.000000	
0.000014	0.000385	96.774000	88.770000	1.945466	0.000000	
0.000013	0.000389	96.930000	88.650000	1.833704	0.000000	
0.000013	0.000388	96.866000	88.900000	1.904619	0.000000	
0.000014	0.000388	96.886000	88.750000	1.946790	0.000000	
0.000013	0.000387	97.090000	89.050000	1.849716	0.000000	
0.000013	0.000388	96.944000	88.900000	1.836353	0.000000	
0.000012	0.000392	97.138000	88.760000	1.837149	0.000000	
0.000012	0.000402	97.154000	88.620000	1.882238	0.000000	
0.000012	0.000400	97.164000	88.870000	1.915143	0.000000	
0.000012	0.000396	97.278000	88.790000	1.762126	0.000000	
0.000012	0.000399	97.314000	88.640000	2.087915	0.000000	
0.000011	0.000402	97.312000	88.850000	1.958932	0.000000	
0.000012	0.000402	97.486000	88.850000	1.959615	0.000000	
0.000012	0.000403	97.360000	88.800000	1.933276	0.000000	
0.000011	0.000404	97.516000	88.720000	1.937604	0.000000	
0.000011	0.000403	97.478000	89.200000	1.954004	0.000000	
0.000011	0.000403	97.596000	89.050000	2.037301	0.000000	
0.000011	0.000401	97.522000	88.940000	2.128789	0.000000	
0.000010	0.000403	97.630000	89.090000	2.026779	0.000000	
0.000010	0.000405	97.664000	88.920000	2.102699	0.000000	
0.000010	0.000407	97.618000	88.890000	2.031605	0.000000	
0.000010	0.000415	97.792000	88.690000	1.976674	0.000000	
0.000010	0.000413	97.726000	88.520000	1.960626	0.000000	
0.000010	0.000414	97.820000	88.800000	2.014038	0.000000	
0.000009	0.000411	97.912000	89.180000	2.000513	0.000000	
0.000010	0.000417	97.926000	89.020000	2.115549	0.000000	
0.000009	0.000417	97.900000	88.920000	1.975663	0.000000	
0.000010	0.000419	97.906000	88.820000	2.169346	0.000000	
0.000009	0.000427	98.066000	88.650000	1.929187	0.000000	
0.000009	0.000419	97.972000	88.890000	1.921395	0.000000	
0.000009	0.000417	98.052000	88.860000	1.905898	0.000000	
0.000009	0.000416	98.138000	88.970000	1.856022	0.000000	
0.000009	0.000417	98.068000	89.030000	1.772806	0.000000	
0.000009	0.000416	98.032000	88.940000	1.852032	0.000000	
0.000009	0.000416	98.202000	88.960000	1.793973	0.000000	
0.000009	0.000415	98.088000	88.980000	1.868674	0.000000	
0.000009	0.000415	98.128000	88.940000	1.846064	0.000000	
0.000009	0.000413	98.176000	89.020000	1.928209	0.000000	
0.000009	0.000415	98.158000	89.020000	1.841062	0.000000	
0.000008	0.000415	98.226000	88.980000	1.828867	0.000000	
0.000009	0.000416	98.170000	88.880000	1.786277	0.000000	
0.000009	0.000417	98.164000	88.900000	1.932465	0.000000	
0.000008	0.000416	98.286000	88.910000	1.806564	0.000000	
0.000008	0.000415	98.140000	89.040000	1.847202	0.000000	
0.000009	0.000416	98.210000	88.950000	1.844722	0.000000	
0.000008	0.000416	98.242000	88.900000	1.774654	0.000000	
0.000008	0.000415	98.290000	88.900000	1.751573	0.000000	
0.000008	0.000418	98.288000	88.850000	1.807260	0.000000	
0.000008	0.000416	98.228000	88.840000	1.808870	0.000000	
0.000008	0.000415	98.264000	88.910000	1.796896	0.000000	
0.000008	0.000415	98.252000	89.020000	1.795544	0.000000	
0.000009	0.000416	98.306000	88.970000	1.908190	0.000000	
0.000008	0.000417	98.256000	88.900000	1.776029	0.000000	
0.000008	0.000415	98.270000	89.040000	1.701812	0.000000	
0.000008	0.000416	98.246000	89.000000	1.883839	0.000000	
0.000008	0.000417	98.254000	89.020000	1.822939	0.000000	
0.000008	0.000417	98.236000	88.910000	1.799881	0.000000	
0.000008	0.000416	98.204000	88.930000	1.814313	0.000000	
0.000008	0.000416	98.224000	88.900000	1.699147	0.000000	
