Train Loss	Valid Loss	Train Acc.	Valid Acc.	Grad Norm	Noise Record	
0.000517	0.002454	24.932000	10.000000	8.088366	0.000042	
0.000428	0.002788	38.022000	14.050000	8.795875	0.000020	
0.000372	0.001700	46.894000	36.640000	8.175105	0.000015	
0.000330	0.002069	53.926000	32.260000	10.091220	0.000012	
0.000296	0.001290	58.838000	56.170000	9.384554	0.000011	
0.000263	0.001687	63.906000	48.720000	9.907123	0.000010	
0.000235	0.001098	67.676000	63.240000	8.187174	0.000009	
0.000209	0.000960	71.548000	67.170000	7.994170	0.000008	
0.000189	0.000971	74.370000	67.290000	7.993427	0.000008	
0.000184	0.000833	75.352000	71.730000	8.862182	0.000007	
0.000166	0.000878	77.550000	72.050000	8.561767	0.000007	
0.000154	0.000712	79.462000	76.010000	7.651110	0.000006	
0.000142	0.000903	81.038000	71.480000	7.471154	0.000006	
0.000133	0.000738	82.080000	76.060000	6.952930	0.000006	
0.000124	0.000839	83.422000	74.340000	7.075136	0.000006	
0.000114	0.000624	84.640000	79.180000	6.734554	0.000005	
0.000109	0.000933	85.540000	72.220000	6.880732	0.000005	
0.000104	0.000672	86.066000	77.890000	7.244604	0.000005	
0.000099	0.000531	86.842000	82.160000	7.085178	0.000005	
0.000096	0.000659	87.200000	78.810000	6.931685	0.000005	
0.000090	0.000594	88.020000	80.430000	6.727794	0.000005	
0.000086	0.000543	88.484000	82.620000	6.549570	0.000005	
0.000084	0.000565	88.790000	82.020000	6.694656	0.000004	
0.000077	0.000553	89.616000	82.460000	6.315104	0.000004	
0.000072	0.000540	90.376000	82.880000	6.039313	0.000004	
0.000070	0.000620	90.688000	81.020000	6.327379	0.000004	
0.000068	0.000700	90.824000	80.020000	6.501805	0.000004	
0.000065	0.000567	91.274000	82.120000	6.379120	0.000004	
0.000064	0.000521	91.340000	83.590000	6.358363	0.000004	
0.000061	0.000508	91.754000	84.590000	6.311670	0.000004	
0.000058	0.000497	92.254000	84.470000	6.218983	0.000004	
0.000059	0.001043	91.970000	75.010000	6.836983	0.000004	
0.000055	0.000531	92.598000	84.330000	6.030430	0.000004	
0.000052	0.000474	93.048000	85.100000	5.940009	0.000004	
0.000050	0.000560	93.254000	82.930000	6.052429	0.000003	
0.000048	0.000592	93.482000	83.370000	6.051609	0.000003	
0.000046	0.000549	93.778000	83.860000	5.768627	0.000003	
0.000045	0.000601	94.040000	83.110000	5.864409	0.000003	
0.000042	0.000441	94.304000	87.430000	5.658198	0.000003	
0.000041	0.000459	94.460000	86.470000	5.651058	0.000003	
0.000039	0.000486	94.652000	86.070000	5.811302	0.000003	
0.000038	0.000570	94.892000	84.120000	5.574190	0.000003	
0.000037	0.000501	95.006000	86.260000	5.554702	0.000003	
0.000034	0.000505	95.466000	86.070000	5.390244	0.000003	
0.000034	0.000521	95.506000	85.820000	5.485281	0.000003	
0.000032	0.000491	95.546000	86.430000	5.398402	0.000003	
0.000031	0.000522	95.780000	85.670000	5.442940	0.000003	
0.000030	0.000599	95.800000	85.120000	5.389498	0.000003	
0.000029	0.000510	96.088000	86.030000	5.428120	0.000003	
0.000029	0.000683	96.080000	83.200000	5.503561	0.000003	
0.000027	0.000520	96.356000	86.440000	5.245331	0.000003	
0.000025	0.000509	96.622000	86.730000	5.001207	0.000003	
0.000024	0.000965	96.704000	78.850000	5.164257	0.000003	
0.000025	0.000559	96.714000	85.750000	5.230389	0.000003	
0.000023	0.000590	96.814000	86.060000	5.152639	0.000003	
0.000025	0.000522	96.686000	86.410000	5.367345	0.000003	
0.000023	0.000474	96.838000	88.210000	4.944184	0.000003	
0.000021	0.000624	97.252000	85.110000	4.891325	0.000003	
0.000021	0.000500	97.154000	86.910000	4.957843	0.000003	
0.000021	0.000577	97.180000	85.940000	5.091906	0.000003	
0.000020	0.000501	97.326000	87.580000	4.943609	0.000003	
0.000018	0.000431	97.524000	88.690000	4.623868	0.000003	
0.000016	0.000477	97.852000	88.300000	4.427452	0.000003	
0.000017	0.000565	97.712000	87.000000	4.892169	0.000002	
0.000018	0.000464	97.676000	88.860000	4.668408	0.000002	
0.000016	0.000446	97.914000	89.040000	4.480085	0.000002	
0.000017	0.000516	97.746000	88.070000	4.943681	0.000002	
0.000017	0.000580	97.702000	86.970000	4.906941	0.000002	
0.000016	0.000556	97.838000	87.020000	4.806404	0.000002	
0.000016	0.000670	97.858000	85.330000	4.521388	0.000002	
0.000015	0.000456	98.072000	88.180000	4.330783	0.000002	
0.000014	0.000515	98.114000	88.020000	4.412720	0.000002	
0.000014	0.000685	98.162000	85.740000	4.289404	0.000002	
0.000012	0.000559	98.284000	87.500000	4.100273	0.000002	
0.000013	0.000566	98.382000	87.300000	4.194899	0.000002	
0.000014	0.000494	98.230000	88.940000	4.726015	0.000002	
0.000014	0.000522	98.244000	88.360000	4.444344	0.000002	
0.000013	0.000579	98.344000	87.090000	4.271279	0.000002	
0.000012	0.000548	98.460000	87.870000	4.080946	0.000002	
0.000011	0.000559	98.540000	88.020000	3.975746	0.000002	
0.000007	0.000406	99.064000	90.710000	2.937327	0.000000	
0.000005	0.000388	99.402000	90.820000	2.208560	0.000000	
0.000004	0.000372	99.638000	91.060000	1.795597	0.000000	
0.000004	0.000369	99.650000	91.260000	1.723256	0.000000	
0.000003	0.000369	99.714000	91.430000	1.655046	0.000000	
0.000004	0.000369	99.666000	91.420000	1.722125	0.000000	
0.000003	0.000371	99.726000	91.370000	1.560384	0.000000	
0.000003	0.000373	99.756000	91.410000	1.625978	0.000000	
0.000003	0.000372	99.726000	91.460000	1.616698	0.000000	
0.000003	0.000372	99.770000	91.410000	1.540133	0.000000	
0.000003	0.000370	99.796000	91.450000	1.485029	0.000000	
0.000003	0.000370	99.820000	91.460000	1.452533	0.000000	
0.000003	0.000372	99.820000	91.490000	1.443317	0.000000	
0.000003	0.000374	99.784000	91.590000	1.597959	0.000000	
0.000002	0.000375	99.832000	91.490000	1.375145	0.000000	
0.000003	0.000374	99.848000	91.520000	1.429549	0.000000	
0.000002	0.000372	99.812000	91.530000	1.351368	0.000000	
0.000002	0.000373	99.830000	91.480000	1.313036	0.000000	
0.000002	0.000376	99.812000	91.460000	1.473820	0.000000	
0.000002	0.000375	99.838000	91.520000	1.343469	0.000000	
0.000002	0.000373	99.830000	91.590000	1.355113	0.000000	
0.000002	0.000377	99.860000	91.470000	1.312875	0.000000	
0.000002	0.000379	99.882000	91.400000	1.313133	0.000000	
0.000002	0.000378	99.824000	91.450000	1.463386	0.000000	
0.000002	0.000381	99.872000	91.530000	1.271341	0.000000	
0.000002	0.000386	99.854000	91.430000	1.264738	0.000000	
0.000002	0.000380	99.854000	91.410000	1.391304	0.000000	
0.000002	0.000376	99.862000	91.520000	1.314067	0.000000	
0.000002	0.000380	99.886000	91.590000	1.273162	0.000000	
0.000002	0.000384	99.886000	91.400000	1.251657	0.000000	
0.000002	0.000384	99.882000	91.340000	1.226430	0.000000	
0.000002	0.000385	99.840000	91.350000	1.299420	0.000000	
0.000002	0.000388	99.888000	91.360000	1.147939	0.000000	
0.000002	0.000383	99.896000	91.510000	1.152264	0.000000	
0.000002	0.000381	99.868000	91.550000	1.312220	0.000000	
0.000002	0.000382	99.878000	91.540000	1.211710	0.000000	
0.000002	0.000386	99.902000	91.410000	1.234755	0.000000	
0.000002	0.000386	99.896000	91.390000	1.145822	0.000000	
0.000002	0.000387	99.892000	91.520000	1.268066	0.000000	
0.000002	0.000386	99.912000	91.460000	1.178302	0.000000	
0.000002	0.000387	99.912000	91.570000	1.218675	0.000000	
0.000002	0.000386	99.894000	91.660000	1.230575	0.000000	
0.000002	0.000386	99.888000	91.680000	1.203896	0.000000	
0.000002	0.000386	99.908000	91.540000	1.133594	0.000000	
0.000002	0.000386	99.924000	91.570000	1.098984	0.000000	
0.000002	0.000385	99.920000	91.480000	1.186245	0.000000	
0.000002	0.000385	99.890000	91.630000	1.266924	0.000000	
0.000002	0.000386	99.944000	91.550000	1.009117	0.000000	
0.000002	0.000383	99.926000	91.600000	1.117248	0.000000	
0.000002	0.000385	99.906000	91.510000	1.215341	0.000000	
0.000002	0.000385	99.902000	91.570000	1.185184	0.000000	
0.000002	0.000385	99.912000	91.520000	1.105518	0.000000	
0.000002	0.000384	99.892000	91.600000	1.180377	0.000000	
0.000002	0.000384	99.912000	91.620000	1.106533	0.000000	
0.000002	0.000384	99.928000	91.510000	1.127971	0.000000	
0.000002	0.000384	99.898000	91.590000	1.187916	0.000000	
0.000002	0.000384	99.944000	91.520000	1.060792	0.000000	
0.000002	0.000383	99.914000	91.650000	1.103483	0.000000	
0.000002	0.000385	99.900000	91.510000	1.150239	0.000000	
0.000002	0.000384	99.916000	91.640000	1.177550	0.000000	
0.000002	0.000386	99.908000	91.610000	1.129673	0.000000	
0.000002	0.000386	99.914000	91.600000	1.068927	0.000000	
0.000002	0.000385	99.914000	91.510000	1.116864	0.000000	
0.000002	0.000385	99.922000	91.610000	1.059514	0.000000	
0.000002	0.000384	99.908000	91.530000	1.142979	0.000000	
0.000002	0.000385	99.898000	91.600000	1.351196	0.000000	
0.000002	0.000385	99.918000	91.560000	1.128953	0.000000	
0.000001	0.000384	99.948000	91.550000	0.951069	0.000000	
0.000002	0.000384	99.920000	91.530000	1.119750	0.000000	
0.000002	0.000384	99.918000	91.650000	1.052446	0.000000	
