Train Loss	Valid Loss	Train Acc.	Valid Acc.	Grad Norm	Noise Record	
0.001264	0.065128	16.342000	10.540000	6.813949	0.000003	
0.000971	0.001957	25.646000	27.300000	1.287742	0.000001	
0.000902	0.001866	31.736000	29.800000	1.849693	0.000001	
0.000840	0.001763	36.366000	36.040000	2.711541	0.000001	
0.000772	0.001613	42.576000	40.550000	2.823397	0.000001	
0.000722	0.001694	46.610000	43.010000	3.192040	0.000001	
0.000680	0.001431	49.960000	48.010000	3.487368	0.000001	
0.000630	0.001630	54.028000	45.220000	3.783831	0.000001	
0.000584	0.001816	57.888000	43.370000	3.654431	0.000001	
0.000553	0.001538	60.046000	50.650000	3.728523	0.000000	
0.000508	0.001153	63.598000	60.000000	3.695945	0.000000	
0.000470	0.001035	66.560000	63.220000	3.499547	0.000000	
0.000450	0.001083	68.050000	62.850000	3.624788	0.000000	
0.000463	0.001127	67.040000	63.270000	3.631615	0.000000	
0.000416	0.001072	70.542000	65.150000	3.305446	0.000000	
0.000384	0.000786	72.972000	72.510000	3.214381	0.000000	
0.000369	0.000864	73.836000	70.870000	3.434950	0.000000	
0.000354	0.000866	75.106000	71.870000	3.376040	0.000000	
0.000326	0.000888	77.158000	71.020000	3.356597	0.000000	
0.000311	0.000744	78.066000	74.780000	3.252865	0.000000	
0.000292	0.000646	79.334000	77.890000	3.224259	0.000000	
0.000274	0.000759	80.808000	75.330000	3.044682	0.000000	
0.000258	0.000711	81.838000	76.460000	3.084805	0.000000	
0.000244	0.000778	83.000000	74.330000	2.980712	0.000000	
0.000236	0.000748	83.248000	76.420000	3.111148	0.000000	
0.000226	0.000674	84.226000	78.000000	2.909455	0.000000	
0.000212	0.000607	85.066000	80.730000	2.952482	0.000000	
0.000202	0.000528	85.814000	82.580000	2.821477	0.000000	
0.000187	0.000665	86.780000	78.820000	2.782441	0.000000	
0.000185	0.000596	86.988000	80.260000	2.892724	0.000000	
0.000175	0.000612	87.742000	80.750000	2.851677	0.000000	
0.000168	0.000581	88.186000	80.700000	2.809314	0.000000	
0.000161	0.000564	88.694000	82.590000	2.827338	0.000000	
0.000150	0.000524	89.382000	83.690000	2.687759	0.000000	
0.000143	0.000513	89.854000	83.590000	2.707681	0.000000	
0.000144	0.000588	89.842000	81.930000	2.966769	0.000000	
0.000135	0.000531	90.454000	84.140000	2.672813	0.000000	
0.000126	0.000588	91.092000	82.450000	2.698937	0.000000	
0.000127	0.000520	91.030000	84.550000	2.835690	0.000000	
0.000120	0.000511	91.482000	85.120000	2.770290	0.000000	
0.000115	0.000588	91.814000	83.890000	2.855846	0.000000	
0.000110	0.000476	92.228000	85.690000	2.655671	0.000000	
0.000102	0.000544	92.738000	84.470000	2.653142	0.000000	
0.000100	0.000485	92.942000	85.960000	2.682626	0.000000	
0.000093	0.000507	93.292000	85.350000	2.517792	0.000000	
0.000089	0.000476	93.652000	86.570000	2.600337	0.000000	
0.000082	0.000474	94.126000	86.880000	2.473906	0.000000	
0.000083	0.000463	94.070000	87.130000	2.659727	0.000000	
0.000079	0.000483	94.466000	86.630000	2.605072	0.000000	
0.000078	0.000593	94.446000	84.870000	2.688700	0.000000	
0.000073	0.000508	94.872000	86.320000	2.546544	0.000000	
0.000069	0.000539	95.068000	85.860000	2.554149	0.000000	
0.000065	0.000556	95.254000	85.970000	2.454994	0.000000	
0.000060	0.000584	95.786000	85.540000	2.395955	0.000000	
0.000059	0.000537	95.708000	86.450000	2.392498	0.000000	
0.000053	0.000517	96.148000	86.940000	2.342185	0.000000	
0.000054	0.000577	96.194000	86.850000	2.399172	0.000000	
0.000054	0.000555	96.160000	86.820000	2.524661	0.000000	
0.000050	0.000631	96.416000	85.230000	2.344891	0.000000	
0.000048	0.000499	96.676000	87.510000	2.336258	0.000000	
0.000048	0.000518	96.618000	87.590000	2.425564	0.000000	
0.000042	0.000539	97.112000	87.590000	2.185910	0.000000	
0.000042	0.000503	97.070000	87.940000	2.304346	0.000000	
0.000041	0.000566	97.032000	87.630000	2.261218	0.000000	
0.000041	0.000565	97.118000	87.060000	2.332050	0.000000	
0.000040	0.000526	97.140000	87.640000	2.294678	0.000000	
0.000034	0.000544	97.532000	88.120000	2.098667	0.000000	
0.000035	0.000562	97.576000	87.670000	2.156686	0.000000	
0.000033	0.000566	97.694000	87.620000	2.099183	0.000000	
0.000032	0.000551	97.670000	88.190000	2.131244	0.000000	
0.000030	0.000553	97.856000	88.120000	2.005129	0.000000	
0.000026	0.000545	98.092000	88.270000	1.940056	0.000000	
0.000025	0.000566	98.194000	88.250000	1.953778	0.000000	
0.000027	0.000514	98.144000	88.990000	1.988735	0.000000	
0.000030	0.000650	97.882000	86.890000	2.175795	0.000000	
0.000027	0.000589	98.100000	88.000000	2.001510	0.000000	
0.000026	0.000538	98.208000	88.630000	1.970099	0.000000	
0.000025	0.000578	98.274000	88.210000	2.009242	0.000000	
0.000025	0.000540	98.220000	88.780000	1.962109	0.000000	
0.000023	0.000595	98.454000	88.450000	1.891574	0.000000	
0.000014	0.000454	99.040000	90.430000	1.367049	0.000000	
0.000009	0.000442	99.470000	90.530000	1.011073	0.000000	
0.000007	0.000444	99.604000	90.560000	0.880864	0.000000	
0.000006	0.000441	99.698000	90.680000	0.764812	0.000000	
0.000006	0.000445	99.678000	90.830000	0.803036	0.000000	
0.000005	0.000448	99.732000	90.770000	0.752274	0.000000	
0.000005	0.000450	99.714000	90.780000	0.761626	0.000000	
0.000005	0.000454	99.740000	90.700000	0.741440	0.000000	
0.000004	0.000453	99.776000	90.900000	0.705696	0.000000	
0.000004	0.000456	99.776000	90.900000	0.731670	0.000000	
0.000004	0.000460	99.756000	90.860000	0.713939	0.000000	
0.000004	0.000464	99.790000	90.850000	0.705662	0.000000	
0.000004	0.000470	99.790000	91.000000	0.674780	0.000000	
0.000003	0.000471	99.840000	90.720000	0.616448	0.000000	
0.000004	0.000470	99.832000	90.950000	0.679777	0.000000	
0.000003	0.000474	99.832000	90.780000	0.641241	0.000000	
0.000003	0.000473	99.848000	90.770000	0.643021	0.000000	
0.000003	0.000476	99.868000	90.830000	0.602855	0.000000	
0.000003	0.000483	99.868000	90.740000	0.592200	0.000000	
0.000003	0.000480	99.848000	90.730000	0.619472	0.000000	
0.000003	0.000484	99.846000	91.010000	0.614844	0.000000	
0.000003	0.000481	99.882000	90.860000	0.579877	0.000000	
0.000003	0.000484	99.864000	90.830000	0.589488	0.000000	
0.000003	0.000486	99.884000	90.960000	0.588282	0.000000	
0.000003	0.000486	99.874000	90.930000	0.579652	0.000000	
0.000002	0.000493	99.890000	90.890000	0.561219	0.000000	
0.000002	0.000495	99.882000	90.850000	0.573854	0.000000	
0.000002	0.000492	99.890000	90.900000	0.558277	0.000000	
0.000002	0.000494	99.904000	90.960000	0.578826	0.000000	
0.000002	0.000497	99.888000	91.040000	0.547014	0.000000	
0.000002	0.000490	99.872000	90.960000	0.572623	0.000000	
0.000002	0.000493	99.908000	90.930000	0.535007	0.000000	
0.000002	0.000494	99.904000	90.940000	0.541292	0.000000	
0.000002	0.000504	99.906000	90.830000	0.491482	0.000000	
0.000002	0.000497	99.902000	90.990000	0.535508	0.000000	
0.000002	0.000498	99.910000	90.980000	0.535408	0.000000	
0.000002	0.000501	99.904000	91.060000	0.584965	0.000000	
0.000002	0.000504	99.944000	90.880000	0.461078	0.000000	
0.000002	0.000504	99.936000	90.960000	0.476778	0.000000	
0.000002	0.000506	99.942000	91.000000	0.426776	0.000000	
0.000002	0.000508	99.936000	90.910000	0.479005	0.000000	
0.000002	0.000507	99.938000	90.890000	0.485698	0.000000	
0.000002	0.000507	99.906000	90.920000	0.476262	0.000000	
0.000002	0.000507	99.920000	90.830000	0.511946	0.000000	
0.000002	0.000507	99.938000	90.830000	0.446541	0.000000	
0.000002	0.000510	99.938000	90.920000	0.433434	0.000000	
0.000002	0.000509	99.922000	90.790000	0.519528	0.000000	
0.000002	0.000507	99.930000	91.010000	0.431134	0.000000	
0.000002	0.000506	99.940000	90.990000	0.450514	0.000000	
0.000002	0.000509	99.948000	90.960000	0.423276	0.000000	
0.000002	0.000510	99.926000	90.950000	0.505910	0.000000	
0.000002	0.000510	99.934000	91.030000	0.441926	0.000000	
0.000002	0.000510	99.928000	90.860000	0.511427	0.000000	
0.000002	0.000507	99.952000	90.930000	0.436369	0.000000	
0.000002	0.000505	99.926000	90.970000	0.473334	0.000000	
0.000002	0.000508	99.924000	91.000000	0.494030	0.000000	
0.000002	0.000506	99.930000	91.000000	0.484250	0.000000	
0.000002	0.000507	99.930000	90.880000	0.476385	0.000000	
0.000002	0.000508	99.928000	90.950000	0.497946	0.000000	
0.000002	0.000507	99.950000	90.940000	0.467481	0.000000	
0.000002	0.000509	99.932000	90.940000	0.439785	0.000000	
0.000002	0.000508	99.946000	90.940000	0.471953	0.000000	
0.000002	0.000507	99.940000	90.980000	0.439432	0.000000	
0.000002	0.000512	99.942000	90.860000	0.422144	0.000000	
0.000002	0.000508	99.940000	90.910000	0.444574	0.000000	
0.000002	0.000512	99.932000	90.940000	0.483383	0.000000	
0.000002	0.000509	99.938000	90.900000	0.476123	0.000000	
0.000001	0.000508	99.958000	90.960000	0.417080	0.000000	
0.000002	0.000508	99.948000	91.030000	0.412169	0.000000	
0.000002	0.000509	99.930000	91.000000	0.444482	0.000000	
