Train Loss	Valid Loss	Train Acc.	Valid Acc.	
0.003390	2.294874	11.990000	10.030000	
0.001332	0.003426	13.114000	16.650000	
0.001134	0.002273	18.568000	21.630000	
0.001044	0.002316	23.740000	23.110000	
0.000977	0.001929	28.522000	31.920000	
0.000923	0.001774	32.372000	34.840000	
0.000876	0.001748	34.926000	38.000000	
0.000852	0.001760	36.930000	37.050000	
0.000830	0.001632	38.346000	40.150000	
0.000813	0.001587	39.410000	41.210000	
0.000795	0.001628	41.208000	41.940000	
0.000779	0.001551	42.544000	43.370000	
0.000763	0.001518	43.644000	44.740000	
0.000753	0.001532	44.376000	45.650000	
0.000743	0.001509	45.218000	46.250000	
0.000733	0.001478	45.780000	45.800000	
0.000720	0.001444	47.080000	47.790000	
0.000707	0.001420	48.088000	48.720000	
0.000697	0.001416	49.102000	49.480000	
0.000691	0.001376	49.434000	49.730000	
0.000681	0.001328	50.276000	51.130000	
0.000672	0.001371	50.982000	51.290000	
0.000661	0.001374	51.838000	51.680000	
0.000654	0.001273	52.196000	53.450000	
0.000641	0.001296	53.130000	53.690000	
0.000634	0.001277	53.794000	54.380000	
0.000628	0.001237	54.508000	55.180000	
0.000615	0.001232	55.148000	56.120000	
0.000609	0.001404	55.658000	52.600000	
0.000601	0.001193	56.454000	56.240000	
0.000593	0.001162	56.936000	58.790000	
0.000585	0.001209	57.830000	57.140000	
0.000580	0.001153	58.188000	58.860000	
0.000576	0.001187	58.112000	57.580000	
0.000567	0.001161	59.196000	59.220000	
0.000563	0.001225	59.200000	56.730000	
0.000556	0.001120	59.884000	60.040000	
0.000551	0.001113	60.374000	60.010000	
0.000541	0.001179	61.018000	59.000000	
0.000537	0.001134	61.470000	60.540000	
0.000537	0.001117	61.278000	60.430000	
0.000530	0.001108	61.782000	60.780000	
0.000527	0.001041	62.240000	62.910000	
0.000519	0.001060	63.158000	62.590000	
0.000518	0.001033	62.786000	63.180000	
0.000511	0.001068	63.416000	62.450000	
0.000503	0.001009	64.012000	64.140000	
0.000502	0.001066	63.904000	62.290000	
0.000504	0.001060	63.730000	62.950000	
0.000494	0.001015	64.456000	64.630000	
0.000494	0.001018	64.736000	64.230000	
0.000491	0.000998	64.794000	64.850000	
0.000484	0.000970	65.146000	65.830000	
0.000478	0.001042	65.816000	64.070000	
0.000476	0.000972	66.016000	65.390000	
0.000472	0.000957	66.080000	66.330000	
0.000466	0.001033	66.672000	64.340000	
0.000469	0.000961	66.502000	66.510000	
0.000464	0.000937	67.010000	66.590000	
0.000459	0.000950	67.040000	67.030000	
0.000455	0.000995	67.422000	65.940000	
0.000453	0.000911	67.532000	68.320000	
0.000447	0.000922	68.034000	67.820000	
0.000447	0.000942	68.280000	67.930000	
0.000444	0.000900	68.376000	68.160000	
0.000442	0.000918	68.344000	68.200000	
0.000435	0.000938	69.006000	67.320000	
0.000438	0.000904	68.780000	68.630000	
0.000433	0.000881	69.162000	69.240000	
0.000431	0.000915	69.120000	68.860000	
0.000425	0.000872	69.518000	69.360000	
0.000426	0.000871	69.718000	69.430000	
0.000422	0.000862	69.896000	69.970000	
0.000420	0.000957	69.938000	67.260000	
0.000417	0.000880	70.072000	69.290000	
0.000415	0.000883	70.474000	69.070000	
0.000415	0.000913	70.414000	68.490000	
0.000410	0.000862	70.672000	70.140000	
0.000407	0.000867	70.556000	69.770000	
0.000408	0.000912	70.794000	68.280000	
0.000398	0.000807	71.550000	71.420000	
0.000392	0.000802	72.000000	71.770000	
0.000391	0.000801	72.050000	71.900000	
0.000390	0.000801	72.242000	71.720000	
0.000388	0.000798	72.448000	71.990000	
0.000391	0.000797	72.232000	71.860000	
0.000388	0.000797	72.324000	72.130000	
0.000389	0.000794	72.162000	72.120000	
0.000388	0.000796	72.092000	71.900000	
0.000387	0.000796	72.572000	72.200000	
0.000389	0.000794	72.222000	71.940000	
0.000387	0.000794	72.382000	71.770000	
0.000386	0.000793	72.424000	72.080000	
0.000385	0.000794	72.528000	72.100000	
0.000384	0.000794	72.578000	72.020000	
0.000384	0.000793	72.418000	72.260000	
0.000385	0.000791	72.736000	72.020000	
0.000384	0.000789	72.692000	72.050000	
0.000385	0.000791	72.664000	72.130000	
0.000381	0.000790	72.702000	72.240000	
0.000384	0.000793	72.550000	72.120000	
0.000384	0.000789	72.470000	72.160000	
0.000382	0.000787	72.600000	72.290000	
0.000383	0.000791	72.722000	72.130000	
0.000383	0.000788	72.696000	72.100000	
0.000382	0.000786	72.656000	72.550000	
0.000384	0.000789	72.592000	72.190000	
0.000382	0.000786	72.866000	72.520000	
0.000382	0.000786	72.826000	72.330000	
0.000381	0.000782	72.958000	72.470000	
0.000379	0.000784	73.076000	72.660000	
0.000379	0.000787	72.866000	72.340000	
0.000381	0.000785	72.952000	72.570000	
0.000379	0.000783	73.030000	72.450000	
0.000379	0.000785	72.998000	72.550000	
0.000378	0.000785	72.910000	72.660000	
0.000380	0.000785	73.088000	72.560000	
0.000378	0.000784	72.996000	72.680000	
0.000378	0.000782	73.008000	72.630000	
0.000375	0.000782	73.458000	72.600000	
0.000375	0.000779	73.276000	72.760000	
0.000376	0.000778	73.364000	72.850000	
0.000374	0.000777	73.344000	72.700000	
0.000374	0.000777	73.328000	72.640000	
0.000375	0.000778	73.300000	72.840000	
0.000377	0.000777	73.140000	72.950000	
0.000376	0.000779	73.188000	72.660000	
0.000378	0.000779	73.064000	72.720000	
0.000376	0.000775	73.276000	72.760000	
0.000375	0.000779	73.268000	72.850000	
0.000377	0.000777	73.218000	72.950000	
0.000377	0.000778	73.278000	72.850000	
0.000373	0.000779	73.328000	72.820000	
0.000375	0.000778	73.316000	72.670000	
0.000375	0.000777	73.248000	72.820000	
0.000377	0.000775	73.282000	72.900000	
0.000376	0.000775	73.212000	72.910000	
0.000375	0.000776	73.176000	72.790000	
0.000375	0.000777	73.258000	72.940000	
0.000376	0.000775	73.144000	72.850000	
0.000376	0.000777	73.130000	72.910000	
0.000376	0.000775	73.302000	72.960000	
0.000375	0.000776	73.496000	72.930000	
0.000375	0.000777	73.206000	72.960000	
0.000375	0.000776	73.128000	73.020000	
0.000376	0.000777	73.392000	72.990000	
0.000376	0.000777	73.170000	72.940000	
0.000375	0.000776	73.266000	72.770000	
0.000375	0.000777	73.356000	73.000000	
0.000375	0.000776	73.334000	72.900000	
