Train Loss	Valid Loss	Train Acc.	Valid Acc.	Grad Norm	Noise Record	
0.000546	0.002199	22.064000	18.810000	11.071908	0.001000	
0.000458	0.001824	34.270000	32.550000	5.993806	0.001000	
0.000400	0.001641	42.834000	40.780000	4.816631	0.001000	
0.000370	0.001441	47.692000	48.450000	6.815489	0.001000	
0.000345	0.001626	51.434000	43.560000	7.316618	0.001000	
0.000316	0.001663	55.794000	45.950000	6.478748	0.001000	
0.000290	0.001448	59.668000	51.780000	7.242076	0.001000	
0.000267	0.001043	63.088000	63.610000	7.928129	0.001000	
0.000242	0.001729	66.636000	49.550000	7.344554	0.001000	
0.000221	0.000950	69.540000	67.080000	7.146378	0.001000	
0.000204	0.000945	72.384000	67.830000	6.803166	0.001000	
0.000192	0.000878	74.024000	70.290000	6.880965	0.001000	
0.000177	0.000949	76.040000	68.420000	6.537791	0.001000	
0.000169	0.000915	77.154000	70.680000	6.438662	0.001000	
0.000155	0.000929	79.012000	69.940000	5.696987	0.001000	
0.000142	0.000704	80.694000	76.760000	5.471694	0.001000	
0.000137	0.000831	81.672000	73.180000	5.958052	0.001000	
0.000132	0.000660	82.186000	77.870000	6.004611	0.001000	
0.000122	0.000605	83.376000	80.270000	5.324679	0.001000	
0.000118	0.000608	84.128000	80.250000	5.523730	0.001000	
0.000114	0.000684	84.580000	77.920000	5.314287	0.001000	
0.000107	0.000842	85.588000	74.270000	5.160670	0.001000	
0.000106	0.000773	85.878000	75.460000	5.307183	0.001000	
0.000099	0.000643	86.810000	79.290000	4.796624	0.001000	
0.000093	0.000692	87.414000	78.830000	4.856773	0.001000	
0.000092	0.000515	87.748000	83.660000	4.982682	0.001000	
0.000090	0.000579	88.106000	81.510000	5.142946	0.001000	
0.000086	0.000818	88.330000	76.220000	4.980780	0.001000	
0.000085	0.000513	88.610000	83.640000	4.951423	0.001000	
0.000081	0.000532	89.270000	83.620000	4.747547	0.001000	
0.000078	0.000561	89.290000	82.470000	4.909475	0.001000	
0.000075	0.000551	90.020000	82.710000	4.595985	0.001000	
0.000074	0.000615	89.964000	81.440000	4.820143	0.001000	
0.000071	0.000532	90.516000	83.650000	4.619937	0.001000	
0.000069	0.000587	90.740000	81.920000	4.650176	0.001000	
0.000067	0.000609	90.968000	82.470000	4.724475	0.001000	
0.000066	0.000522	91.076000	83.810000	4.470653	0.001000	
0.000064	0.000569	91.422000	83.540000	4.588908	0.001000	
0.000062	0.000589	91.702000	82.350000	4.434792	0.001000	
0.000060	0.000496	91.968000	85.010000	4.437452	0.001000	
0.000059	0.000525	92.166000	84.980000	4.650558	0.001000	
0.000059	0.000581	92.128000	83.410000	4.566066	0.001000	
0.000056	0.000512	92.444000	85.150000	4.316594	0.001000	
0.000057	0.000478	92.498000	85.600000	4.518906	0.001000	
0.000053	0.000472	92.860000	86.110000	4.147606	0.001000	
0.000050	0.000505	93.216000	85.070000	4.055682	0.001000	
0.000051	0.000621	93.150000	82.950000	4.521528	0.001000	
0.000050	0.000540	93.272000	84.320000	4.398716	0.001000	
0.000048	0.000722	93.380000	80.160000	4.332357	0.001000	
0.000047	0.000455	93.680000	86.710000	4.209859	0.001000	
0.000046	0.000663	93.810000	83.110000	4.359300	0.001000	
0.000045	0.000506	93.828000	85.740000	4.306119	0.001000	
0.000045	0.000472	93.998000	86.230000	4.421582	0.001000	
0.000045	0.000492	93.778000	86.210000	4.484425	0.001000	
0.000042	0.000473	94.348000	86.860000	3.992413	0.001000	
0.000041	0.000477	94.666000	86.340000	4.133682	0.001000	
0.000043	0.000515	94.082000	86.440000	4.372160	0.001000	
0.000040	0.000667	94.606000	82.140000	4.092479	0.001000	
0.000039	0.000576	94.640000	84.740000	3.956151	0.001000	
0.000037	0.000585	95.004000	84.590000	3.943388	0.001000	
0.000037	0.000575	94.860000	85.070000	4.346318	0.001000	
0.000035	0.000547	95.194000	85.620000	3.913495	0.001000	
0.000035	0.000540	95.228000	85.220000	3.948195	0.001000	
0.000033	0.000560	95.544000	85.440000	3.791114	0.001000	
0.000034	0.000501	95.516000	86.520000	3.814379	0.001000	
0.000032	0.000507	95.624000	86.770000	3.910940	0.001000	
0.000033	0.000506	95.638000	87.190000	4.007325	0.001000	
0.000034	0.000497	95.478000	86.710000	4.093948	0.001000	
0.000031	0.000650	95.714000	83.210000	3.787955	0.001000	
0.000030	0.000465	95.942000	87.210000	3.742633	0.001000	
0.000030	0.000531	96.042000	86.100000	3.714055	0.001000	
0.000029	0.000492	96.044000	86.870000	3.802256	0.001000	
0.000029	0.000479	96.060000	87.820000	3.703564	0.001000	
0.000027	0.000474	96.342000	88.050000	3.524501	0.001000	
0.000028	0.000578	96.276000	86.140000	3.702697	0.001000	
0.000029	0.000547	96.020000	86.610000	4.051798	0.001000	
0.000030	0.000484	95.926000	88.090000	4.210146	0.001000	
0.000030	0.000611	96.024000	85.220000	3.989683	0.001000	
0.000028	0.000511	96.300000	87.080000	3.860545	0.001000	
0.000026	0.000638	96.344000	84.700000	3.660280	0.001000	
0.000022	0.000409	97.044000	89.500000	3.109167	0.000100	
0.000018	0.000390	97.900000	89.800000	2.433418	0.000100	
0.000016	0.000380	98.054000	89.940000	2.286122	0.000100	
0.000015	0.000383	98.230000	89.990000	2.132799	0.000100	
0.000014	0.000385	98.250000	90.050000	2.103439	0.000100	
0.000014	0.000383	98.388000	90.030000	2.125768	0.000100	
0.000013	0.000388	98.424000	90.210000	2.005848	0.000100	
0.000013	0.000388	98.464000	90.160000	2.134628	0.000100	
0.000013	0.000386	98.492000	90.330000	2.103962	0.000100	
0.000013	0.000390	98.560000	90.280000	2.065638	0.000100	
0.000012	0.000386	98.602000	90.120000	2.061495	0.000100	
0.000012	0.000391	98.534000	90.170000	2.080412	0.000100	
0.000012	0.000390	98.672000	90.310000	1.966350	0.000100	
0.000012	0.000393	98.610000	90.340000	1.989070	0.000100	
0.000011	0.000391	98.804000	90.420000	1.976317	0.000100	
0.000011	0.000393	98.712000	90.290000	1.989321	0.000100	
0.000010	0.000397	98.868000	90.160000	1.895013	0.000100	
0.000011	0.000397	98.732000	90.170000	2.026423	0.000100	
0.000011	0.000405	98.782000	90.120000	2.000074	0.000100	
0.000010	0.000399	98.778000	90.180000	1.918775	0.000100	
0.000010	0.000398	98.906000	90.260000	1.917705	0.000100	
0.000010	0.000400	98.882000	90.050000	1.983287	0.000100	
0.000009	0.000403	98.942000	90.170000	1.835190	0.000100	
0.000010	0.000404	98.928000	90.240000	2.001212	0.000100	
0.000010	0.000407	98.864000	90.140000	2.018902	0.000100	
0.000010	0.000406	98.942000	90.180000	1.940221	0.000100	
0.000009	0.000410	99.008000	90.170000	1.964170	0.000100	
0.000009	0.000406	98.994000	90.280000	1.944526	0.000100	
0.000009	0.000405	98.962000	90.440000	1.937399	0.000100	
0.000009	0.000413	99.006000	90.070000	1.941879	0.000100	
0.000009	0.000409	98.998000	90.280000	1.908166	0.000100	
0.000009	0.000412	99.100000	90.290000	1.847050	0.000100	
0.000009	0.000418	99.076000	90.280000	1.943605	0.000100	
0.000009	0.000418	99.076000	90.370000	1.896944	0.000100	
0.000009	0.000417	99.056000	90.240000	1.971079	0.000100	
0.000009	0.000416	99.038000	90.260000	1.913403	0.000100	
0.000008	0.000417	99.104000	90.300000	1.903663	0.000100	
0.000008	0.000415	99.116000	90.280000	1.808101	0.000100	
0.000008	0.000419	99.156000	90.130000	1.921117	0.000100	
0.000008	0.000419	99.204000	90.390000	1.844905	0.000100	
0.000008	0.000420	99.172000	90.260000	1.801513	0.000010	
0.000008	0.000419	99.200000	90.390000	1.797089	0.000010	
0.000008	0.000418	99.178000	90.320000	1.816456	0.000010	
0.000008	0.000419	99.168000	90.330000	1.836530	0.000010	
0.000008	0.000418	99.174000	90.310000	1.801184	0.000010	
0.000008	0.000417	99.226000	90.350000	1.746367	0.000010	
0.000008	0.000419	99.232000	90.320000	1.783913	0.000010	
0.000008	0.000419	99.210000	90.450000	1.794380	0.000010	
0.000008	0.000416	99.202000	90.400000	1.823810	0.000010	
0.000007	0.000418	99.276000	90.470000	1.749585	0.000010	
0.000007	0.000420	99.196000	90.450000	1.785683	0.000010	
0.000008	0.000420	99.170000	90.390000	1.752693	0.000010	
0.000008	0.000419	99.200000	90.320000	1.876340	0.000010	
0.000007	0.000419	99.300000	90.320000	1.728703	0.000010	
0.000007	0.000418	99.226000	90.350000	1.742885	0.000010	
0.000008	0.000418	99.212000	90.290000	1.809000	0.000010	
0.000008	0.000418	99.192000	90.250000	1.796622	0.000010	
0.000007	0.000420	99.200000	90.300000	1.732051	0.000010	
0.000007	0.000419	99.238000	90.330000	1.716815	0.000010	
0.000007	0.000419	99.242000	90.310000	1.753603	0.000010	
0.000008	0.000421	99.166000	90.400000	1.776622	0.000010	
0.000007	0.000421	99.236000	90.390000	1.786603	0.000010	
0.000007	0.000419	99.262000	90.330000	1.756917	0.000010	
0.000007	0.000420	99.290000	90.300000	1.699851	0.000010	
0.000007	0.000420	99.214000	90.330000	1.758040	0.000010	
0.000007	0.000422	99.300000	90.350000	1.773568	0.000010	
0.000007	0.000422	99.280000	90.330000	1.719035	0.000010	
0.000007	0.000421	99.222000	90.380000	1.793465	0.000010	
0.000007	0.000420	99.230000	90.310000	1.741698	0.000010	
0.000007	0.000421	99.262000	90.390000	1.777849	0.000010	
