Train Loss	Valid Loss	Train Acc.	Valid Acc.	Grad Norm	Noise Record	
0.000737	253.540108	11.804000	10.000000	11.847791	0.000000	
0.000616	0.043406	12.606000	10.020000	1.186608	0.000000	
0.000564	0.002885	17.160000	15.460000	1.055867	0.000000	
0.000526	0.002088	22.204000	19.920000	1.052955	0.000000	
0.000508	0.002020	23.684000	21.630000	1.461191	0.000000	
0.000491	0.002050	25.878000	24.070000	2.439184	0.000000	
0.000471	0.001843	28.760000	27.340000	2.149322	0.000000	
0.000450	0.001897	32.002000	29.890000	2.082876	0.000000	
0.000446	0.001676	34.048000	36.060000	2.720827	0.000000	
0.000426	0.001592	36.732000	39.430000	2.334784	0.000000	
0.000418	0.001655	39.194000	37.830000	3.057999	0.000000	
0.000404	0.001591	41.522000	40.560000	2.992639	0.000000	
0.000393	0.001569	43.200000	42.520000	3.629782	0.000000	
0.000380	0.001568	46.066000	43.450000	3.711427	0.000000	
0.000370	0.001440	47.794000	47.410000	3.629935	0.000000	
0.000359	0.001419	49.332000	47.070000	3.761709	0.000000	
0.000343	0.001417	51.368000	48.210000	3.608416	0.000000	
0.000334	0.001342	52.822000	50.870000	4.074629	0.000000	
0.000318	0.001274	55.322000	53.870000	3.506241	0.000000	
0.000306	0.001365	56.920000	50.540000	3.805327	0.000000	
0.000298	0.001219	58.542000	57.180000	4.498576	0.000000	
0.000282	0.001062	60.728000	62.340000	3.724648	0.000000	
0.000269	0.001145	62.500000	60.210000	3.843081	0.000000	
0.000255	0.001111	64.910000	62.100000	3.712812	0.000000	
0.000251	0.001248	65.284000	57.690000	4.272495	0.000000	
0.000236	0.001211	67.512000	58.210000	3.457377	0.000000	
0.000229	0.000978	68.768000	65.730000	3.926120	0.000000	
0.000215	0.001133	70.590000	62.920000	3.432480	0.000000	
0.000209	0.000884	71.392000	69.370000	3.630928	0.000000	
0.000206	0.001054	71.968000	64.360000	3.972502	0.000000	
0.000194	0.000855	73.012000	70.750000	3.255831	0.000000	
0.000189	0.000905	74.168000	69.010000	3.713026	0.000000	
0.000183	0.001159	75.236000	63.960000	3.468606	0.000000	
0.000176	0.000818	76.186000	72.340000	3.746875	0.000000	
0.000173	0.001177	76.580000	63.300000	3.579352	0.000000	
0.000161	0.000747	78.132000	74.200000	3.136534	0.000000	
0.000157	0.000819	78.732000	72.060000	3.456178	0.000000	
0.000158	0.000877	78.674000	70.650000	3.620910	0.000000	
0.000147	0.000762	80.112000	74.440000	3.152570	0.000000	
0.000140	0.000793	81.100000	74.330000	3.161813	0.000000	
0.000136	0.000733	81.750000	75.020000	3.122693	0.000000	
0.000131	0.000780	82.572000	75.030000	3.201690	0.000000	
0.000131	0.000803	82.536000	74.430000	3.270783	0.000000	
0.000123	0.000787	83.144000	75.220000	2.961967	0.000000	
0.000119	0.000720	83.990000	76.990000	2.935079	0.000000	
0.000117	0.000675	83.956000	78.340000	3.081162	0.000000	
0.000111	0.000581	85.204000	80.720000	2.854348	0.000000	
0.000107	0.000626	85.666000	79.820000	2.789512	0.000000	
0.000106	0.000573	85.780000	80.860000	3.121361	0.000000	
0.000101	0.000609	86.402000	79.810000	2.859486	0.000000	
0.000097	0.000573	86.964000	81.450000	2.838017	0.000000	
0.000094	0.000555	87.080000	81.500000	2.977744	0.000000	
0.000092	0.000571	87.590000	81.190000	2.821075	0.000000	
0.000090	0.000624	87.822000	80.060000	2.956036	0.000000	
0.000084	0.000495	88.520000	84.470000	2.634524	0.000000	
0.000082	0.000524	89.268000	83.320000	2.654001	0.000000	
0.000081	0.000535	89.036000	83.300000	2.818520	0.000000	
0.000077	0.000573	89.698000	82.050000	2.607354	0.000000	
0.000076	0.000620	89.842000	80.600000	2.718830	0.000000	
0.000074	0.000571	89.936000	82.180000	2.921967	0.000000	
0.000073	0.000726	90.080000	79.430000	2.774334	0.000000	
0.000070	0.000506	90.350000	83.290000	2.684292	0.000000	
0.000068	0.000469	90.874000	84.740000	2.668128	0.000000	
0.000065	0.000570	91.154000	82.680000	2.709770	0.000000	
0.000065	0.000619	91.356000	82.100000	2.754798	0.000000	
0.000063	0.000581	91.420000	82.540000	2.666465	0.000000	
0.000061	0.000495	91.610000	84.700000	2.674362	0.000000	
0.000060	0.000463	91.810000	86.160000	2.601459	0.000000	
0.000056	0.000511	92.318000	84.310000	2.601980	0.000000	
0.000055	0.000491	92.502000	85.410000	2.522948	0.000000	
0.000053	0.000448	92.776000	86.120000	2.584337	0.000000	
0.000051	0.000516	93.032000	84.930000	2.526849	0.000000	
0.000047	0.000520	93.644000	84.650000	2.394235	0.000000	
0.000048	0.000536	93.628000	83.960000	2.553804	0.000000	
0.000050	0.000536	93.296000	84.340000	2.744746	0.000000	
0.000049	0.000518	93.344000	84.860000	2.762712	0.000000	
0.000048	0.000560	93.592000	84.290000	2.761515	0.000000	
0.000046	0.000597	93.986000	84.160000	2.618725	0.000000	
0.000045	0.000530	93.826000	85.490000	2.601427	0.000000	
0.000042	0.000521	94.358000	85.590000	2.452336	0.000000	
0.000035	0.000369	95.362000	89.030000	1.978947	0.000000	
0.000028	0.000358	96.462000	89.490000	1.522451	0.000000	
0.000025	0.000350	96.858000	89.640000	1.422401	0.000000	
0.000024	0.000353	97.044000	89.560000	1.443720	0.000000	
0.000023	0.000354	97.184000	89.660000	1.411571	0.000000	
0.000022	0.000352	97.236000	89.860000	1.394393	0.000000	
0.000021	0.000354	97.404000	89.650000	1.411279	0.000000	
0.000021	0.000359	97.452000	89.830000	1.406087	0.000000	
0.000020	0.000361	97.530000	90.030000	1.431879	0.000000	
0.000020	0.000359	97.434000	89.860000	1.471169	0.000000	
0.000020	0.000365	97.634000	89.880000	1.448066	0.000000	
0.000019	0.000368	97.686000	89.660000	1.394251	0.000000	
0.000018	0.000366	97.706000	89.580000	1.420203	0.000000	
0.000019	0.000365	97.720000	89.750000	1.469684	0.000000	
0.000017	0.000369	97.930000	89.630000	1.444652	0.000000	
0.000017	0.000367	97.840000	89.670000	1.464423	0.000000	
0.000017	0.000370	97.940000	89.980000	1.439962	0.000000	
0.000017	0.000372	97.940000	90.010000	1.419266	0.000000	
0.000016	0.000372	98.006000	89.810000	1.416990	0.000000	
0.000016	0.000376	98.132000	89.820000	1.437754	0.000000	
0.000016	0.000379	98.024000	89.770000	1.418347	0.000000	
0.000016	0.000378	98.054000	89.840000	1.484188	0.000000	
0.000015	0.000382	98.028000	89.770000	1.483742	0.000000	
0.000015	0.000384	98.184000	89.710000	1.459765	0.000000	
0.000015	0.000380	98.330000	89.680000	1.525967	0.000000	
0.000014	0.000383	98.282000	89.590000	1.534666	0.000000	
0.000014	0.000391	98.256000	89.800000	1.482230	0.000000	
0.000014	0.000386	98.360000	89.830000	1.485887	0.000000	
0.000015	0.000391	98.286000	89.530000	1.534062	0.000000	
0.000014	0.000393	98.342000	89.850000	1.475898	0.000000	
0.000013	0.000392	98.490000	89.860000	1.424128	0.000000	
0.000013	0.000391	98.514000	89.780000	1.443260	0.000000	
0.000013	0.000401	98.492000	89.700000	1.490401	0.000000	
0.000013	0.000398	98.534000	89.710000	1.475917	0.000000	
0.000013	0.000400	98.570000	89.750000	1.522092	0.000000	
0.000012	0.000395	98.546000	89.680000	1.527524	0.000000	
0.000012	0.000407	98.558000	89.970000	1.510526	0.000000	
0.000011	0.000406	98.598000	89.750000	1.469667	0.000000	
0.000012	0.000405	98.656000	89.730000	1.530376	0.000000	
0.000011	0.000405	98.642000	89.650000	1.475133	0.000000	
0.000011	0.000403	98.736000	89.700000	1.358089	0.000000	
0.000010	0.000401	98.810000	89.770000	1.355105	0.000000	
0.000010	0.000402	98.848000	89.860000	1.347665	0.000000	
0.000011	0.000404	98.806000	89.900000	1.356758	0.000000	
0.000010	0.000402	98.792000	89.970000	1.355741	0.000000	
0.000010	0.000401	98.854000	89.900000	1.325092	0.000000	
0.000010	0.000402	98.800000	89.950000	1.315409	0.000000	
0.000010	0.000402	98.882000	89.940000	1.320678	0.000000	
0.000010	0.000401	98.928000	89.920000	1.336688	0.000000	
0.000010	0.000401	98.906000	89.940000	1.340038	0.000000	
0.000010	0.000402	98.808000	89.930000	1.364660	0.000000	
0.000010	0.000401	98.798000	89.880000	1.381040	0.000000	
0.000010	0.000403	98.862000	89.880000	1.386774	0.000000	
0.000010	0.000402	98.976000	89.960000	1.344004	0.000000	
0.000010	0.000401	98.838000	89.940000	1.325532	0.000000	
0.000010	0.000403	98.912000	89.930000	1.339898	0.000000	
0.000010	0.000403	98.878000	89.880000	1.311763	0.000000	
0.000010	0.000403	98.846000	89.910000	1.373599	0.000000	
0.000010	0.000402	98.922000	89.950000	1.340581	0.000000	
0.000010	0.000402	98.884000	89.950000	1.299029	0.000000	
0.000010	0.000404	98.936000	90.040000	1.336165	0.000000	
0.000010	0.000405	98.902000	90.050000	1.385695	0.000000	
0.000010	0.000404	98.884000	90.040000	1.308882	0.000000	
0.000010	0.000404	98.936000	90.010000	1.351366	0.000000	
0.000009	0.000403	98.978000	90.000000	1.231263	0.000000	
0.000010	0.000405	98.950000	89.970000	1.322884	0.000000	
0.000010	0.000405	98.900000	89.950000	1.363631	0.000000	
0.000009	0.000405	99.014000	89.910000	1.293982	0.000000	
0.000010	0.000405	98.936000	89.990000	1.352069	0.000000	
0.000010	0.000403	98.912000	89.930000	1.341479	0.000000	
