Train Loss	Valid Loss	Train Acc.	Valid Acc.	
0.000935	0.002032	29.830000	25.530000	
0.000761	0.002622	42.918000	31.970000	
0.000712	0.001891	47.460000	42.740000	
0.000651	0.001917	52.514000	44.730000	
0.000607	0.002004	55.812000	44.800000	
0.000570	0.001687	58.734000	48.430000	
0.000552	0.001185	60.268000	57.420000	
0.000530	0.001270	61.698000	57.900000	
0.000509	0.001222	63.560000	60.340000	
0.000492	0.001153	64.586000	60.700000	
0.000482	0.001110	65.198000	62.880000	
0.000462	0.001539	66.908000	53.680000	
0.000453	0.001037	67.780000	63.900000	
0.000445	0.001027	68.212000	64.770000	
0.000436	0.000981	68.610000	65.400000	
0.000426	0.000973	69.568000	66.920000	
0.000427	0.000960	69.498000	67.200000	
0.000416	0.001090	70.394000	64.340000	
0.000415	0.001114	70.196000	63.830000	
0.000413	0.001065	70.782000	66.320000	
0.000406	0.001110	71.158000	62.350000	
0.000398	0.000952	71.582000	67.640000	
0.000396	0.000837	71.766000	71.500000	
0.000390	0.000891	72.162000	69.880000	
0.000385	0.001103	72.450000	65.330000	
0.000387	0.000980	72.538000	67.580000	
0.000386	0.000989	72.666000	67.040000	
0.000382	0.000945	72.910000	69.170000	
0.000377	0.001139	73.074000	64.870000	
0.000373	0.000827	73.614000	71.410000	
0.000367	0.000864	73.780000	70.670000	
0.000372	0.000805	73.662000	71.630000	
0.000367	0.000863	73.932000	70.300000	
0.000365	0.000801	74.312000	73.050000	
0.000362	0.001038	74.214000	67.540000	
0.000361	0.000980	74.292000	69.260000	
0.000361	0.000861	74.426000	70.480000	
0.000361	0.000865	74.408000	70.860000	
0.000356	0.000927	74.970000	69.070000	
0.000359	0.000801	74.460000	72.880000	
0.000356	0.000786	74.904000	73.110000	
0.000358	0.000803	74.862000	72.740000	
0.000353	0.000794	75.028000	72.680000	
0.000350	0.000787	75.302000	72.790000	
0.000347	0.000807	75.276000	73.470000	
0.000347	0.000919	75.584000	70.340000	
0.000348	0.000809	75.592000	73.310000	
0.000347	0.000769	75.510000	73.960000	
0.000345	0.000792	75.722000	73.020000	
0.000346	0.000921	75.490000	71.030000	
0.000342	0.000778	76.176000	73.060000	
0.000337	0.000730	76.162000	75.200000	
0.000343	0.000873	75.924000	71.190000	
0.000340	0.000783	76.250000	72.930000	
0.000338	0.000767	76.292000	74.080000	
0.000338	0.000897	76.180000	70.500000	
0.000335	0.000746	76.528000	74.650000	
0.000338	0.000763	76.454000	73.260000	
0.000334	0.000758	76.614000	73.710000	
0.000329	0.000733	76.952000	75.020000	
0.000331	0.000747	76.710000	75.090000	
0.000333	0.000844	76.634000	72.270000	
0.000333	0.000721	76.280000	75.410000	
0.000330	0.000804	76.752000	72.690000	
0.000327	0.000812	77.076000	72.770000	
0.000331	0.000748	76.678000	75.070000	
0.000331	0.000814	76.802000	72.550000	
0.000328	0.000774	77.122000	73.910000	
0.000327	0.000857	77.110000	72.850000	
0.000327	0.000844	76.898000	72.600000	
0.000328	0.000713	76.912000	75.760000	
0.000325	0.000764	77.360000	74.310000	
0.000327	0.000786	77.092000	74.410000	
0.000325	0.000754	77.234000	74.440000	
0.000321	0.000722	77.536000	76.110000	
0.000321	0.000738	77.562000	75.180000	
0.000323	0.000822	77.618000	73.050000	
0.000321	0.000785	77.608000	74.600000	
0.000321	0.000719	77.596000	75.810000	
0.000320	0.000834	77.500000	72.250000	
0.000310	0.000655	78.364000	77.630000	
0.000307	0.000643	78.596000	77.990000	
0.000306	0.000639	78.738000	78.070000	
0.000303	0.000642	78.896000	78.090000	
0.000300	0.000640	78.880000	78.280000	
0.000302	0.000640	78.906000	78.380000	
0.000300	0.000633	78.988000	78.410000	
0.000300	0.000631	79.006000	78.610000	
0.000296	0.000633	79.186000	78.580000	
0.000298	0.000632	79.200000	78.580000	
0.000298	0.000629	79.236000	78.680000	
0.000295	0.000629	79.484000	78.760000	
0.000295	0.000631	79.546000	78.780000	
0.000293	0.000627	79.510000	78.880000	
0.000294	0.000629	79.602000	78.730000	
0.000293	0.000630	79.620000	78.750000	
0.000292	0.000623	79.600000	78.920000	
0.000291	0.000628	79.716000	78.520000	
0.000292	0.000628	79.638000	78.970000	
0.000290	0.000625	79.670000	78.830000	
0.000288	0.000621	79.802000	78.970000	
0.000290	0.000622	79.902000	79.120000	
0.000289	0.000620	79.648000	78.920000	
0.000286	0.000617	80.096000	79.250000	
0.000288	0.000618	79.774000	79.180000	
0.000287	0.000617	79.958000	79.380000	
0.000288	0.000620	79.958000	79.190000	
0.000287	0.000613	79.964000	79.220000	
0.000286	0.000613	80.026000	79.430000	
0.000285	0.000612	80.042000	79.490000	
0.000281	0.000615	80.286000	79.260000	
0.000284	0.000613	80.186000	79.510000	
0.000283	0.000613	80.372000	79.390000	
0.000283	0.000614	80.254000	79.490000	
0.000282	0.000611	80.310000	79.560000	
0.000282	0.000607	80.176000	79.640000	
0.000282	0.000614	80.288000	79.320000	
0.000279	0.000614	80.520000	79.600000	
0.000281	0.000609	80.534000	79.560000	
0.000279	0.000614	80.582000	79.460000	
0.000278	0.000603	80.550000	79.720000	
0.000278	0.000604	80.602000	79.850000	
0.000279	0.000604	80.706000	79.700000	
0.000276	0.000603	80.636000	79.820000	
0.000278	0.000606	80.440000	79.700000	
0.000279	0.000604	80.596000	79.780000	
0.000279	0.000604	80.496000	79.710000	
0.000278	0.000604	80.740000	79.840000	
0.000278	0.000602	80.834000	79.840000	
0.000278	0.000607	80.442000	79.730000	
0.000278	0.000605	80.610000	79.790000	
0.000279	0.000605	80.566000	79.680000	
0.000279	0.000607	80.632000	79.650000	
0.000276	0.000603	80.690000	79.770000	
0.000277	0.000606	80.748000	79.890000	
0.000277	0.000603	80.660000	79.740000	
0.000276	0.000603	80.828000	79.830000	
0.000275	0.000603	80.736000	79.730000	
0.000278	0.000604	80.754000	79.890000	
0.000278	0.000602	80.548000	79.850000	
0.000277	0.000602	80.664000	79.800000	
0.000277	0.000602	80.792000	79.790000	
0.000278	0.000604	80.684000	79.750000	
0.000278	0.000603	80.530000	79.820000	
0.000276	0.000602	80.748000	79.780000	
0.000277	0.000604	80.692000	79.800000	
0.000277	0.000604	80.870000	79.820000	
0.000276	0.000602	80.806000	79.940000	
0.000276	0.000603	80.666000	79.810000	
0.000277	0.000601	80.676000	79.770000	
