Train Loss	Valid Loss	Train Acc.	Valid Acc.	Grad Norm	Noise Record	
0.001283	0.012482	16.456000	8.910000	8.391660	0.000031	
0.000975	0.002093	25.224000	25.340000	2.372179	0.000014	
0.000869	0.001668	33.576000	36.190000	2.412908	0.000010	
0.000812	0.001598	38.690000	40.330000	2.802431	0.000009	
0.000763	0.001582	42.996000	40.730000	2.998266	0.000007	
0.000717	0.001486	46.796000	44.750000	3.281455	0.000007	
0.000692	0.001396	49.122000	48.570000	3.753548	0.000006	
0.000654	0.001374	52.062000	49.800000	3.687602	0.000006	
0.000615	0.001324	55.406000	52.770000	4.115068	0.000005	
0.000574	0.001294	58.206000	53.790000	4.038897	0.000005	
0.000533	0.001172	61.356000	59.200000	4.293395	0.000005	
0.000492	0.000975	64.846000	65.840000	4.124816	0.000004	
0.000456	0.001095	67.344000	62.160000	4.122497	0.000004	
0.000436	0.000893	69.006000	68.060000	4.077089	0.000004	
0.000404	0.001012	71.198000	65.800000	4.113263	0.000004	
0.000386	0.000855	72.504000	70.920000	4.080142	0.000004	
0.000363	0.000884	74.150000	69.490000	3.941965	0.000004	
0.000347	0.000902	75.340000	69.260000	3.915110	0.000004	
0.000327	0.000796	76.800000	73.060000	3.870118	0.000003	
0.000314	0.000897	77.688000	69.640000	3.935101	0.000003	
0.000296	0.000753	79.104000	74.810000	3.745549	0.000003	
0.000276	0.000705	80.486000	75.860000	3.669099	0.000003	
0.000257	0.000713	81.936000	76.390000	3.428931	0.000003	
0.000248	0.000797	82.508000	74.950000	3.715812	0.000003	
0.000237	0.000637	83.400000	78.810000	3.672743	0.000003	
0.000228	0.000665	83.962000	78.340000	3.710533	0.000003	
0.000214	0.000668	85.162000	78.630000	3.466249	0.000003	
0.000207	0.000573	85.480000	81.720000	3.530261	0.000003	
0.000195	0.000556	86.506000	81.780000	3.426379	0.000003	
0.000180	0.000550	87.440000	82.550000	3.216517	0.000003	
0.000172	0.000556	87.776000	82.390000	3.346909	0.000003	
0.000165	0.000507	88.522000	83.630000	3.282744	0.000003	
0.000154	0.000552	89.050000	83.120000	3.100701	0.000003	
0.000148	0.000538	89.606000	82.720000	3.299614	0.000002	
0.000142	0.000641	89.982000	81.400000	3.204402	0.000002	
0.000136	0.000537	90.500000	82.910000	3.139787	0.000002	
0.000126	0.000570	91.150000	83.120000	3.092932	0.000002	
0.000122	0.000609	91.392000	82.440000	3.035367	0.000002	
0.000119	0.000518	91.618000	84.340000	3.162520	0.000002	
0.000111	0.000475	92.156000	85.960000	3.034821	0.000002	
0.000108	0.000559	92.420000	83.900000	3.084198	0.000002	
0.000102	0.000573	92.666000	84.210000	2.974725	0.000002	
0.000095	0.000528	93.196000	85.130000	2.956649	0.000002	
0.000088	0.000449	93.776000	86.920000	2.847832	0.000002	
0.000086	0.000509	93.958000	85.630000	2.934280	0.000002	
0.000083	0.000483	94.138000	86.050000	2.930418	0.000002	
0.000077	0.000480	94.552000	87.070000	2.799505	0.000002	
0.000075	0.000527	94.674000	86.040000	2.916800	0.000002	
0.000072	0.000511	94.816000	86.150000	2.916348	0.000002	
0.000066	0.000452	95.262000	87.360000	2.782085	0.000002	
0.000067	0.000469	95.216000	87.470000	2.870592	0.000002	
0.000059	0.000453	95.762000	87.500000	2.714865	0.000002	
0.000060	0.000587	95.664000	85.130000	2.797952	0.000002	
0.000056	0.000539	95.904000	86.460000	2.780445	0.000002	
0.000051	0.000562	96.280000	86.460000	2.652637	0.000002	
0.000050	0.000560	96.388000	86.410000	2.629688	0.000002	
0.000049	0.000746	96.532000	84.190000	2.657908	0.000002	
0.000052	0.000479	96.270000	87.950000	2.893690	0.000002	
0.000047	0.000486	96.576000	87.910000	2.751321	0.000002	
0.000043	0.000511	96.872000	87.750000	2.506602	0.000002	
0.000037	0.000586	97.392000	87.030000	2.322428	0.000002	
0.000037	0.000601	97.228000	86.550000	2.456970	0.000002	
0.000037	0.000518	97.414000	87.900000	2.455153	0.000002	
0.000035	0.000566	97.534000	87.070000	2.471673	0.000002	
0.000038	0.000583	97.282000	86.830000	2.556598	0.000002	
0.000039	0.000515	97.266000	88.130000	2.658868	0.000002	
0.000033	0.000579	97.640000	87.390000	2.293772	0.000002	
0.000028	0.000506	98.010000	88.670000	2.177258	0.000002	
0.000025	0.000502	98.214000	88.910000	2.152489	0.000002	
0.000024	0.000507	98.296000	89.110000	2.081083	0.000002	
0.000027	0.000589	98.106000	87.720000	2.339114	0.000002	
0.000028	0.000510	98.024000	89.280000	2.335539	0.000002	
0.000025	0.000557	98.210000	88.520000	2.166445	0.000002	
0.000024	0.000502	98.326000	89.270000	2.182830	0.000002	
0.000024	0.000566	98.250000	88.630000	2.240916	0.000002	
0.000024	0.000533	98.338000	88.830000	2.187662	0.000002	
0.000023	0.000582	98.448000	88.290000	2.128141	0.000002	
0.000022	0.000579	98.552000	88.510000	2.099883	0.000002	
0.000020	0.000554	98.574000	88.770000	1.987984	0.000002	
0.000020	0.000505	98.598000	89.390000	2.024427	0.000002	
0.000011	0.000432	99.264000	90.540000	1.377876	0.000000	
0.000007	0.000434	99.578000	90.930000	1.027876	0.000000	
0.000006	0.000426	99.684000	90.960000	0.899517	0.000000	
0.000005	0.000431	99.748000	91.070000	0.815134	0.000000	
0.000005	0.000427	99.766000	91.180000	0.788451	0.000000	
0.000005	0.000432	99.742000	91.110000	0.794076	0.000000	
0.000004	0.000433	99.786000	91.240000	0.791597	0.000000	
0.000004	0.000434	99.758000	91.180000	0.808259	0.000000	
0.000004	0.000434	99.818000	91.170000	0.715034	0.000000	
0.000003	0.000437	99.842000	91.050000	0.669908	0.000000	
0.000004	0.000438	99.830000	91.180000	0.727380	0.000000	
0.000004	0.000439	99.848000	91.240000	0.688555	0.000000	
0.000003	0.000439	99.864000	91.290000	0.645876	0.000000	
0.000003	0.000440	99.862000	91.310000	0.671612	0.000000	
0.000003	0.000443	99.864000	91.220000	0.598482	0.000000	
0.000003	0.000441	99.842000	91.280000	0.672275	0.000000	
0.000002	0.000445	99.912000	91.250000	0.564056	0.000000	
0.000003	0.000443	99.878000	91.280000	0.610644	0.000000	
0.000003	0.000448	99.896000	91.160000	0.629112	0.000000	
0.000003	0.000447	99.890000	91.200000	0.614340	0.000000	
0.000003	0.000450	99.884000	91.260000	0.601773	0.000000	
0.000002	0.000453	99.902000	91.350000	0.582081	0.000000	
0.000002	0.000455	99.890000	91.290000	0.618210	0.000000	
0.000002	0.000455	99.912000	91.210000	0.565218	0.000000	
0.000002	0.000455	99.896000	91.200000	0.568969	0.000000	
0.000002	0.000458	99.896000	91.330000	0.591323	0.000000	
0.000002	0.000461	99.910000	91.270000	0.589261	0.000000	
0.000002	0.000460	99.944000	91.280000	0.516150	0.000000	
0.000002	0.000462	99.908000	91.300000	0.567954	0.000000	
0.000002	0.000465	99.916000	91.230000	0.542586	0.000000	
0.000002	0.000464	99.944000	91.170000	0.515941	0.000000	
0.000002	0.000463	99.936000	91.190000	0.489512	0.000000	
0.000002	0.000463	99.912000	91.280000	0.548666	0.000000	
0.000002	0.000466	99.940000	91.310000	0.495928	0.000000	
0.000002	0.000466	99.918000	91.370000	0.562201	0.000000	
0.000002	0.000466	99.942000	91.300000	0.462981	0.000000	
0.000002	0.000472	99.924000	91.360000	0.575496	0.000000	
0.000002	0.000472	99.930000	91.270000	0.492219	0.000000	
0.000002	0.000474	99.952000	91.300000	0.495549	0.000000	
0.000002	0.000471	99.940000	91.330000	0.504369	0.000000	
0.000002	0.000470	99.936000	91.310000	0.481627	0.000000	
0.000002	0.000469	99.958000	91.420000	0.452480	0.000000	
0.000001	0.000470	99.956000	91.410000	0.453796	0.000000	
0.000002	0.000470	99.956000	91.380000	0.477791	0.000000	
0.000002	0.000469	99.952000	91.340000	0.457359	0.000000	
0.000002	0.000468	99.938000	91.350000	0.492950	0.000000	
0.000002	0.000470	99.920000	91.390000	0.538626	0.000000	
0.000002	0.000470	99.948000	91.290000	0.490495	0.000000	
0.000002	0.000469	99.934000	91.390000	0.483752	0.000000	
0.000001	0.000470	99.958000	91.280000	0.454095	0.000000	
0.000002	0.000473	99.950000	91.310000	0.450803	0.000000	
0.000002	0.000472	99.932000	91.290000	0.495124	0.000000	
0.000002	0.000473	99.940000	91.250000	0.518615	0.000000	
0.000002	0.000472	99.948000	91.370000	0.458672	0.000000	
0.000001	0.000472	99.940000	91.340000	0.469451	0.000000	
0.000001	0.000471	99.958000	91.370000	0.429408	0.000000	
0.000001	0.000469	99.948000	91.360000	0.446748	0.000000	
0.000001	0.000471	99.966000	91.410000	0.420848	0.000000	
0.000002	0.000472	99.958000	91.370000	0.475053	0.000000	
0.000001	0.000472	99.962000	91.380000	0.430258	0.000000	
0.000002	0.000473	99.936000	91.440000	0.486869	0.000000	
0.000001	0.000471	99.968000	91.440000	0.432928	0.000000	
0.000001	0.000469	99.948000	91.340000	0.443727	0.000000	
0.000002	0.000476	99.932000	91.330000	0.474808	0.000000	
0.000001	0.000473	99.950000	91.400000	0.463389	0.000000	
0.000002	0.000476	99.950000	91.350000	0.467982	0.000000	
0.000002	0.000473	99.942000	91.390000	0.466493	0.000000	
0.000002	0.000473	99.952000	91.370000	0.462921	0.000000	
0.000002	0.000473	99.944000	91.420000	0.461476	0.000000	
0.000001	0.000471	99.958000	91.410000	0.426280	0.000000	
