Train Loss	Valid Loss	Train Acc.	Valid Acc.	Grad Norm	Noise Record	
0.001267	0.040806	16.480000	10.110000	8.717674	0.000000	
0.000977	0.001872	24.762000	29.150000	2.206862	0.000000	
0.000882	0.001705	32.390000	35.910000	2.794139	0.000000	
0.000815	0.001653	38.218000	38.780000	2.817756	0.000000	
0.000765	0.001591	42.824000	41.390000	3.157113	0.000000	
0.000726	0.001437	46.114000	47.640000	3.134877	0.000000	
0.000693	0.001362	49.106000	50.090000	3.692810	0.000000	
0.000653	0.001456	52.248000	48.260000	3.873069	0.000000	
0.000617	0.001233	55.258000	55.380000	4.090258	0.000000	
0.000582	0.001319	57.884000	53.570000	4.208289	0.000000	
0.000528	0.001095	61.888000	60.500000	3.828489	0.000000	
0.000511	0.001397	63.242000	53.250000	4.357831	0.000000	
0.000470	0.001211	66.458000	59.230000	3.649455	0.000000	
0.000438	0.000985	68.960000	66.240000	3.917967	0.000000	
0.000416	0.001135	70.592000	60.450000	3.680645	0.000000	
0.000400	0.000925	71.622000	68.210000	3.959317	0.000000	
0.000376	0.000908	73.326000	68.360000	3.689025	0.000000	
0.000352	0.000929	75.152000	69.000000	3.575693	0.000000	
0.000331	0.000960	76.658000	68.020000	3.726810	0.000000	
0.000316	0.000817	77.646000	72.540000	3.637929	0.000000	
0.000302	0.000859	78.684000	71.570000	3.856661	0.000000	
0.000277	0.000719	80.350000	75.420000	3.448070	0.000000	
0.000257	0.000731	81.896000	75.720000	3.313842	0.000000	
0.000248	0.000712	82.538000	77.140000	3.548223	0.000000	
0.000239	0.000874	83.114000	72.730000	3.502386	0.000000	
0.000226	0.000596	84.116000	79.980000	3.389808	0.000000	
0.000209	0.000694	85.274000	78.020000	3.256002	0.000000	
0.000207	0.000638	85.436000	80.110000	3.279533	0.000000	
0.000190	0.000562	86.708000	81.830000	3.139481	0.000000	
0.000178	0.000547	87.548000	82.560000	3.026539	0.000000	
0.000171	0.000509	87.978000	83.560000	3.168352	0.000000	
0.000164	0.000516	88.628000	83.250000	3.127910	0.000000	
0.000155	0.000549	88.912000	83.120000	3.023451	0.000000	
0.000145	0.000495	89.650000	83.990000	3.006190	0.000000	
0.000138	0.000506	90.206000	84.600000	3.034633	0.000000	
0.000137	0.000521	90.372000	83.590000	3.077839	0.000000	
0.000130	0.000565	90.784000	83.410000	3.058056	0.000000	
0.000122	0.000588	91.338000	83.430000	2.922409	0.000000	
0.000116	0.000521	91.742000	84.270000	2.923689	0.000000	
0.000111	0.000505	92.148000	84.820000	2.929677	0.000000	
0.000107	0.000595	92.334000	82.710000	3.074895	0.000000	
0.000104	0.000528	92.672000	85.120000	2.938550	0.000000	
0.000096	0.000525	93.214000	85.120000	2.886414	0.000000	
0.000096	0.000470	93.078000	86.290000	3.037318	0.000000	
0.000088	0.000550	93.638000	85.100000	2.801742	0.000000	
0.000081	0.000522	94.230000	85.630000	2.758817	0.000000	
0.000079	0.000509	94.352000	85.720000	2.790656	0.000000	
0.000078	0.000538	94.318000	85.520000	2.872249	0.000000	
0.000076	0.000486	94.492000	86.730000	2.906737	0.000000	
0.000067	0.000515	95.188000	86.930000	2.688741	0.000000	
0.000067	0.000552	95.242000	86.460000	2.779309	0.000000	
0.000063	0.000597	95.470000	85.220000	2.672418	0.000000	
0.000059	0.000490	95.732000	87.420000	2.675881	0.000000	
0.000055	0.000543	96.112000	86.650000	2.642638	0.000000	
0.000056	0.000520	95.996000	86.590000	2.720460	0.000000	
0.000053	0.000525	96.194000	87.290000	2.611973	0.000000	
0.000052	0.000524	96.240000	87.330000	2.640091	0.000000	
0.000047	0.000553	96.580000	86.710000	2.514677	0.000000	
0.000043	0.000554	96.902000	87.260000	2.434470	0.000000	
0.000042	0.000546	97.022000	87.310000	2.464387	0.000000	
0.000040	0.000591	97.078000	86.200000	2.414757	0.000000	
0.000038	0.000509	97.312000	88.100000	2.414236	0.000000	
0.000037	0.000546	97.342000	87.360000	2.401781	0.000000	
0.000038	0.000609	97.320000	87.020000	2.472025	0.000000	
0.000036	0.000554	97.468000	87.950000	2.443356	0.000000	
0.000035	0.000515	97.464000	88.130000	2.410876	0.000000	
0.000035	0.000541	97.542000	87.900000	2.447118	0.000000	
0.000033	0.000557	97.634000	87.420000	2.369669	0.000000	
0.000030	0.000609	97.866000	86.960000	2.284224	0.000000	
0.000030	0.000522	97.866000	88.580000	2.324545	0.000000	
0.000026	0.000579	98.100000	88.080000	2.123055	0.000000	
0.000026	0.000575	98.204000	87.690000	2.136944	0.000000	
0.000025	0.000584	98.190000	87.740000	2.142628	0.000000	
0.000023	0.000587	98.378000	88.430000	2.063934	0.000000	
0.000023	0.000682	98.382000	87.070000	2.142908	0.000000	
0.000027	0.000591	98.062000	87.950000	2.372341	0.000000	
0.000025	0.000586	98.208000	88.060000	2.183619	0.000000	
0.000023	0.000587	98.418000	88.130000	2.093484	0.000000	
0.000022	0.000602	98.434000	88.320000	2.097923	0.000000	
0.000018	0.000578	98.766000	88.830000	1.781305	0.000000	
0.000013	0.000480	99.142000	90.220000	1.451958	0.000000	
0.000008	0.000479	99.504000	90.190000	1.074573	0.000000	
0.000006	0.000472	99.688000	90.480000	0.888936	0.000000	
0.000005	0.000478	99.724000	90.480000	0.865988	0.000000	
0.000005	0.000479	99.710000	90.520000	0.844623	0.000000	
0.000005	0.000477	99.730000	90.630000	0.875704	0.000000	
0.000005	0.000479	99.748000	90.720000	0.824327	0.000000	
0.000005	0.000485	99.776000	90.580000	0.783855	0.000000	
0.000004	0.000481	99.824000	90.660000	0.707721	0.000000	
0.000004	0.000487	99.798000	90.500000	0.750983	0.000000	
0.000004	0.000485	99.814000	90.520000	0.714427	0.000000	
0.000004	0.000493	99.838000	90.600000	0.698684	0.000000	
0.000004	0.000494	99.832000	90.580000	0.718955	0.000000	
0.000003	0.000493	99.852000	90.740000	0.680786	0.000000	
0.000003	0.000495	99.874000	90.560000	0.621276	0.000000	
0.000003	0.000495	99.864000	90.530000	0.635022	0.000000	
0.000003	0.000499	99.872000	90.430000	0.624420	0.000000	
0.000003	0.000497	99.858000	90.610000	0.658951	0.000000	
0.000003	0.000502	99.876000	90.680000	0.640322	0.000000	
0.000003	0.000501	99.860000	90.640000	0.667149	0.000000	
0.000003	0.000503	99.888000	90.670000	0.597283	0.000000	
0.000002	0.000501	99.902000	90.610000	0.583227	0.000000	
0.000003	0.000505	99.880000	90.640000	0.644469	0.000000	
0.000002	0.000500	99.926000	90.720000	0.570666	0.000000	
0.000002	0.000505	99.896000	90.680000	0.587615	0.000000	
0.000002	0.000504	99.892000	90.750000	0.594602	0.000000	
0.000003	0.000506	99.888000	90.560000	0.624923	0.000000	
0.000002	0.000506	99.908000	90.660000	0.589881	0.000000	
0.000002	0.000509	99.930000	90.740000	0.560792	0.000000	
0.000002	0.000512	99.910000	90.740000	0.558827	0.000000	
0.000002	0.000513	99.894000	90.670000	0.631530	0.000000	
0.000002	0.000512	99.932000	90.670000	0.539009	0.000000	
0.000002	0.000513	99.936000	90.700000	0.525904	0.000000	
0.000002	0.000518	99.938000	90.540000	0.508846	0.000000	
0.000002	0.000514	99.926000	90.650000	0.569619	0.000000	
0.000002	0.000516	99.916000	90.750000	0.574725	0.000000	
0.000002	0.000520	99.924000	90.670000	0.539814	0.000000	
0.000002	0.000520	99.936000	90.630000	0.499137	0.000000	
0.000002	0.000521	99.928000	90.610000	0.569140	0.000000	
0.000002	0.000523	99.938000	90.840000	0.481354	0.000000	
0.000002	0.000522	99.930000	90.780000	0.500156	0.000000	
0.000002	0.000522	99.908000	90.690000	0.596327	0.000000	
0.000002	0.000521	99.928000	90.820000	0.503254	0.000000	
0.000002	0.000521	99.938000	90.690000	0.517626	0.000000	
0.000002	0.000522	99.940000	90.760000	0.476885	0.000000	
0.000002	0.000520	99.936000	90.850000	0.522904	0.000000	
0.000002	0.000522	99.924000	90.720000	0.543120	0.000000	
0.000002	0.000524	99.948000	90.680000	0.460414	0.000000	
0.000002	0.000518	99.936000	90.750000	0.470054	0.000000	
0.000002	0.000522	99.916000	90.780000	0.547861	0.000000	
0.000002	0.000522	99.950000	90.830000	0.460031	0.000000	
0.000002	0.000524	99.926000	90.740000	0.515676	0.000000	
0.000002	0.000523	99.932000	90.800000	0.525827	0.000000	
0.000002	0.000523	99.924000	90.770000	0.482778	0.000000	
0.000002	0.000520	99.928000	90.870000	0.495666	0.000000	
0.000002	0.000520	99.924000	90.940000	0.524245	0.000000	
0.000002	0.000520	99.922000	90.930000	0.532105	0.000000	
0.000002	0.000521	99.954000	90.820000	0.496090	0.000000	
0.000002	0.000522	99.948000	90.820000	0.461039	0.000000	
0.000002	0.000523	99.948000	90.770000	0.467715	0.000000	
0.000002	0.000525	99.954000	90.800000	0.460015	0.000000	
0.000002	0.000522	99.946000	90.860000	0.494673	0.000000	
0.000002	0.000519	99.918000	90.800000	0.571384	0.000000	
0.000002	0.000525	99.936000	90.800000	0.506705	0.000000	
0.000002	0.000522	99.942000	90.760000	0.478824	0.000000	
0.000002	0.000525	99.930000	90.770000	0.493154	0.000000	
0.000002	0.000524	99.944000	90.730000	0.477742	0.000000	
0.000002	0.000522	99.948000	90.820000	0.466009	0.000000	
0.000002	0.000523	99.944000	90.870000	0.487342	0.000000	
0.000001	0.000522	99.954000	90.760000	0.425495	0.000000	
