Train Loss	Valid Loss	Train Acc.	Valid Acc.	Grad Norm	Noise Record	
0.000814	3.336568	11.748000	10.000000	10.524176	0.000010	
0.000594	0.004637	14.026000	10.670000	1.852991	0.000010	
0.000553	0.002189	19.388000	18.960000	0.640562	0.000010	
0.000526	0.002056	23.324000	21.190000	0.764500	0.000010	
0.000509	0.002025	26.200000	23.690000	1.095960	0.000010	
0.000494	0.002131	28.892000	20.890000	1.882146	0.000010	
0.000472	0.002363	31.786000	24.980000	2.209415	0.000010	
0.000452	0.002608	34.420000	25.860000	2.244209	0.000010	
0.000434	0.002532	37.452000	25.480000	2.388305	0.000010	
0.000413	0.002426	40.400000	26.660000	2.313931	0.000010	
0.000400	0.001595	42.942000	41.650000	3.070999	0.000010	
0.000386	0.001465	45.288000	45.940000	2.836997	0.000010	
0.000367	0.001741	47.734000	40.620000	3.181675	0.000010	
0.000356	0.001629	49.786000	43.570000	2.960080	0.000010	
0.000338	0.001482	52.722000	48.260000	3.317982	0.000010	
0.000330	0.001394	53.502000	49.930000	3.392427	0.000010	
0.000315	0.001228	56.100000	55.400000	3.454386	0.000010	
0.000296	0.001233	58.952000	56.050000	3.019697	0.000010	
0.000281	0.001432	61.010000	50.790000	3.318049	0.000010	
0.000287	0.001140	60.236000	59.710000	3.741059	0.000010	
0.000265	0.001185	63.504000	57.220000	3.401795	0.000010	
0.000248	0.001284	65.852000	58.630000	3.044556	0.000010	
0.000240	0.001050	67.028000	63.090000	3.334421	0.000010	
0.000225	0.001190	68.976000	60.680000	3.200111	0.000010	
0.000214	0.000931	70.652000	66.680000	3.290509	0.000010	
0.000207	0.001032	71.878000	66.330000	3.332029	0.000010	
0.000203	0.000960	72.310000	67.120000	3.403227	0.000010	
0.000189	0.000912	74.288000	68.580000	3.088318	0.000010	
0.000182	0.000928	74.926000	69.040000	3.190758	0.000010	
0.000176	0.000844	75.986000	70.800000	3.284017	0.000010	
0.000166	0.000730	77.148000	74.750000	2.977998	0.000010	
0.000160	0.000843	78.048000	71.560000	3.234732	0.000010	
0.000153	0.000799	79.082000	72.850000	2.918516	0.000010	
0.000144	0.000903	80.168000	71.520000	2.905840	0.000010	
0.000139	0.000695	81.244000	76.820000	3.044749	0.000010	
0.000131	0.000782	82.248000	74.130000	2.917933	0.000010	
0.000130	0.000686	82.654000	77.240000	3.120127	0.000010	
0.000122	0.000640	83.572000	78.110000	2.700731	0.000010	
0.000118	0.000683	83.998000	77.350000	2.884971	0.000010	
0.000114	0.000663	84.560000	78.450000	2.839807	0.000010	
0.000108	0.000626	85.212000	79.310000	2.695043	0.000010	
0.000104	0.000633	85.972000	79.230000	2.653057	0.000010	
0.000099	0.000609	86.660000	79.780000	2.626410	0.000010	
0.000093	0.000569	87.222000	81.390000	2.482182	0.000010	
0.000093	0.000619	87.244000	81.030000	2.705736	0.000010	
0.000090	0.000568	87.454000	81.740000	2.678189	0.000010	
0.000085	0.000555	88.410000	82.110000	2.508517	0.000010	
0.000082	0.000588	88.954000	80.760000	2.503457	0.000010	
0.000083	0.000658	88.782000	79.980000	2.796574	0.000010	
0.000078	0.000537	89.392000	82.950000	2.425588	0.000010	
0.000074	0.000653	90.080000	79.810000	2.520059	0.000010	
0.000072	0.000595	90.188000	81.910000	2.682418	0.000010	
0.000070	0.000516	90.378000	83.680000	2.449955	0.000010	
0.000065	0.000550	91.040000	83.160000	2.354485	0.000010	
0.000062	0.000597	91.460000	82.830000	2.479693	0.000010	
0.000060	0.000543	91.784000	83.070000	2.457550	0.000010	
0.000058	0.000484	92.028000	85.090000	2.430802	0.000010	
0.000056	0.000546	92.440000	84.010000	2.345032	0.000010	
0.000053	0.000533	92.732000	84.650000	2.231270	0.000010	
0.000053	0.000548	92.854000	84.580000	2.409073	0.000010	
0.000051	0.000652	92.902000	82.790000	2.537115	0.000010	
0.000049	0.000538	93.390000	84.480000	2.318153	0.000010	
0.000046	0.000530	93.698000	84.930000	2.286540	0.000010	
0.000046	0.000477	93.626000	85.910000	2.389338	0.000010	
0.000045	0.000599	93.838000	83.020000	2.332003	0.000010	
0.000042	0.000560	94.184000	84.300000	2.200885	0.000010	
0.000041	0.000688	94.300000	82.150000	2.330739	0.000010	
0.000041	0.000487	94.572000	86.490000	2.319535	0.000010	
0.000037	0.000503	95.002000	86.480000	2.112130	0.000010	
0.000035	0.000606	95.252000	84.960000	2.120160	0.000010	
0.000036	0.000553	95.140000	84.800000	2.241959	0.000010	
0.000034	0.000689	95.334000	82.670000	2.168612	0.000010	
0.000032	0.000570	95.476000	85.870000	2.189896	0.000010	
0.000031	0.000595	95.812000	85.660000	2.198281	0.000010	
0.000032	0.000521	95.510000	86.580000	2.335826	0.000010	
0.000028	0.000554	96.080000	85.940000	2.068192	0.000010	
0.000029	0.000542	95.940000	86.780000	2.207557	0.000010	
0.000028	0.000567	96.146000	86.260000	2.176062	0.000010	
0.000028	0.000548	96.316000	86.240000	2.177298	0.000010	
0.000027	0.000538	96.258000	86.700000	2.132163	0.000010	
0.000021	0.000420	97.232000	88.990000	1.657179	0.000001	
0.000015	0.000411	98.148000	89.410000	1.233521	0.000001	
0.000013	0.000400	98.474000	89.670000	1.107697	0.000001	
0.000012	0.000406	98.630000	89.570000	1.105358	0.000001	
0.000011	0.000405	98.702000	89.720000	1.066332	0.000001	
0.000010	0.000409	98.836000	89.650000	1.035982	0.000001	
0.000010	0.000411	98.906000	89.560000	1.021346	0.000001	
0.000010	0.000412	98.922000	89.550000	1.019346	0.000001	
0.000009	0.000411	98.960000	89.890000	0.977852	0.000001	
0.000009	0.000416	99.014000	89.820000	0.996306	0.000001	
0.000008	0.000417	99.080000	89.760000	0.956474	0.000001	
0.000008	0.000420	99.110000	89.790000	0.965586	0.000001	
0.000008	0.000420	99.086000	89.870000	0.963923	0.000001	
0.000007	0.000422	99.186000	89.890000	0.888433	0.000001	
0.000007	0.000424	99.250000	89.880000	0.923686	0.000001	
0.000007	0.000426	99.170000	89.740000	0.947260	0.000001	
0.000007	0.000427	99.228000	89.830000	0.929120	0.000001	
0.000007	0.000431	99.274000	89.760000	0.960535	0.000001	
0.000007	0.000435	99.222000	89.720000	0.953662	0.000001	
0.000007	0.000433	99.272000	89.870000	0.918272	0.000001	
0.000006	0.000436	99.376000	89.680000	0.892268	0.000001	
0.000006	0.000437	99.334000	89.830000	0.951790	0.000001	
0.000006	0.000442	99.368000	89.740000	0.868878	0.000001	
0.000006	0.000442	99.426000	89.830000	0.895426	0.000001	
0.000006	0.000445	99.348000	89.850000	0.945406	0.000001	
0.000006	0.000444	99.474000	90.000000	0.916512	0.000001	
0.000006	0.000444	99.432000	89.820000	0.946459	0.000001	
0.000006	0.000446	99.442000	89.840000	0.924924	0.000001	
0.000006	0.000448	99.426000	89.910000	0.929555	0.000001	
0.000005	0.000450	99.498000	89.960000	0.883449	0.000001	
0.000005	0.000452	99.456000	89.870000	0.902479	0.000001	
0.000005	0.000456	99.476000	89.780000	0.862148	0.000001	
0.000005	0.000458	99.510000	89.950000	0.876017	0.000001	
0.000005	0.000462	99.524000	89.870000	0.872994	0.000001	
0.000005	0.000464	99.534000	89.920000	0.895140	0.000001	
0.000005	0.000460	99.526000	89.820000	0.911973	0.000001	
0.000004	0.000465	99.580000	89.790000	0.855153	0.000001	
0.000004	0.000470	99.582000	89.830000	0.838132	0.000001	
0.000005	0.000468	99.562000	89.760000	0.936477	0.000001	
0.000004	0.000470	99.622000	89.890000	0.844844	0.000001	
0.000004	0.000468	99.560000	89.890000	0.823546	0.000000	
0.000004	0.000468	99.664000	89.940000	0.811883	0.000000	
0.000004	0.000469	99.648000	89.930000	0.811875	0.000000	
0.000004	0.000470	99.628000	89.840000	0.824692	0.000000	
0.000004	0.000469	99.674000	89.880000	0.786367	0.000000	
0.000004	0.000467	99.650000	89.890000	0.784177	0.000000	
0.000004	0.000469	99.614000	89.900000	0.860787	0.000000	
0.000004	0.000470	99.682000	89.910000	0.754857	0.000000	
0.000004	0.000467	99.656000	90.010000	0.810716	0.000000	
0.000004	0.000468	99.650000	89.980000	0.829896	0.000000	
0.000004	0.000470	99.668000	89.850000	0.785225	0.000000	
0.000004	0.000470	99.684000	90.020000	0.777075	0.000000	
0.000004	0.000471	99.684000	89.840000	0.811617	0.000000	
0.000004	0.000469	99.662000	89.820000	0.755827	0.000000	
0.000004	0.000469	99.650000	90.010000	0.810021	0.000000	
0.000004	0.000469	99.642000	90.000000	0.777117	0.000000	
0.000004	0.000469	99.702000	90.040000	0.738516	0.000000	
0.000004	0.000471	99.632000	89.860000	0.761483	0.000000	
0.000004	0.000471	99.670000	89.950000	0.743264	0.000000	
0.000004	0.000469	99.706000	89.970000	0.775975	0.000000	
0.000004	0.000472	99.648000	89.900000	0.786938	0.000000	
0.000004	0.000472	99.658000	89.870000	0.794413	0.000000	
0.000004	0.000470	99.660000	89.980000	0.765792	0.000000	
0.000004	0.000471	99.672000	89.900000	0.764110	0.000000	
0.000003	0.000470	99.666000	89.950000	0.714096	0.000000	
0.000004	0.000470	99.680000	89.990000	0.839473	0.000000	
0.000004	0.000472	99.680000	90.000000	0.817976	0.000000	
0.000004	0.000472	99.706000	89.840000	0.741659	0.000000	
0.000004	0.000472	99.660000	90.070000	0.781250	0.000000	
0.000003	0.000472	99.686000	90.010000	0.708839	0.000000	
