Train Loss	Valid Loss	Train Acc.	Valid Acc.	Grad Norm	Noise Record	
0.000334	0.002325	18.086000	11.200000	14.590803	0.000546	
0.000349	0.046290	15.740000	10.010000	5.991998	0.000271	
0.000284	0.006815	23.846000	12.470000	2.456215	0.000205	
0.000264	0.002577	28.486000	18.170000	1.864132	0.000171	
0.000248	0.002162	32.248000	26.390000	2.443352	0.000149	
0.000238	0.001824	35.340000	33.310000	3.042782	0.000133	
0.000229	0.001720	37.708000	36.840000	3.655201	0.000122	
0.000223	0.001738	39.356000	35.950000	3.246677	0.000113	
0.000214	0.001586	42.042000	40.780000	3.456490	0.000105	
0.000205	0.001554	44.670000	43.840000	3.925396	0.000099	
0.000201	0.001505	46.666000	45.080000	4.293606	0.000094	
0.000197	0.001445	48.268000	46.240000	4.536239	0.000089	
0.000190	0.001557	50.242000	43.480000	4.795198	0.000085	
0.000184	0.001428	51.580000	47.930000	4.276178	0.000082	
0.000180	0.001286	52.708000	52.310000	5.703266	0.000079	
0.000169	0.001656	55.806000	42.590000	4.659670	0.000076	
0.000189	0.001568	50.908000	45.460000	6.444913	0.000073	
0.000174	0.001360	54.364000	52.110000	4.283825	0.000071	
0.000163	0.001376	57.636000	52.250000	4.345392	0.000069	
0.000156	0.001435	59.088000	50.600000	5.051544	0.000067	
0.000151	0.001240	61.390000	54.690000	4.745502	0.000065	
0.000142	0.001078	63.824000	61.600000	4.697257	0.000063	
0.000135	0.001195	65.392000	59.270000	4.686748	0.000062	
0.000132	0.001052	66.448000	63.590000	4.952039	0.000060	
0.000126	0.001136	67.604000	60.890000	5.119498	0.000059	
0.000123	0.001050	68.648000	63.160000	5.164823	0.000058	
0.000118	0.001330	70.218000	56.150000	4.892757	0.000056	
0.000118	0.000991	70.198000	66.390000	5.959677	0.000055	
0.000113	0.001014	71.246000	64.500000	5.361887	0.000054	
0.000110	0.000910	72.434000	68.580000	4.974417	0.000053	
0.000103	0.000970	73.752000	67.050000	4.965710	0.000052	
0.000101	0.001027	74.466000	65.560000	5.280586	0.000051	
0.000107	0.000974	73.000000	67.180000	6.512869	0.000050	
0.000101	0.000868	74.272000	69.740000	5.012173	0.000050	
0.000093	0.000854	76.398000	71.480000	4.291674	0.000049	
0.000090	0.000934	77.144000	69.840000	4.824456	0.000048	
0.000089	0.000841	77.688000	71.640000	4.863603	0.000047	
0.000086	0.000862	78.508000	71.000000	4.724506	0.000047	
0.000084	0.000966	78.898000	68.060000	4.721593	0.000046	
0.000081	0.000789	79.726000	73.810000	4.796111	0.000045	
0.000079	0.000671	80.196000	76.800000	4.668989	0.000045	
0.000073	0.000762	81.566000	74.780000	3.858661	0.000044	
0.000072	0.000725	81.832000	75.350000	4.429888	0.000044	
0.000072	0.000856	82.130000	72.540000	4.732750	0.000043	
0.000067	0.000801	82.922000	73.810000	4.093268	0.000042	
0.000066	0.000722	82.864000	75.840000	4.516543	0.000042	
0.000067	0.000721	83.558000	77.170000	4.493734	0.000041	
0.000063	0.000730	84.386000	77.250000	4.083216	0.000041	
0.000063	0.000716	84.252000	77.560000	4.580240	0.000041	
0.000061	0.000651	84.644000	78.210000	4.338578	0.000040	
0.000061	0.000694	84.858000	77.550000	4.660817	0.000040	
0.000056	0.000639	85.890000	78.930000	3.876490	0.000039	
0.000054	0.000585	86.480000	81.130000	3.676522	0.000039	
0.000052	0.000863	86.880000	74.860000	3.831578	0.000038	
0.000051	0.000584	87.060000	80.880000	3.916811	0.000038	
0.000051	0.000572	87.476000	81.740000	4.093672	0.000038	
0.000050	0.000630	87.540000	79.890000	4.249875	0.000037	
0.000049	0.000674	88.182000	78.900000	3.909818	0.000037	
0.000047	0.000574	88.140000	81.500000	4.051966	0.000037	
0.000047	0.000609	88.302000	79.800000	4.246774	0.000036	
0.000045	0.000543	88.682000	83.000000	3.876338	0.000036	
0.000045	0.000525	88.920000	83.080000	3.839067	0.000036	
0.000043	0.000566	89.324000	81.630000	3.643915	0.000035	
0.000041	0.000600	89.680000	81.310000	3.645397	0.000035	
0.000040	0.000565	90.098000	82.770000	3.593802	0.000035	
0.000038	0.000546	90.382000	82.980000	3.568358	0.000034	
0.000038	0.000541	90.484000	83.490000	3.722064	0.000034	
0.000039	0.000685	90.494000	80.310000	4.014098	0.000034	
0.000037	0.000578	90.848000	82.080000	3.840036	0.000034	
0.000035	0.000556	91.028000	82.650000	3.907049	0.000033	
0.000036	0.000572	90.978000	82.560000	4.012496	0.000033	
0.000035	0.000550	91.528000	83.280000	3.626272	0.000033	
0.000032	0.000537	91.788000	84.090000	3.492744	0.000032	
0.000032	0.000536	92.038000	84.460000	3.594647	0.000032	
0.000031	0.000567	92.230000	83.290000	3.596769	0.000032	
0.000031	0.000552	92.184000	83.560000	3.728526	0.000032	
0.000030	0.000524	92.188000	84.240000	3.486171	0.000032	
0.000029	0.000622	92.718000	82.480000	3.468984	0.000031	
0.000029	0.000616	92.830000	82.030000	3.602689	0.000031	
0.000029	0.000750	92.696000	79.390000	3.827401	0.000031	
0.000026	0.000407	93.344000	87.650000	3.498563	0.000003	
0.000021	0.000392	94.948000	88.140000	2.476441	0.000003	
0.000019	0.000374	95.212000	88.540000	2.172319	0.000003	
0.000019	0.000367	95.668000	88.440000	2.070668	0.000003	
0.000018	0.000364	95.862000	88.720000	1.872224	0.000003	
0.000017	0.000361	95.948000	88.910000	2.012702	0.000003	
0.000016	0.000364	96.092000	88.860000	1.906284	0.000003	
0.000016	0.000363	96.188000	88.810000	1.913235	0.000003	
0.000016	0.000363	96.302000	88.880000	1.866298	0.000003	
0.000016	0.000369	96.298000	89.010000	1.910948	0.000003	
0.000015	0.000367	96.480000	89.020000	1.898294	0.000003	
0.000015	0.000367	96.584000	89.010000	1.870700	0.000003	
0.000015	0.000375	96.546000	88.920000	1.864181	0.000003	
0.000014	0.000373	96.570000	89.120000	1.940450	0.000003	
0.000014	0.000367	96.710000	89.240000	1.963685	0.000003	
0.000014	0.000371	96.718000	89.090000	2.000726	0.000003	
0.000014	0.000372	96.850000	88.970000	1.978413	0.000003	
0.000013	0.000374	96.808000	89.240000	1.941396	0.000003	
0.000013	0.000375	96.812000	89.190000	1.999076	0.000003	
0.000013	0.000379	96.976000	89.070000	1.935264	0.000003	
0.000013	0.000378	97.010000	89.050000	1.849044	0.000003	
0.000013	0.000378	97.016000	89.050000	1.999864	0.000003	
0.000012	0.000377	97.066000	89.140000	1.961256	0.000003	
0.000012	0.000384	97.164000	89.000000	1.896681	0.000003	
0.000013	0.000383	97.144000	89.060000	2.083627	0.000003	
0.000012	0.000383	97.156000	89.040000	1.987032	0.000003	
0.000012	0.000386	97.216000	89.020000	2.008346	0.000003	
0.000012	0.000385	97.282000	88.800000	2.021486	0.000003	
0.000012	0.000381	97.354000	89.140000	2.271527	0.000003	
0.000011	0.000387	97.296000	89.110000	2.068034	0.000003	
0.000011	0.000389	97.226000	89.030000	1.991567	0.000003	
0.000011	0.000387	97.412000	89.270000	1.954215	0.000003	
0.000012	0.000386	97.390000	89.140000	1.974018	0.000003	
0.000011	0.000391	97.468000	88.760000	2.028823	0.000003	
0.000011	0.000390	97.490000	89.140000	2.156959	0.000003	
0.000011	0.000390	97.478000	89.090000	2.197629	0.000003	
0.000011	0.000395	97.588000	89.000000	2.227848	0.000003	
0.000010	0.000393	97.600000	89.280000	1.996273	0.000002	
0.000011	0.000397	97.634000	88.950000	2.257339	0.000002	
0.000010	0.000402	97.708000	88.870000	2.043602	0.000002	
0.000010	0.000398	97.752000	89.020000	2.034506	0.000000	
0.000010	0.000395	97.824000	89.100000	1.995126	0.000000	
0.000010	0.000393	97.880000	89.230000	1.826540	0.000000	
0.000010	0.000392	97.916000	89.180000	1.885190	0.000000	
0.000009	0.000390	97.892000	89.170000	1.762162	0.000000	
0.000010	0.000391	97.884000	89.220000	1.940071	0.000000	
0.000009	0.000391	97.950000	89.190000	1.878614	0.000000	
0.000010	0.000392	97.882000	89.190000	1.861992	0.000000	
0.000010	0.000391	97.832000	89.240000	1.933019	0.000000	
0.000009	0.000392	97.946000	89.180000	1.858617	0.000000	
0.000009	0.000391	97.912000	89.160000	1.945534	0.000000	
0.000010	0.000392	97.838000	89.120000	1.882991	0.000000	
0.000009	0.000393	97.994000	89.180000	1.861663	0.000000	
0.000009	0.000393	97.994000	89.120000	1.854017	0.000000	
0.000009	0.000391	98.030000	89.220000	1.845161	0.000000	
0.000010	0.000391	97.970000	89.190000	1.892598	0.000000	
0.000010	0.000392	98.000000	89.240000	1.955978	0.000000	
0.000009	0.000391	97.850000	89.250000	1.834887	0.000000	
0.000009	0.000393	97.906000	89.250000	1.838706	0.000000	
0.000009	0.000392	97.876000	89.340000	1.879184	0.000000	
0.000010	0.000391	97.956000	89.220000	1.866475	0.000000	
0.000009	0.000390	98.000000	89.290000	1.842447	0.000000	
0.000009	0.000392	97.960000	89.300000	1.961399	0.000000	
0.000009	0.000392	97.936000	89.130000	1.874333	0.000000	
0.000009	0.000391	97.936000	89.270000	1.735743	0.000000	
0.000009	0.000392	97.942000	89.190000	1.948458	0.000000	
0.000009	0.000394	97.898000	89.160000	1.901305	0.000000	
0.000009	0.000394	97.962000	89.090000	1.886147	0.000000	
0.000009	0.000394	98.026000	89.200000	1.898180	0.000000	
0.000009	0.000393	97.958000	89.280000	1.831847	0.000000	
