Train Loss	Valid Loss	Train Acc.	Valid Acc.	Grad Norm	Noise Record	
0.000723	20.624536	13.224000	10.000000	13.630513	0.000004	
0.000562	0.003747	20.264000	19.690000	2.004926	0.000002	
0.000511	0.002131	25.362000	23.000000	1.553994	0.000001	
0.000490	0.001910	27.610000	28.000000	1.605399	0.000001	
0.000460	0.001980	32.584000	25.990000	1.815633	0.000001	
0.000436	0.001691	36.470000	35.700000	2.953630	0.000001	
0.000421	0.001645	38.618000	38.090000	2.741487	0.000001	
0.000403	0.001643	41.474000	39.640000	2.965727	0.000001	
0.000386	0.001505	44.880000	44.450000	3.190593	0.000001	
0.000375	0.001464	46.630000	46.560000	3.893755	0.000001	
0.000358	0.001450	49.432000	46.640000	3.202700	0.000001	
0.000353	0.001474	50.196000	46.150000	4.033115	0.000001	
0.000337	0.001362	52.520000	51.530000	4.110949	0.000001	
0.000330	0.001278	53.822000	54.200000	4.587980	0.000001	
0.000313	0.001287	56.326000	53.420000	4.333918	0.000001	
0.000309	0.001180	56.870000	57.430000	5.043068	0.000001	
0.000289	0.001385	59.808000	53.400000	4.346218	0.000001	
0.000278	0.001228	61.352000	57.230000	3.967266	0.000001	
0.000266	0.001070	63.344000	63.060000	4.580096	0.000000	
0.000252	0.001082	65.184000	62.280000	4.081580	0.000000	
0.000243	0.001078	66.690000	62.940000	4.211540	0.000000	
0.000233	0.000908	68.052000	68.100000	4.353131	0.000000	
0.000216	0.001095	70.616000	62.920000	3.745163	0.000000	
0.000214	0.001075	70.938000	63.590000	4.369288	0.000000	
0.000209	0.001097	71.456000	64.140000	4.481296	0.000000	
0.000200	0.001012	72.900000	65.660000	4.311078	0.000000	
0.000200	0.000947	72.882000	67.530000	4.639180	0.000000	
0.000192	0.000816	73.838000	72.310000	4.210587	0.000000	
0.000180	0.000801	75.514000	72.390000	3.904789	0.000000	
0.000178	0.000798	75.844000	72.840000	4.404023	0.000000	
0.000170	0.000764	76.518000	74.000000	4.074981	0.000000	
0.000163	0.001149	77.924000	63.800000	3.949460	0.000000	
0.000161	0.000802	78.146000	72.730000	4.079367	0.000000	
0.000156	0.000757	78.610000	74.320000	4.019046	0.000000	
0.000147	0.000825	79.978000	72.790000	3.812143	0.000000	
0.000143	0.000817	80.606000	73.470000	4.013892	0.000000	
0.000141	0.000853	80.766000	72.300000	3.939626	0.000000	
0.000131	0.000823	82.346000	73.570000	3.540279	0.000000	
0.000139	0.000730	81.146000	75.280000	4.518738	0.000000	
0.000129	0.000655	82.520000	77.980000	3.643958	0.000000	
0.000125	0.000733	83.038000	75.790000	3.823626	0.000000	
0.000119	0.000652	83.986000	78.170000	3.629222	0.000000	
0.000112	0.000629	84.734000	78.970000	3.494808	0.000000	
0.000107	0.000654	85.590000	78.660000	3.397218	0.000000	
0.000102	0.000665	86.104000	79.290000	3.528294	0.000000	
0.000104	0.000585	85.754000	80.770000	3.884816	0.000000	
0.000099	0.000641	86.738000	79.730000	3.359079	0.000000	
0.000095	0.000652	87.290000	79.390000	3.431386	0.000000	
0.000095	0.000614	87.126000	80.530000	3.690533	0.000000	
0.000089	0.000698	87.832000	78.190000	3.349462	0.000000	
0.000088	0.000664	88.074000	79.590000	3.559520	0.000000	
0.000082	0.000679	88.914000	80.180000	3.232985	0.000000	
0.000082	0.000579	88.696000	81.650000	3.744112	0.000000	
0.000080	0.000567	89.030000	82.650000	3.494982	0.000000	
0.000075	0.000572	89.936000	82.410000	3.311577	0.000000	
0.000075	0.000608	89.966000	81.490000	3.535840	0.000000	
0.000073	0.000630	89.964000	81.520000	3.601666	0.000000	
0.000073	0.000560	90.122000	82.490000	3.497510	0.000000	
0.000068	0.000606	90.530000	81.690000	3.350241	0.000000	
0.000065	0.000534	91.178000	83.810000	3.205655	0.000000	
0.000061	0.000526	91.588000	83.900000	3.217487	0.000000	
0.000060	0.000481	91.752000	85.410000	3.152966	0.000000	
0.000057	0.000531	92.328000	83.890000	3.120641	0.000000	
0.000057	0.000586	92.332000	83.120000	3.204928	0.000000	
0.000054	0.000619	92.632000	82.100000	3.121470	0.000000	
0.000053	0.000562	92.810000	84.260000	3.216042	0.000000	
0.000052	0.000698	92.904000	80.920000	3.180119	0.000000	
0.000051	0.000554	92.910000	84.020000	3.218516	0.000000	
0.000047	0.000530	93.708000	85.200000	2.979854	0.000000	
0.000043	0.000570	94.240000	84.080000	2.926657	0.000000	
0.000044	0.000699	93.926000	81.620000	3.106361	0.000000	
0.000044	0.000706	94.066000	81.840000	3.301421	0.000000	
0.000044	0.000535	94.126000	84.890000	3.302642	0.000000	
0.000042	0.000509	94.346000	85.180000	3.092541	0.000000	
0.000039	0.000601	94.662000	83.440000	2.977222	0.000000	
0.000038	0.000569	94.782000	84.910000	3.062803	0.000000	
0.000037	0.000551	94.908000	85.420000	3.051502	0.000000	
0.000038	0.000512	94.970000	85.870000	2.997779	0.000000	
0.000034	0.000506	95.266000	86.470000	2.806138	0.000000	
0.000032	0.000725	95.582000	82.320000	2.772039	0.000000	
0.000028	0.000439	96.284000	88.120000	2.468994	0.000000	
0.000019	0.000440	97.522000	88.340000	1.694114	0.000000	
0.000017	0.000436	98.008000	88.290000	1.502135	0.000000	
0.000015	0.000434	98.038000	88.440000	1.399285	0.000000	
0.000015	0.000440	98.308000	88.330000	1.401520	0.000000	
0.000014	0.000437	98.324000	88.720000	1.424688	0.000000	
0.000014	0.000441	98.394000	88.480000	1.449805	0.000000	
0.000013	0.000438	98.504000	88.480000	1.393687	0.000000	
0.000013	0.000445	98.492000	88.570000	1.405077	0.000000	
0.000012	0.000450	98.568000	88.540000	1.411425	0.000000	
0.000012	0.000451	98.554000	88.670000	1.465045	0.000000	
0.000012	0.000453	98.650000	88.450000	1.390096	0.000000	
0.000011	0.000455	98.728000	88.400000	1.349386	0.000000	
0.000010	0.000458	98.828000	88.440000	1.340345	0.000000	
0.000010	0.000458	98.794000	88.580000	1.367220	0.000000	
0.000010	0.000461	98.808000	88.370000	1.361580	0.000000	
0.000010	0.000466	98.860000	88.480000	1.343752	0.000000	
0.000009	0.000467	98.906000	88.670000	1.327973	0.000000	
0.000010	0.000471	98.874000	88.660000	1.366759	0.000000	
0.000009	0.000477	99.018000	88.280000	1.288035	0.000000	
0.000009	0.000468	98.936000	88.630000	1.293829	0.000000	
0.000009	0.000472	98.992000	88.470000	1.355050	0.000000	
0.000008	0.000475	99.042000	88.610000	1.324301	0.000000	
0.000008	0.000480	99.150000	88.530000	1.307826	0.000000	
0.000008	0.000484	99.096000	88.500000	1.329517	0.000000	
0.000008	0.000485	99.082000	88.590000	1.385725	0.000000	
0.000008	0.000484	99.122000	88.550000	1.328143	0.000000	
0.000008	0.000485	99.066000	88.460000	1.327828	0.000000	
0.000008	0.000490	99.210000	88.420000	1.318819	0.000000	
0.000008	0.000495	99.110000	88.300000	1.316645	0.000000	
0.000008	0.000497	99.202000	88.550000	1.288772	0.000000	
0.000007	0.000496	99.264000	88.490000	1.253378	0.000000	
0.000007	0.000496	99.214000	88.410000	1.337178	0.000000	
0.000007	0.000502	99.186000	88.560000	1.337348	0.000000	
0.000007	0.000500	99.210000	88.560000	1.364959	0.000000	
0.000007	0.000496	99.296000	88.730000	1.309941	0.000000	
0.000006	0.000504	99.340000	88.530000	1.262508	0.000000	
0.000006	0.000503	99.334000	88.470000	1.270391	0.000000	
0.000006	0.000510	99.406000	88.360000	1.246475	0.000000	
0.000007	0.000512	99.384000	88.470000	1.350544	0.000000	
0.000006	0.000511	99.356000	88.560000	1.218231	0.000000	
0.000006	0.000510	99.410000	88.520000	1.193711	0.000000	
0.000006	0.000508	99.460000	88.530000	1.205585	0.000000	
0.000006	0.000509	99.372000	88.540000	1.295093	0.000000	
0.000006	0.000507	99.414000	88.550000	1.173998	0.000000	
0.000005	0.000508	99.414000	88.570000	1.138918	0.000000	
0.000006	0.000508	99.368000	88.590000	1.278082	0.000000	
0.000006	0.000508	99.410000	88.500000	1.176644	0.000000	
0.000005	0.000507	99.464000	88.540000	1.190470	0.000000	
0.000006	0.000508	99.476000	88.460000	1.204910	0.000000	
0.000006	0.000511	99.482000	88.490000	1.184200	0.000000	
0.000006	0.000510	99.436000	88.500000	1.181554	0.000000	
0.000006	0.000509	99.458000	88.570000	1.198852	0.000000	
0.000005	0.000511	99.442000	88.420000	1.160029	0.000000	
0.000006	0.000510	99.448000	88.510000	1.221505	0.000000	
0.000006	0.000510	99.482000	88.650000	1.225880	0.000000	
0.000006	0.000510	99.458000	88.520000	1.179948	0.000000	
0.000006	0.000510	99.476000	88.580000	1.210894	0.000000	
0.000005	0.000511	99.538000	88.410000	1.098501	0.000000	
0.000005	0.000511	99.514000	88.550000	1.137509	0.000000	
0.000005	0.000510	99.498000	88.470000	1.168643	0.000000	
0.000006	0.000511	99.464000	88.500000	1.258362	0.000000	
0.000006	0.000511	99.396000	88.560000	1.246052	0.000000	
0.000005	0.000511	99.480000	88.610000	1.171903	0.000000	
0.000005	0.000510	99.460000	88.540000	1.118253	0.000000	
0.000005	0.000512	99.478000	88.560000	1.188322	0.000000	
0.000006	0.000513	99.470000	88.500000	1.190441	0.000000	
0.000005	0.000513	99.482000	88.620000	1.145920	0.000000	
0.000005	0.000510	99.490000	88.610000	1.160263	0.000000	
0.000005	0.000512	99.464000	88.590000	1.127266	0.000000	
