Train Loss	Valid Loss	Train Acc.	Valid Acc.	Grad Norm	Noise Record	
0.000543	0.002325	22.338000	13.500000	10.085081	0.000000	
0.000451	0.001678	34.530000	39.130000	6.041421	0.000000	
0.000392	0.001752	43.728000	38.000000	5.558287	0.000000	
0.000373	0.001708	47.558000	39.970000	8.612610	0.000000	
0.000356	0.001563	49.610000	44.400000	6.724469	0.000000	
0.000319	0.001279	55.356000	54.720000	6.800289	0.000000	
0.000290	0.001313	59.708000	54.010000	7.632990	0.000000	
0.000259	0.001127	64.286000	60.250000	6.792127	0.000000	
0.000231	0.001244	68.632000	58.640000	6.301202	0.000000	
0.000230	0.001137	68.286000	62.510000	8.025684	0.000000	
0.000204	0.000902	72.672000	69.280000	6.202759	0.000000	
0.000184	0.001160	75.080000	63.800000	5.959539	0.000000	
0.000167	0.000823	77.494000	71.550000	5.950564	0.000000	
0.000154	0.000640	79.284000	78.510000	5.500923	0.000000	
0.000142	0.000734	80.756000	75.460000	5.463352	0.000000	
0.000136	0.000668	81.492000	77.860000	6.223055	0.000000	
0.000127	0.000824	83.024000	73.780000	5.694873	0.000000	
0.000120	0.000646	83.938000	78.730000	5.569861	0.000000	
0.000112	0.000651	85.160000	78.840000	5.434569	0.000000	
0.000107	0.000609	85.374000	80.110000	5.411143	0.000000	
0.000100	0.000638	86.632000	79.560000	5.155439	0.000000	
0.000096	0.000754	87.058000	76.430000	5.214383	0.000000	
0.000092	0.000720	87.628000	77.770000	5.246216	0.000000	
0.000087	0.000588	88.452000	80.940000	5.038162	0.000000	
0.000081	0.000847	89.000000	75.180000	5.176694	0.000000	
0.000078	0.000579	89.454000	81.670000	5.087506	0.000000	
0.000075	0.000673	89.840000	79.870000	5.139934	0.000000	
0.000070	0.000497	90.596000	84.580000	4.849775	0.000000	
0.000069	0.000594	90.634000	81.950000	5.045507	0.000000	
0.000066	0.000561	91.100000	82.980000	4.926146	0.000000	
0.000063	0.000552	91.476000	83.400000	4.820263	0.000000	
0.000060	0.000589	91.802000	82.650000	4.846017	0.000000	
0.000059	0.000472	91.906000	85.640000	4.797127	0.000000	
0.000055	0.000515	92.654000	84.340000	4.505834	0.000000	
0.000051	0.000592	93.188000	82.560000	4.491945	0.000000	
0.000049	0.000488	93.454000	85.180000	4.593775	0.000000	
0.000049	0.000610	93.264000	83.290000	4.831787	0.000000	
0.000046	0.000516	93.758000	84.960000	4.594406	0.000000	
0.000042	0.000475	94.388000	86.390000	4.165508	0.000000	
0.000040	0.000489	94.500000	85.940000	4.201934	0.000000	
0.000040	0.000555	94.628000	85.130000	4.453702	0.000000	
0.000039	0.000505	94.658000	85.980000	4.362040	0.000000	
0.000037	0.000547	95.004000	84.840000	4.226830	0.000000	
0.000037	0.000719	95.046000	82.410000	4.426224	0.000000	
0.000036	0.000582	95.090000	84.530000	4.468474	0.000000	
0.000034	0.000597	95.290000	84.860000	4.212245	0.000000	
0.000034	0.000546	95.450000	85.830000	4.362255	0.000000	
0.000031	0.000623	95.688000	84.250000	4.181438	0.000000	
0.000031	0.000555	95.672000	85.040000	4.526235	0.000000	
0.000030	0.000482	95.894000	86.960000	4.153775	0.000000	
0.000027	0.000632	96.272000	84.600000	3.959882	0.000000	
0.000025	0.000490	96.618000	87.050000	3.822142	0.000000	
0.000023	0.000560	96.908000	86.410000	3.674536	0.000000	
0.000024	0.000557	96.768000	86.890000	4.046478	0.000000	
0.000023	0.000471	96.930000	87.870000	3.760026	0.000000	
0.000022	0.000501	97.076000	87.490000	3.805052	0.000000	
0.000022	0.000512	97.042000	87.530000	3.724866	0.000000	
0.000021	0.000528	97.248000	87.000000	3.887287	0.000000	
0.000022	0.000478	97.034000	88.280000	4.027252	0.000000	
0.000021	0.000564	97.150000	86.450000	3.863315	0.000000	
0.000021	0.000628	97.134000	85.500000	3.974760	0.000000	
0.000019	0.000525	97.364000	87.310000	3.573347	0.000000	
0.000017	0.000457	97.776000	88.210000	3.276003	0.000000	
0.000015	0.000601	98.030000	86.760000	3.073171	0.000000	
0.000015	0.000588	98.102000	86.690000	3.250056	0.000000	
0.000016	0.000493	97.862000	87.900000	3.595960	0.000000	
0.000016	0.000506	97.880000	88.260000	3.483790	0.000000	
0.000014	0.000590	98.110000	86.790000	3.175703	0.000000	
0.000014	0.000634	98.180000	86.190000	3.306544	0.000000	
0.000013	0.000609	98.248000	87.210000	3.142579	0.000000	
0.000012	0.000519	98.416000	88.370000	3.031201	0.000000	
0.000013	0.000696	98.306000	85.600000	3.127094	0.000000	
0.000012	0.000548	98.334000	87.850000	3.187978	0.000000	
0.000012	0.000600	98.410000	87.110000	3.059762	0.000000	
0.000012	0.000479	98.418000	89.430000	3.182121	0.000000	
0.000012	0.000597	98.448000	87.300000	3.221714	0.000000	
0.000011	0.000639	98.508000	86.450000	3.073694	0.000000	
0.000011	0.000552	98.506000	88.020000	3.161073	0.000000	
0.000011	0.000558	98.580000	88.580000	3.055849	0.000000	
0.000010	0.000525	98.674000	88.880000	2.902793	0.000000	
0.000007	0.000440	99.026000	90.410000	2.291677	0.000000	
0.000005	0.000413	99.450000	90.480000	1.732815	0.000000	
0.000004	0.000405	99.612000	90.630000	1.432960	0.000000	
0.000003	0.000404	99.686000	90.910000	1.254988	0.000000	
0.000003	0.000405	99.728000	90.930000	1.282179	0.000000	
0.000003	0.000407	99.786000	91.050000	1.280939	0.000000	
0.000003	0.000406	99.784000	90.910000	1.125565	0.000000	
0.000003	0.000404	99.766000	91.020000	1.259467	0.000000	
0.000003	0.000403	99.794000	90.930000	1.095101	0.000000	
0.000003	0.000406	99.788000	90.990000	1.207737	0.000000	
0.000002	0.000405	99.792000	91.080000	1.106957	0.000000	
0.000002	0.000405	99.828000	91.010000	1.035291	0.000000	
0.000002	0.000410	99.840000	91.150000	1.024459	0.000000	
0.000002	0.000409	99.852000	91.060000	0.982631	0.000000	
0.000002	0.000409	99.826000	91.110000	1.049523	0.000000	
0.000002	0.000409	99.870000	91.110000	0.958491	0.000000	
0.000002	0.000407	99.872000	91.170000	0.921104	0.000000	
0.000002	0.000406	99.878000	91.020000	0.970450	0.000000	
0.000002	0.000406	99.822000	91.140000	1.085062	0.000000	
0.000002	0.000412	99.868000	91.030000	0.962806	0.000000	
0.000002	0.000409	99.860000	91.160000	0.904767	0.000000	
0.000002	0.000408	99.866000	91.220000	0.991053	0.000000	
0.000002	0.000411	99.888000	91.240000	0.947423	0.000000	
0.000002	0.000412	99.890000	91.260000	0.893950	0.000000	
0.000002	0.000411	99.888000	91.100000	0.919226	0.000000	
0.000002	0.000410	99.892000	91.140000	0.906735	0.000000	
0.000002	0.000409	99.904000	91.200000	0.938223	0.000000	
0.000002	0.000409	99.888000	91.280000	0.884461	0.000000	
0.000002	0.000412	99.908000	91.250000	0.958580	0.000000	
0.000002	0.000415	99.904000	91.060000	0.933218	0.000000	
0.000002	0.000417	99.878000	91.150000	0.944694	0.000000	
0.000001	0.000414	99.928000	91.170000	0.856499	0.000000	
0.000001	0.000415	99.908000	91.180000	0.823326	0.000000	
0.000002	0.000418	99.906000	91.160000	0.896371	0.000000	
0.000001	0.000415	99.902000	91.110000	0.856476	0.000000	
0.000001	0.000416	99.914000	91.090000	0.817343	0.000000	
0.000001	0.000417	99.902000	91.070000	0.803504	0.000000	
0.000001	0.000416	99.930000	91.230000	0.743627	0.000000	
0.000002	0.000417	99.906000	91.100000	0.953077	0.000000	
0.000001	0.000418	99.908000	91.220000	0.803570	0.000000	
0.000001	0.000417	99.918000	91.260000	0.812202	0.000000	
0.000001	0.000415	99.954000	91.200000	0.800326	0.000000	
0.000001	0.000415	99.952000	91.190000	0.655445	0.000000	
0.000001	0.000416	99.942000	91.200000	0.870685	0.000000	
0.000001	0.000417	99.934000	91.150000	0.876803	0.000000	
0.000001	0.000415	99.924000	91.150000	0.827515	0.000000	
0.000001	0.000415	99.932000	91.170000	0.796610	0.000000	
0.000001	0.000416	99.940000	91.240000	0.743100	0.000000	
0.000001	0.000414	99.914000	91.260000	0.736292	0.000000	
0.000001	0.000417	99.950000	91.190000	0.756069	0.000000	
0.000001	0.000418	99.924000	91.100000	0.807443	0.000000	
0.000001	0.000419	99.938000	91.140000	0.724197	0.000000	
0.000001	0.000417	99.924000	91.120000	0.785155	0.000000	
0.000001	0.000416	99.952000	91.210000	0.716200	0.000000	
0.000001	0.000414	99.952000	91.110000	0.758522	0.000000	
0.000001	0.000414	99.926000	91.160000	0.890308	0.000000	
0.000001	0.000413	99.948000	91.180000	0.710695	0.000000	
0.000001	0.000414	99.950000	91.240000	0.757561	0.000000	
0.000001	0.000415	99.932000	91.200000	0.746062	0.000000	
0.000001	0.000415	99.938000	91.170000	0.764916	0.000000	
0.000001	0.000418	99.944000	91.190000	0.738358	0.000000	
0.000001	0.000417	99.950000	91.120000	0.740258	0.000000	
0.000001	0.000414	99.956000	91.190000	0.710095	0.000000	
0.000001	0.000416	99.936000	91.240000	0.710833	0.000000	
0.000001	0.000416	99.958000	91.140000	0.658027	0.000000	
0.000001	0.000417	99.932000	91.150000	0.802639	0.000000	
0.000001	0.000418	99.928000	91.150000	0.763781	0.000000	
0.000001	0.000416	99.954000	91.160000	0.637157	0.000000	
0.000001	0.000415	99.928000	91.250000	0.831624	0.000000	
0.000001	0.000416	99.932000	91.200000	0.751003	0.000000	
