Train Loss	Valid Loss	Train Acc.	Valid Acc.	Grad Norm	Noise Record	
0.000336	0.002293	18.000000	15.340000	15.053934	0.000001	
0.000332	0.126034	16.468000	10.000000	5.253686	0.000001	
0.000279	0.012134	24.284000	11.240000	2.815035	0.000001	
0.000262	0.002854	28.806000	13.450000	2.138248	0.000001	
0.000249	0.002023	32.738000	26.680000	2.643169	0.000001	
0.000240	0.001740	35.184000	34.580000	2.880029	0.000001	
0.000231	0.001752	37.486000	34.520000	2.874008	0.000001	
0.000224	0.001656	39.924000	38.720000	3.293131	0.000001	
0.000217	0.001593	42.546000	40.690000	3.976235	0.000001	
0.000210	0.001636	44.020000	39.420000	4.280860	0.000001	
0.000205	0.001646	45.736000	40.370000	4.702997	0.000001	
0.000199	0.001585	47.538000	40.370000	4.735603	0.000001	
0.000196	0.001406	48.094000	48.140000	5.790136	0.000001	
0.000187	0.001558	50.710000	45.480000	4.472925	0.000001	
0.000184	0.001643	51.626000	44.410000	5.642326	0.000001	
0.000180	0.001327	53.008000	52.300000	6.074927	0.000001	
0.000170	0.001677	55.884000	43.720000	4.661259	0.000001	
0.000191	0.001542	50.574000	44.320000	6.924443	0.000001	
0.000180	0.001334	53.034000	52.590000	4.096927	0.000001	
0.000173	0.001367	54.676000	51.180000	5.596281	0.000001	
0.000166	0.001205	57.692000	56.520000	4.877942	0.000001	
0.000155	0.001164	60.260000	57.820000	4.493691	0.000001	
0.000152	0.001125	60.838000	59.870000	5.532427	0.000001	
0.000145	0.001250	62.778000	56.510000	5.152548	0.000001	
0.000138	0.001111	64.798000	60.560000	4.839710	0.000001	
0.000134	0.001068	65.602000	62.440000	5.425981	0.000001	
0.000127	0.001101	67.936000	61.910000	4.975658	0.000001	
0.000127	0.001028	67.892000	64.650000	6.324528	0.000001	
0.000121	0.001196	68.914000	59.910000	5.485167	0.000001	
0.000118	0.000978	70.102000	66.430000	5.176388	0.000001	
0.000111	0.001051	71.244000	65.070000	5.238253	0.000001	
0.000110	0.001066	72.310000	64.330000	5.465840	0.000001	
0.000106	0.000990	73.058000	65.880000	5.239989	0.000001	
0.000106	0.001070	72.912000	64.280000	6.037180	0.000001	
0.000101	0.000835	74.382000	71.260000	5.242928	0.000001	
0.000095	0.000825	75.804000	72.270000	4.629489	0.000001	
0.000093	0.000925	76.748000	68.810000	4.616612	0.000001	
0.000092	0.000808	76.862000	72.080000	5.441936	0.000001	
0.000089	0.000845	77.462000	71.490000	4.656508	0.000001	
0.000086	0.000798	78.066000	73.390000	4.868072	0.000001	
0.000086	0.000946	78.264000	69.910000	5.268197	0.000001	
0.000082	0.000790	78.986000	73.680000	4.768546	0.000001	
0.000079	0.000692	80.154000	76.350000	4.556744	0.000001	
0.000075	0.000778	80.956000	73.760000	4.432170	0.000001	
0.000073	0.000804	81.358000	74.460000	4.777087	0.000001	
0.000071	0.000758	81.644000	75.010000	4.468127	0.000001	
0.000071	0.000636	82.576000	78.460000	4.444820	0.000001	
0.000068	0.000738	83.034000	74.680000	4.246087	0.000001	
0.000066	0.000674	83.262000	77.810000	4.407282	0.000001	
0.000063	0.000751	84.082000	75.270000	4.627092	0.000001	
0.000068	0.000793	82.808000	74.270000	5.436805	0.000001	
0.000064	0.000729	83.710000	76.210000	4.773901	0.000001	
0.000060	0.000629	84.652000	79.170000	4.223061	0.000001	
0.000056	0.000673	85.812000	77.690000	3.788724	0.000001	
0.000053	0.000612	86.466000	80.240000	3.564029	0.000001	
0.000053	0.000633	86.882000	79.840000	4.004323	0.000001	
0.000052	0.000618	86.692000	80.370000	4.381275	0.000001	
0.000052	0.000612	86.982000	79.320000	4.573458	0.000001	
0.000050	0.000568	87.390000	81.620000	4.135108	0.000001	
0.000047	0.000622	88.012000	79.860000	3.911372	0.000001	
0.000045	0.000580	88.352000	81.670000	3.893052	0.000001	
0.000043	0.000593	89.200000	81.230000	3.673230	0.000001	
0.000045	0.000644	88.650000	79.790000	4.275550	0.000001	
0.000043	0.000569	88.894000	82.120000	4.321253	0.000001	
0.000042	0.000577	89.552000	81.690000	3.770230	0.000001	
0.000039	0.000531	90.082000	83.550000	3.509790	0.000001	
0.000039	0.000645	90.142000	81.010000	3.990104	0.000001	
0.000039	0.000565	90.152000	83.060000	4.186573	0.000001	
0.000038	0.000568	90.592000	82.510000	3.705345	0.000001	
0.000036	0.000613	90.698000	81.510000	3.688886	0.000001	
0.000035	0.000493	90.858000	84.460000	4.018568	0.000001	
0.000033	0.000544	91.698000	83.250000	3.693244	0.000001	
0.000032	0.000592	91.658000	82.860000	3.700451	0.000001	
0.000032	0.000627	91.916000	82.400000	3.845763	0.000001	
0.000033	0.000602	91.810000	82.730000	4.182584	0.000001	
0.000032	0.000563	91.986000	83.230000	4.167561	0.000001	
0.000031	0.000698	92.056000	80.200000	3.774128	0.000001	
0.000031	0.000636	92.190000	81.890000	3.841896	0.000001	
0.000030	0.000568	92.144000	83.430000	3.932624	0.000001	
0.000030	0.000648	92.390000	82.380000	4.007111	0.000001	
0.000025	0.000425	93.588000	87.230000	3.073004	0.000000	
0.000022	0.000395	94.950000	87.900000	2.339642	0.000000	
0.000020	0.000383	95.214000	88.130000	2.128911	0.000000	
0.000018	0.000378	95.574000	88.180000	2.049668	0.000000	
0.000018	0.000376	95.902000	88.370000	1.915207	0.000000	
0.000017	0.000376	95.940000	88.410000	1.877390	0.000000	
0.000016	0.000377	96.170000	88.370000	1.840258	0.000000	
0.000016	0.000376	96.324000	88.410000	1.981774	0.000000	
0.000015	0.000378	96.436000	88.440000	1.882526	0.000000	
0.000015	0.000382	96.476000	88.390000	1.906981	0.000000	
0.000015	0.000381	96.446000	88.510000	1.960063	0.000000	
0.000015	0.000383	96.580000	88.470000	1.866135	0.000000	
0.000015	0.000389	96.654000	88.310000	1.880828	0.000000	
0.000014	0.000385	96.784000	88.560000	1.931612	0.000000	
0.000014	0.000386	96.812000	88.600000	1.974061	0.000000	
0.000014	0.000388	96.894000	88.470000	1.974050	0.000000	
0.000013	0.000390	97.020000	88.540000	1.823917	0.000000	
0.000013	0.000395	96.940000	88.510000	1.889460	0.000000	
0.000013	0.000391	97.044000	88.470000	2.012930	0.000000	
0.000012	0.000392	97.184000	88.740000	1.947087	0.000000	
0.000012	0.000390	97.180000	88.450000	1.824717	0.000000	
0.000013	0.000396	97.158000	88.450000	2.051685	0.000000	
0.000012	0.000396	97.254000	88.440000	1.939253	0.000000	
0.000012	0.000396	97.366000	88.580000	2.002402	0.000000	
0.000012	0.000401	97.306000	88.490000	2.000054	0.000000	
0.000012	0.000402	97.350000	88.470000	2.032579	0.000000	
0.000012	0.000400	97.398000	88.630000	2.055426	0.000000	
0.000011	0.000402	97.484000	88.410000	1.980433	0.000000	
0.000011	0.000401	97.564000	88.510000	2.008316	0.000000	
0.000011	0.000405	97.542000	88.540000	2.011173	0.000000	
0.000011	0.000410	97.620000	88.270000	1.960982	0.000000	
0.000010	0.000410	97.584000	88.380000	1.959302	0.000000	
0.000010	0.000406	97.762000	88.710000	1.989413	0.000000	
0.000010	0.000412	97.734000	88.420000	2.020271	0.000000	
0.000010	0.000410	97.756000	88.570000	2.111886	0.000000	
0.000010	0.000411	97.748000	88.460000	2.115791	0.000000	
0.000010	0.000418	97.706000	88.690000	2.134182	0.000000	
0.000010	0.000416	97.842000	88.510000	2.043446	0.000000	
0.000010	0.000417	97.906000	88.550000	2.132038	0.000000	
0.000009	0.000427	97.936000	88.450000	1.996278	0.000000	
0.000009	0.000420	97.972000	88.640000	1.827317	0.000000	
0.000009	0.000418	97.976000	88.630000	1.889956	0.000000	
0.000009	0.000417	98.062000	88.620000	1.810448	0.000000	
0.000009	0.000417	98.038000	88.720000	1.877526	0.000000	
0.000009	0.000416	97.952000	88.790000	1.871974	0.000000	
0.000009	0.000416	98.104000	88.770000	1.900719	0.000000	
0.000009	0.000415	98.084000	88.710000	1.882936	0.000000	
0.000009	0.000415	98.196000	88.770000	1.854748	0.000000	
0.000009	0.000414	98.244000	88.760000	1.852010	0.000000	
0.000009	0.000416	98.084000	88.700000	1.892200	0.000000	
0.000009	0.000416	98.156000	88.630000	1.745971	0.000000	
0.000009	0.000416	98.148000	88.670000	1.849107	0.000000	
0.000008	0.000416	98.204000	88.580000	1.789819	0.000000	
0.000009	0.000416	98.208000	88.560000	1.891586	0.000000	
0.000009	0.000415	98.196000	88.650000	1.876269	0.000000	
0.000009	0.000414	98.188000	88.670000	1.868624	0.000000	
0.000009	0.000415	98.306000	88.740000	1.802794	0.000000	
0.000009	0.000415	98.172000	88.740000	1.850599	0.000000	
0.000009	0.000415	98.138000	88.810000	1.726450	0.000000	
0.000008	0.000415	98.202000	88.720000	1.800633	0.000000	
0.000008	0.000415	98.256000	88.730000	1.804442	0.000000	
0.000009	0.000414	98.196000	88.680000	1.961787	0.000000	
0.000009	0.000416	98.166000	88.710000	1.985022	0.000000	
0.000009	0.000416	98.188000	88.740000	1.813126	0.000000	
0.000008	0.000415	98.284000	88.780000	1.643982	0.000000	
0.000009	0.000415	98.164000	88.750000	1.897248	0.000000	
0.000008	0.000416	98.148000	88.680000	1.759057	0.000000	
0.000009	0.000416	98.246000	88.700000	1.834547	0.000000	
0.000008	0.000416	98.300000	88.690000	1.781538	0.000000	
0.000008	0.000415	98.204000	88.740000	1.753815	0.000000	
