47.50535522364693
26.75392694939875
21.03661649215723
17.906054537589082
15.948776441411306
14.476881257319267
13.276627016451618
12.429319477636975
11.713958886352966
11.0689527626899
10.459950125384852
10.029481588028865
9.65024580909838
9.308386139478523
9.018753675536761
8.804519284726497
8.533346745669643
8.33294238534108
8.162301700900096
7.9318790539917785
7.846457405771325
7.68315136855284
7.540954109382537
7.371149262048123
7.2280197911151
7.135072479920707
7.032016644036631
6.953528462553232
6.8473153538034826
6.742053887240651
6.6497432764790645
6.594917339534969
6.51593668609415
6.401403298283202
6.3272886008051525
6.313230884528456
6.201392594998017
6.187190127018375
6.090277096204807
6.053735468770848
6.008720234113678
5.929608642294572
5.844801924321646
5.841734242254079
5.806541755260578
5.733926930813743
5.685891487319749
5.663414794019763
5.642459447037792
5.580919466059674
5.552795717190709
5.496200487904257
5.506907926523839
5.458318195701937
5.409986881871874
5.35181047877998
5.322621523290933
5.331130746723014
5.328459104102664
5.245212937615726
5.18058518367632
5.1845535599194115
5.139365996303539
5.127546907894997
5.103377659902672
5.104088717737772
5.047716801352244
5.027384687116337
5.002929761642443
4.976614564481684
5.002733388714452
4.978947399060408
4.9085626407885075
4.9132355602802935
4.858209177125137
4.873428557894105
4.844347829389071
4.819648302559509
4.811018616491766
4.789943640938571
4.760278166965794
4.7417658760320425
4.734934816752755
4.74018893304488
4.698815416073012
4.666053853588371
4.6596037643312265
4.6139490694092045
4.618755295739028
4.639325324817533
4.616861770544505
4.603031157807502
4.575218279456841
4.549123074893947
4.5217674994573605
4.506295969557125
4.50727795302848
4.506144110423949
4.493067524973827
4.470730797026308
4.4623253273512855
4.439960871868657
4.3969562538829425
4.40189221440245
4.388940584541005
4.394826167591467
4.3740090562973
4.400716918728983
4.340076055615915
4.348617548353533
4.348324231288591
4.306781893966207
4.349780596159426
4.2993916795534615
4.281656630422443
4.287856166748535
4.274377127788443
4.226960405103811
4.2485796580552115
4.237038706924215
4.214133230905987
4.208252667744043
4.190166830317123
4.176989185820931
4.175606192419821
4.186814246376166
4.1736921699910265
4.135473715117962
4.1682443441523045
4.1803737892099875
4.1508573346959174
4.117988497957592
4.165237369648685
4.1212574975438745
4.107463368203494
4.085250474351703
4.078798330505525
4.086067540768316
4.057773027682674
4.07009086495078
4.008253163196537
4.058487900869443
4.058819977918274
4.0292735950568375
4.05450763749135
3.9968288900502587
4.008431497761765
4.0087914845680315
4.010163004457731
4.005886569951096
3.9565321133063236
3.9828619111318844
3.9720923326292734
3.986053337151204
3.947935959648747
3.9363939986987666
3.9506341199399264
3.936719308003661
3.936669044654767
3.920924799965976
3.9065211796852237
3.8670841812089143
3.893912869235207
3.8924570181191784
3.8893083215276354
3.8773242027370274
3.8881138112254794
3.8575069813292577
3.846411901330849
3.8508259240886664
3.878263673742712
3.863589786838774
3.8245204485147495
3.8434461976646306
3.8197476023183343
3.8380440668187155
3.8336045667328924
3.813176801334361
3.820957965017621
3.786433757609635
3.8282137948758326
3.815312508294915
3.815806550875346
3.8050699700391633
3.7706566517981357
3.7685038098304795
3.7999203187076076
3.7738862097021397
3.7848437342370516
3.7599591594294375
3.7685703864044293
3.7614178378521474
3.7682488994845946
3.733036067504321
3.7256971771324765
3.7164749227205656
3.7236101036139138
3.700849623125021
3.7343079004634134
3.7436634866569647
3.701361333064211
3.700551123857539
3.7090927053570626
3.701949608012505
3.7029554187098
3.691071606715179
3.693928990077162
3.6802190849181584
3.6488738657436164
3.6992650164697176
3.671444974691402
3.645639906519301
3.6734289215982088
3.6641061796069643
3.667590187801534
3.6581754162418676
3.6374102048164696
3.6137602937376014
3.663436775000092
3.615562705320741
3.640226785374665
3.6608139924375704
3.6240906992682143
3.6116492376083422
3.6603123372001205
3.604065076731368
3.6140667554377854
3.5955618742266418
3.5827516485483164
3.6052420343808045
3.5940951036927844
3.60280308119708
3.6084979561504036
3.587050739935401
3.5690489094643567
3.5934719933872374
3.5804741643110836
3.5518561171461167
3.58564282559061
3.547560537960483
3.5362096411926145
3.531767289741514
3.5189755911283562
3.552648613492753
3.5703851882278235
3.5231336521717096
3.5516595317267674
3.5202657656739325
3.5251726881412973
3.4913992224186368
3.548345464617563
3.5408810176173207
3.5228383962725927
3.4988966261808967
3.5128910610373287
3.5176811203152014
3.5146571360877976
3.501922637217956
3.4858550300867472
3.4647117734176285
3.4736770947861224
3.5115348376134214
3.491111160386545
3.468771564566029
3.4772893803700264
3.4856680232173467
3.4830320339409164
3.4833701967205477
3.4569944113510447
3.4554759222280387
3.4814712613357486
3.4492863814441166
3.4700542509647425
3.4797216747102615
3.4769821276078736
3.4473716815026103
3.437809091988697
3.4492949399552173
3.4547397357711267
3.428481062065875
3.4342730030833275
3.4175881780341157
3.4420948037151553
3.4032828391975527
3.413966424824765
3.4287993574161346
3.4134701728728567
3.427060208875486
3.4056846253453466
3.4243516707213693
3.4088426898851614
3.398111226428859
3.3988693772056466
3.427571681416726
3.401278379947159
3.4054932504335014
3.396449569443108
3.3826076508570333
3.3749155444955554
3.415189985639614
3.392722975855308
3.381585153132504
3.3709928922399497
3.381428332736958
3.386749506582988
3.3940768584465575
3.3739197191401287
3.344312824124472
3.3745534505547887
3.343226708767309
3.3611299194834507
3.3780805889168795
3.369060524762258
3.345358119183458
3.3485768985087305
3.339344883159396
3.3610610543538852
3.364006824072247
3.356911091273043
3.370287990755984
3.355872891033756
3.3402863263826155
3.3490202128055486
3.339999587409681
3.3558982816030154
3.3273622130261353
3.3198773353882722
3.335741112806572
3.3296127578014754
3.340252044949735
3.306911369564175
3.3237477937559006
3.322968978804048
3.298146992566931
3.325455296524429
3.3418470546122476
3.3080645299320373
3.298859689650326
3.3236707213861045
3.3138619516757446
3.303401091709272
3.315789536337969
3.2829722777606944
3.290025563414928
3.280726174402145
3.3009722209569374
3.3035124409440373
3.27991178738096
3.2999462326639097
3.316470066247674
3.2867782757184423
3.2892081344175566
3.290016020142999
3.3049862322105845
3.2735685784165605
3.2787817265330794
3.2940204218353153
3.262136855830157
3.2774537095743965
3.273466887486755
3.2465335218342006
3.2752131796444126
3.2804306292633454
3.25382169248262
3.286208713726765
3.2980489551028507
3.2706305598673113
3.2700558439622016
3.2731694832130622
3.2553581618551894
3.236027491872816
3.2630213111194513
3.2544474197230597
3.2548008509119084
3.2472958056281316
3.255210292057966
3.238234962154057
3.2552691247147494
3.226728234197728
3.2325826898493597
3.20669381220411
3.2479642053528615
3.2432664210490847
3.223740629589849
3.2362851767830727
3.237314095135596
3.2210523406402025
3.2399894063007553
3.2148725968893856
3.2067591041269394
3.2208361234020457
3.2147997022618866
3.2137491287144853
3.2380743969331354
3.2153619205938107
3.2230873175266224
3.2230495022382386
3.2100365519960206
3.2111284337877692
3.2296267025630057
3.2000324368429753
3.209629989712429
3.22099810778748
3.195422529578405
3.2097465745143756
3.21187580070045
3.1957225977752244
3.1998577513913844
3.1900109492076303
3.1835971472476223
3.189567797612103
3.1988375002448515
3.1827166134355194
3.1978721840406172
3.162292214775919
3.1857966521668226
3.1673606204292835
3.1844430137712023
3.1751742622889627
3.175682861828963
3.1755967647933283
3.1800456365117404
3.1710048345385466
3.1734678771572846
3.1919619338994045
3.156452408000105
3.1649737266658606
3.174461918023124
3.161529848376837
3.1584140649437895
3.1609773430239074
3.156678177895544
3.1668150444510728
3.1901881313694984
3.1742818955791328
3.1610972549502208
3.1734324066958446
3.1676672273139648
3.175635635529142
3.1679381445727066
3.161785015453741
3.1726780666653016
3.141568700508455
3.151988994710422
3.139215426087591
3.1558994630282613
3.1534327989214748
3.147518227272796
3.159495714213677
3.1736538120285553
3.1276246709614015
3.12518248100259
3.138609485937457
3.1216959337276653
3.1114659646527087
3.11782612578341
3.1361035409702973
3.1171110154098707
3.116968417273001
3.138805869541474
3.1381529647192634
3.137006352395969
3.114901562573352
3.139322548759442
3.118205410233363
3.127998349079321
3.1385617249664337
3.143675878295506
3.1404165597841596
3.116077533343859
3.1440763480481926
3.118962991001183
3.129174360273264
3.1284688540058414
3.1154592360436313
3.1274013857660803
3.1092524045928847
3.1265425697028824
3.098523330490848
3.10529750635662
3.102315186110183
3.13468339161185
3.0819034924464317
3.120583267617376
3.1319292131582994
3.098516466798273
3.1143078917812113
3.0970619621988873
3.109813659685632
3.093241712719828
3.098454508730394
3.1174454962234104
3.0943416175231526
3.0996315772899403
3.0979753034054434
3.106707537252301
3.102673304771415
3.0857905738887084
3.0807130470143
3.0735378122145187
47.18875080230781
26.328020619584333
20.596294542285133
17.722117875700327
15.793294430375251
14.321457861398537
13.270477754037994
12.36088413104474
11.580636680089814
11.004611754304124
10.597678893244694
10.02496785710768
9.615967014213428
9.254996681379719
9.014634470634123
8.759312888519755
8.540958190102263
8.337457472099008
8.14417676995468
7.975571611876097
7.747559858922868
7.64755976475948
7.490269751128507
7.364506359487336
7.202828398112112
7.117736370083176
6.955478760443434
6.953457007996343
6.79852951244
6.739427894372083
6.643536552874307
6.553353299426767
6.471040903709356
6.407491909891588
6.289303263909259
6.24467751551547
6.1546560092559925
6.166862595096023
6.070730272515528
6.071738103555435
5.938463009342607
5.945749599083529
5.898056514878852
5.783665624439282
5.750009547020266
5.684440888356212
5.6967143489554335
5.62105696808502
5.5817586053627055
5.513108691556978
5.469292719861697
5.435293034582521
5.424874835485193
5.342252657170374
5.344320751135228
5.313094278553943
5.304561706741439
5.22662393916617
5.225256935340466
5.174730641068569
5.194476574840325
5.151476681353834
5.113764840227944
5.049042889973146
5.081651599801935
5.056690726448807
5.020115973693996
4.960489848503445
4.952431198922949
4.91732812729242
4.871456973740459
4.890145308754807
4.893649805482747
4.834977512141504
4.8526603658802
4.828431771064147
4.797869425454207
4.771969030234175
4.743979500862176
4.721612236720083
4.678650211250292
4.731582736899995
4.66405224245063
4.652250536566295
4.626048426524001
4.610002059024218
4.612796508691478
4.5950911172432
4.580376994442654
4.559712996192568
4.5513674246191
4.516465584930568
4.529624481681632
4.508560399010081
4.499375495032704
4.479943069194487
4.434914545712938
4.470904089546356
4.429384937151445
4.413281425726231
4.434876279059177
4.37727333816408
4.371203362004694
4.3451679664495915
4.339304149413946
4.343761279789999
4.364812467567535
4.327927408189053
4.294297248684732
4.297923413478362
4.269565312853392
4.249361344482336
4.256885608709266
4.242174384177868
4.2591528257920395
4.193853017958945
4.2016065546073875
4.169183752918574
4.189735302911747
4.176912956890046
4.161293281808127
4.137304752734949
4.154252762415642
4.117387500293872
4.134145056347807
4.129851174906815
4.10438750897747
4.089792399309552
4.10473539400312
4.1042107166111945
4.072561331995856
4.076972456424314
4.065371419145356
4.0525198093485
4.069503091193924
4.054744032630979
4.036539562102474
4.0286980969803405
4.0266069513385885
4.0152683080532
3.989069774394738
3.9703448127393957
3.9541378784810632
3.9775866596855094
3.969018529545361
3.9574033322079267
3.969519145918304
3.9481777477822453
3.9261965770626555
3.928902864807789
3.9150998690934777
3.9576929736513535
3.904827248607705
3.9134426370025777
3.9073226547548465
3.881761079040993
3.877943231199964
3.9070200993962003
3.8781193990867293
3.8873180242049523
3.8801505030813166
3.8391864246455922
3.8240944178583405
3.823372145604342
3.7913057758779067
3.839264474603234
3.831029791454511
3.838782599935599
3.819839439020992
3.7854809285883797
3.8030087966430566
3.7943584187466564
3.801010784003288
3.757066759140492
3.793943110908642
3.753011540252333
3.791856497710808
3.7909538695655223
3.761947269884731
3.744314545462891
3.7147192335181467
3.758154150918511
3.73905361352557
3.727471958102119
3.7578988089170395
3.7214695570165355
3.7145933030322658
3.749550634044108
3.71541712824188
3.6755110072391597
3.69086471818506
3.6881588145177746
3.6852384204617827
3.6856711357938208
3.6916599909575014
3.662274300381811
3.669965070991272
3.6290040932780983
3.667027236079439
3.6884185138270276
3.655323217574017
3.658302438756459
3.649792573496889
3.644874658034716
3.627970298151994
3.6329751227104206
3.640447752424054
3.6404417866567558
3.642605231197693
3.6326498201020874
3.5865413537204214
3.593349163241043
3.627170508666451
3.5997896035470753
3.6163764244632888
3.633234922616964
3.5938473077105426
3.576556933206723
3.572588201286334
3.5389407099832106
3.5937638893079695
3.5782601748241554
3.579715169367558
3.5520557672224955
3.553952714264459
3.528872040865779
3.5527844962579045
3.556397126127417
3.5397522958190004
3.553842525965494
3.529478625617319
3.533978201026886
3.5546201394924375
3.5270824147361743
3.5362848454686273
3.557853834641361
3.5318480498871985
3.5213577766662154
3.527637775845078
3.505906267645711
3.5057789849768817
3.4991248749697683
3.5334399339092935
3.5080194954988735
3.4914322527798456
3.516901653068132
3.490020409633231
3.5154516948376235
3.4855666730256516
3.490365050644038
3.484684783654263
3.4810131749679014
3.4589964018767154
3.48102178411247
3.4585201456503634
3.4785675617730725
3.4792231291009665
3.462991802720172
3.4345336537960534
3.4243254723633663
3.437921675507738
3.433291900265028
3.4395973730223828
3.409755403292695
3.453898498811713
3.4569312887916275
3.452929351961521
3.4130426709089106
3.4123526719492268
3.442802879154646
3.413185600931495
3.425590706084853
3.41918191809856
3.3911784971246393
3.4147710559800992
3.4234357588961535
3.397162502012943
3.382296997924822
3.3954060092072673
3.3652407602640233
3.372526809002225
3.3871924670051543
3.4277477574211623
3.3693166911082435
3.3858275446638104
3.378527267822817
3.363310406088138
3.3617439786490926
3.3574187857719067
3.3661269301995715
3.3373345406214114
3.3885047360688736
3.3825005058445043
3.3562754224139475
3.374795562455231
3.3309500114165482
3.3436116946028234
3.364499584643526
3.343901944541033
3.361045424887944
3.3554408373242017
3.3451971452740175
3.322511425388896
3.299948037259098
3.338758731545935
3.326709300660171
3.3191832876617062
3.327199847826523
3.339513225413498
3.3193774625489354
3.3410348167180004
3.3207420444190014
3.3094474509906946
3.313431451893245
3.2929852172207625
3.329817206783659
3.311937259452177
3.290462085860566
3.2971541342557145
3.311320778150898
3.3073709184525684
3.322924402465066
3.3147198644893705
3.3094421742147184
3.283966278378285
3.271577415033093
3.272910270837822
3.2913527891177097
3.2836755532508866
3.2764681607541943
3.251680001546616
3.2688929557233948
3.2605551907851726
3.291104800245196
3.2600826992209995
3.286289808674706
3.302344539968619
3.2536768925566144
3.260890050711425
3.2779683382627147
3.2543146075428746
3.26754458771077
3.276093869761211
3.252229543393713
3.240163387979962
3.2619244163218317
3.241137865027472
3.2415190831109997
3.242894193597698
3.21334349887062
3.237676850725388
3.2302630784104123
3.218316527842524
3.2496200224275498
3.223888873103173
3.204353316498016
3.2423584507925947
3.247237471237623
3.221615764421416
3.230463389234335
3.208603320384667
3.2385703494391462
3.2280394769603715
3.2358805268298476
3.2179921520766626
3.208254408162811
3.2094705074764134
3.2160047377020433
3.2298907300272846
3.2064713266812412
3.2055208812139346
3.226630889278554
3.2182101753144927
3.18959961623651
3.192575899494554
3.198627756134054
3.197292874353361
3.220988507388848
3.210512118054338
3.195416903323244
3.201527868648489
3.2232505280170805
3.1829115380897974
3.157621057064623
3.220343945562862
3.187449889498049
3.1669767225333176
3.1927161440412077
3.199882532280475
3.1665759035746
3.18354902549252
3.174536232076001
3.180450881853253
3.1537278403982176
3.1566257876939567
3.1961534574557016
3.1715840503613264
3.156275520440328
3.167434417870594
3.1511464256993316
3.149793949666916
3.1578705696518945
3.151896289540962
3.151704171977662
3.1571002662408354
3.158502163952954
3.1578303153071743
3.1638656272189793
3.1711009726275647
3.1392264384119732
3.1451357682915577
3.1283472535807326
3.1466244358696067
3.146315661575253
3.1405518925978817
3.1211967643759997
3.145417002248068
3.1491030178637103
3.1248294762792326
3.136811299392464
3.1274352015524562
3.1336325037416928
3.12102029139979
3.1379031794794043
3.1027786424217227
3.1374417772312895
3.1077179696834016
3.141145713058767
3.137919578670316
3.120500748285649
3.1417132833035617
3.1140197644880985
3.112803163841113
3.1174324837234764
3.1200992760127297
3.120200933546065
3.1328620200137736
3.1078597360160067
3.123008421980882
3.119885833171415
3.0932103439837513
3.110161641691705
3.1168598064095563
3.12387454918667
3.1075920799556074
3.1350013295983707
3.116665290852196
3.109069811141712
3.088868291102135
3.1021380955753655
3.074952871849983
3.0815097063938217
3.077207368063727
3.0891325399612435
3.099708057626225
3.087584199824253
3.0994403026698856
3.0630707373351123
3.0850671024895506
3.0987020708647064
3.089094025311683
3.0787448679250438
3.0595854364113366
3.086831201941243
3.0795883691221833
3.082855602425478
3.0776531393809954
3.0595512369322035
3.090543525597217
3.07779598501748
3.065632606468449
3.0614251526085456
3.0551516640866394
3.081346864449125
3.05557791238757
3.076006471779823
3.0432813657671067
3.084234433891359
3.0709629144495927
3.0676802661061253
3.068030866789255
3.08199553609314
3.074637267471247
3.056367559537777
3.0642694479709567
3.0602874292927895
3.0399322334547443
3.048632053593569
3.042632752656402
3.0249989129623716
3.0498177437894336
3.031566373803309
3.0655482176965796
3.0392133814456814
3.055204585976189
3.0651337652728823
3.0315530366188423
3.068406160244723
3.0184712074903493
3.0231438071988403
48.84441415960994
27.798138594753944
21.75926383168314
18.549571916427276
16.584577907048857
14.953938701536586
13.880944910238862
13.041931189949702
12.248053929024914
11.489548422139526
10.911010220219598
10.46953938482816
10.044921374845988
9.713929121625185
9.357190342556741
9.095959746279679
8.837577578094026
8.55868662039499
8.416770891279501
8.241797877568654
8.072806123204165
7.902942075507541
7.745680097923676
7.58482692120977
7.4548563588139505
7.339937592665758
7.28249623302346
7.151574109609596
7.119450381746349
6.959812424196128
6.853681040651091
6.765934494072856
6.686413135891852
6.582796111259233
6.539569262563053
6.451574824550391
6.389592776998159
6.331831518027167
6.319901548437016
6.236551590758529
6.138692452667275
6.1161746358565905
6.073508316407128
6.003762656263732
5.933168896609175
5.91637257176204
5.836614591165377
5.789517172264157
5.794393412783181
5.73098573247373
5.6932919323736195
5.67016294321161
5.627729002746202
5.5812211613067095
5.530215525891368
5.564626534738148
5.493095905290123
5.465148592919819
5.426627968115374
5.37829209643259
5.389569648729586
5.313294160267995
5.286193974438051
5.276038366374107
5.225096489336101
5.207372606645928
5.170465817416071
5.170984756837145
5.148607827110842
5.08211421153057
5.055039729341692
5.076600429208051
5.052751170367215
5.03174022022614
5.011747823351753
4.958436211002242
4.941495286576709
4.879218810343304
4.925290369135115
4.877269095110513
4.886858410132221
4.867204064841578
4.802762792568791
4.8182347610196015
4.795219774247316
4.8041675000265975
4.7929935301142645
4.708664754580777
4.715237512531366
4.659879131792541
4.6661254023111285
4.667605967272378
4.632086192886854
4.616876308372435
4.614338172963601
4.623137616529834
4.599298765381205
4.590375858103041
4.561168230103066
4.550864955074984
4.538381024167686
4.522610796321655
4.515825909755245
4.480147662991216
4.50442027350749
4.501249574767412
4.4470851015564055
4.460332764113325
4.431389763036321
4.424691032746702
4.416703638228685
4.396820937957205
4.403450781376945
4.36781744897406
4.34229280678936
4.354182262354824
4.3453975714588715
4.324622195411013
4.353946455222479
4.288634296678404
4.2976909158507715
4.301154382168888
4.25763006467359
4.265739130752322
4.272125666388794
4.266718562933891
4.246558504348275
4.2461418112997995
4.239831258754438
4.205360521680303
4.220066507401031
4.188620615020119
4.207449726661973
4.192732251138311
4.159749520148962
4.197623669793778
4.16699595596787
4.174495296918481
4.166663372850033
4.1690445308031405
4.125994575403408
4.113163545425602
4.127061430237204
4.076732280557352
4.084218206626216
4.096337475231566
4.089062102796958
4.061410784525375
4.0346296253339435
4.0288986557259205
4.022209293020546
4.040585996346598
4.05810918463594
4.0496016314193515
4.056928226052261
4.0003861343364715
4.009615050572359
4.008026042516528
4.005372565445188
4.0027301363226035
4.025903714232851
3.988873749372374
3.9880374850833507
3.9638262876640633
3.9694794210146624
3.980611052905889
3.971971893168232
3.9491321399678876
3.958956968758842
3.9379593329372846
3.952558900096031
3.9150768854271285
3.9404882365415785
3.9200633483546525
3.9036231983809047
3.9145583846272984
3.902921382231068
3.9007719854134755
3.901413726246956
3.9134090626773657
3.892912071014313
3.885471027942195
3.890008983868814
3.87790093070491
3.862200112118452
3.8776426670896145
3.854338957719184
3.86014344227407
3.8616337292011935
3.8453734808459563
3.833050644004038
3.846425252077804
3.8014342110113915
3.8255519937489106
3.833290822098392
3.7960244084403443
3.7852523568806142
3.796324492437983
3.8054620724159554
3.7992912663945377
3.760089450864487
3.7808806598745006
3.7742371306800067
3.766327588981524
3.7691949294886826
3.755950016991563
3.76161466464436
3.7596409934690476
3.7395808002423103
3.7445189321713657
3.7491740257282706
3.7470413643445135
3.7511896222566454
3.7685075408105404
3.7477444576666143
3.7375223510734252
3.716427350117719
3.7428551888085098
3.7330429595667134
3.7130274308875046
3.7235171791543125
3.7048576584113904
3.708571763764305
3.695261011764272
3.695715501640958
3.6974484433529
3.694373692465047
3.6996894442266717
3.6790311497706107
3.6297858847161906
3.6839776286938473
3.682395712774349
3.6709485304131797
3.6682224916093595
3.699350627334514
3.6450528841489733
3.6760365520850593
3.6577246638016154
3.6450100097541815
3.664191355036693
3.6339402386601494
3.6287592678716436
3.6311377415560506
3.6455919084560575
3.6114345870195805
3.6670603101177788
3.605210748157797
3.6164787642953966
3.610617058585474
3.625792850998015
3.6063166892477057
3.62346964685536
3.604208223506639
3.6123798174772666
3.587770689937707
3.5972471897931975
3.5812317425821165
3.6020167708520474
3.5994737225095905
3.5936883534671984
3.5820041814355905
3.5666433988210153
3.5868332052359913
3.5887681068908384
3.5772618984405127
3.561510671879158
3.5568794528493357
3.5603831306896816
3.5853224697083945
3.5639927151319113
3.529345800100792
3.563595307339715
3.526471150966742
3.5484330204716854
3.547199353366841
3.5497629961860624
3.5328966330736575
3.571039282007599
3.5466629655765667
3.533317024048099
3.542903309357471
3.5328689595322076
3.5154920085228225
3.534519373938142
3.5357625610734553
3.4974553724023627
3.5171668457413467
3.519980712118681
3.519226784732063
3.518496714455715
3.5171895479864217
3.520477427670108
3.5180023247123686
3.4877934643362805
3.4767030612709093
3.486652296476676
3.499644758131688
3.5001298037580235
3.4832042907795455
3.4883656097258453
3.4855859877451216
3.4891467426042135
3.513192847215688
3.4953228946091137
3.4740023290539135
3.4849444470786124
3.476087160112976
3.4596907563277157
3.464396704813639
3.482869656809487
3.4789105983739113
3.452344773814823
3.4463832078563756
3.45655432358749
3.4357300511684863
3.4486622595596828
3.4745753244043436
3.4602219572502797
3.452359369664728
3.4732087841649397
3.427639297804334
3.4626074636844963
3.430256896831927
3.4691294665839187
3.454774683495715
3.425662286023248
3.4152411130869815
3.4222578237498285
3.4389367099905206
3.4573374926224245
3.4346996549333975
3.3966576206526247
3.399450188247232
3.426468351464442
3.416295324326902
3.404121531150919
3.439916179912197
3.4222855829056167
3.4218523845868978
3.4214147195574136
3.417652159580773
3.418480818432265
3.40778116823299
3.401459084036431
3.4037620028106246
3.389302597496433
3.3742400811884634
3.413619161020562
3.377898741489555
3.381672359603261
3.387183740921563
3.3803037199232504
3.3661657578001134
3.3675775198395774
3.3830340436233888
3.3867387159220295
3.364573748987661
3.3835919722971033
3.3614723300905744
3.38156045083218
3.3749881606045316
3.3613145312807213
3.3591306548972155
3.3654402587880825
3.381216077757253
3.3484804255949343
3.357911694109623
3.363585655573112
3.353104536586792
3.348496074533042
3.3536756015589697
3.3384703964712372
3.369821957297014
3.366468026867108
3.346903139623064
3.3689422585396565
3.337656746645229
3.353444793213113
3.347517970440238
3.362303840348653
3.3189519134297933
3.331752035526705
3.356715041134585
3.334462456268536
3.3213857401801676
3.345604491081649
3.328245726284288
3.311543222557808
3.305381465069702
3.3187492444065456
3.3178052226915256
3.326869861264665
3.3380005363491785
3.311940230827669
3.306769000743987
3.3313595882726132
3.3438405494193213
3.3504956377943484
3.3109833787046616
3.3386350689222453
3.3081174202104853
3.3371163672496054
3.314379661405488
3.3053745885418273
3.323077470316916
3.308908994428124
3.304343034872918
3.285322719603736
3.3070757395737886
3.291175801407205
3.3181942216399363
3.2876773232860694
3.273935523046908
3.278127806459122
3.2832907414632237
3.3004346623548613
3.294201570016907
3.3029581192535695
3.2886083243141186
3.274732624613713
3.2781498778958493
3.2895561511504012
3.2851258022947385
3.24886855771895
3.281528967907254
3.2719741132077984
3.2641402160359547
3.2557353348230365
3.2655107623895043
3.267331033229142
3.2574525051780525
3.2869417491552384
3.265014691036639
3.2735444455409057
3.2818151638488593
3.2604343473212802
3.2701109337307415
3.2274574630455604
3.221334513152106
3.280319847733143
3.263194162110879
3.265088705300893
3.2414914755114834
3.249710267325095
3.2334595090118023
3.235580081511884
3.2727769583121207
3.2440653023789743
3.2438058302487653
3.264679527122378
3.251939629456799
3.238179809809071
3.2330791255324227
3.2423263889399925
3.233258404945385
3.2328365945866957
3.248860605840028
3.241855649352769
3.244386156647322
3.2335339350716894
3.2378705940290886
3.208173739773494
3.1939276099935934
3.215235568263946
3.2271730044978235
3.2369647583018377
3.2167839073084785
3.214540078041842
3.2179591769727303
3.2409789182404203
3.231548455585807
3.2211867317282232
3.2085847722936736
3.206040472117512
3.2123947622164324
3.2246777165083906
3.2152584170653418
3.219560783358061
3.1848951181693983
3.229706902417006
3.2195193123747865
3.207410507153116
3.2120264331158586
3.2220274465962055
3.2087835147596344
3.224228231415682
3.210462596934998
3.202944769607508
3.2015815325713013
3.2019528412295033
3.184900167577834
3.213632397929795
3.1801992077252814
3.2015560208345817
3.1975886186803595
3.2124740139689174
3.1715664606966896
3.2149053451889578
3.202327929400762
3.2122483085307527
