52.3424418058269
28.635102953046935
22.052712953058226
18.399763676798724
16.10689957338643
14.43494131733732
13.139797527350296
12.183336037486743
11.366508179161034
10.700502888014876
10.014394693847096
9.574799561280988
9.181594148313447
8.80482522755543
8.469480174375164
8.24249780727954
7.9356867032555485
7.738968155109767
7.52844843570831
7.268850271558101
7.145588944622633
6.963484379190819
6.83007381895243
6.6487794130032
6.487954728569297
6.390305053448673
6.2690332943849825
6.18661607537413
6.075479830054822
5.941318439660527
5.840894670547366
5.763539720462019
5.676076854381916
5.5701615540385365
5.498037732321024
5.462551347414115
5.331491103958987
5.3128989762870225
5.219778827192718
5.160523120648089
5.122030628679705
5.031844119181288
4.957212124835092
4.936086999563147
4.900681860844698
4.828150403297863
4.7645776978737855
4.7419929408832475
4.718603309082574
4.66190735454528
4.610975858497075
4.568346334840774
4.56293665291131
4.53323761484325
4.466667846761822
4.411199018248363
4.36909390623766
4.382911153928136
4.36073740662019
4.291157810110505
4.223665911115386
4.225887776393137
4.177663262079265
4.163993098681177
4.140712470127263
4.135132544256406
4.0831409139144546
4.052801705028239
4.032139177431706
3.999196732440788
4.0221866387476055
3.995209687633534
3.9432354865572945
3.934677086335204
3.8929820755975286
3.894586408152364
3.8570630917504913
3.842789191320878
3.826956454826875
3.799870832300151
3.7837022833214826
3.766236055762756
3.764566361469803
3.7292284490943097
3.7104438746249477
3.6842926524741686
3.682611818104038
3.6357167519908486
3.6363779718034097
3.6440681893427254
3.6160980365787494
3.598837860064255
3.5855383379737793
3.56767457107429
3.549201144089467
3.520772028191454
3.518045674168467
3.5040371338334495
3.495972842610123
3.4753852880362324
3.4657019304411163
3.4541350842170253
3.4144972466737533
3.4087316563700476
3.408318822943354
3.391561895350429
3.3832887922903447
3.3961280964883196
3.361935627653196
3.347415112334049
3.352146341085799
3.299826088879402
3.351172014499439
3.3039578220557906
3.281577093386045
3.286745904371533
3.2961992871107717
3.2465723052261146
3.2621979627150646
3.228606983800001
3.2264366820429204
3.2114662602034323
3.194326300364535
3.185733090777075
3.1840826835035094
3.195071466179693
3.1758175856359814
3.160284265348424
3.1788605946072073
3.1784710744160733
3.1419909962807684
3.1234430093443146
3.1610941446885374
3.1236486127833922
3.115087807710412
3.104196381754069
3.077245106471091
3.0784578340712745
3.069922301140723
3.062116272679709
3.0327275522788497
3.0597419401964903
3.0565472405920797
3.026627048386349
3.0598410373196936
3.0191521812354813
3.0185114657133245
3.015582623807803
3.0238175292561653
3.0131239998198778
2.986124031620604
2.9910687775320293
2.970440628569362
2.9796538039812406
2.9616211312441307
2.9444528880081906
2.9587095678678037
2.949893321908615
2.9447493398354494
2.9323821967476613
2.919070470275875
2.8865551876453837
2.907774972896944
2.9099562791914755
2.913513566935352
2.8879232731188704
2.907334595251731
2.8824523954752728
2.8713194575961136
2.8718915465493122
2.8944806148641344
2.8706281564713736
2.8492818716227077
2.857571910275202
2.844055384187087
2.838996428211334
2.8512295779099173
2.824078102239226
2.826253975838663
2.8026160963664006
2.839323501279984
2.8322917084937194
2.8189827516836816
2.8158663405733355
2.7840858735473093
2.7853249232151316
2.8128282319601476
2.7797315394970576
2.79956265398786
2.7762892258466243
2.7860497725305726
2.789536254621899
2.7867628526772235
2.767675908018542
2.753460324796329
2.749273460182726
2.7516487128909186
2.7361540509366113
2.74181826090559
2.756438461958221
2.72350392885779
2.731855350567758
2.720203750039603
2.730758159771737
2.72471270386264
2.7198303160670028
2.7119171882694006
2.717265545221668
2.6810401828166395
2.705290928025801
2.6946894059782776
2.6740874888946853
2.712071985296439
2.6922406268169023
2.6929273945000314
2.6826835383445395
2.6632810268583538
2.655933978674674
2.6893184413965043
2.6490413370711914
2.667466124533011
2.681870057393169
2.6564567199313798
2.6448607328558174
2.6737120911484396
2.6297205076685835
2.634622689924595
2.615267010632394
2.6230434991129785
2.6275368953179266
2.6191657690160786
2.6261219532103395
2.629666729459539
2.620610021844757
2.598075133702107
2.611491509519402
2.602757924260133
2.6025337037237564
2.610859557932187
2.5818943071978078
2.575281438905834
2.574182430532336
2.573330347551121
2.5877751366373003
2.610854185625343
2.5535347189340745
2.5854772936309494
2.562468424418344
2.568561570395447
2.5355945415043566
2.5836519596270304
2.57947279691039
2.5627080892140865
2.5426270018998536
2.5494419667004546
2.553404710928436
2.559296498944067
2.5411769608606436
2.540946922161072
2.5134318105014835
2.51150352873614
2.5504122678512897
2.52257434473929
2.526618735420269
2.513567331674481
2.528123796722988
2.521102435883632
2.517012800977633
2.5027637112061156
2.510475184884711
2.517308255324317
2.4905707326346134
2.5127427985855393
2.517237622371958
2.497451577662077
2.4966836885652177
2.480631501208361
2.490163797809861
2.502322796898161
2.478716882034842
2.47531339956356
2.4639899918771575
2.491500099789706
2.4514273710384704
2.47418283995512
2.475733300544643
2.468277158647846
2.474083499365749
2.4548854892070424
2.4646021678472514
2.463336583432353
2.44908019685512
2.4582816241212817
2.47315527668948
2.451853856729805
2.462179648916532
2.4548456035259867
2.442188695159184
2.4330613610940097
2.461796888332864
2.4374912085776925
2.4345585645450254
2.434362787045836
2.4317022159359527
2.433034213455923
2.4362254337091125
2.4269325408370213
2.399510311213744
2.4285228618258357
2.4033733369779546
2.4075061643005653
2.4292573973640996
2.405106275396643
2.398311902088149
2.4069437549141837
2.400635543658196
2.410383827734621
2.4139694743720232
2.4149386158683206
2.4218906505957603
2.4130227389847225
2.3970746149161792
2.402329335066595
2.3968358454148158
2.4103528735062882
2.3783692028479564
2.3794280294396417
2.396405502447901
2.3766598042955227
2.395651843291616
2.363090693818869
2.3847621020136054
2.3786559796887543
2.3526672183622224
2.3736064692299723
2.3937231373913823
2.3580372980439743
2.3590200849377263
2.3805751426836617
2.374822867893094
2.3602356626739183
2.3743589270181253
2.3421744200546484
2.3456597927213076
2.337492210845345
2.3585169545787763
2.353268212926278
2.3418357985769633
2.349968782893801
2.366373043680501
2.344263670014217
2.348810593201583
2.358893122784692
2.3594152430196482
2.3366268551293854
2.3400971625963076
2.355202568395967
2.327312385314877
2.339580991526449
2.332581429421528
2.3167974972575545
2.3357872498210974
2.342529860620079
2.322009175341077
2.3505757542525108
2.3497879823113266
2.3392950200987626
2.322784885201698
2.3249978411252417
2.311587012935298
2.311769256341736
2.324406674992246
2.3121361638082316
2.323404194297677
2.305323886281424
2.317613220971498
2.298151995359448
2.3177975814164555
2.287427059320163
2.309896719366373
2.2801849037071786
2.31658473665555
2.3117432596343384
2.289358376920233
2.294817275856445
2.287421231060157
2.2933023407965196
2.3064022874299606
2.281630176740984
2.2778322072892645
2.300114883605413
2.286049716280664
2.278958932262875
2.2920597592730205
2.278953151631446
2.282353292380485
2.2857747146231207
2.2749605732855738
2.276869878632987
2.286077813949722
2.2657824402750237
2.2793971739272885
2.2849579122049963
2.263737005752593
2.2862146015427984
2.283845033439426
2.2576885103537707
2.2659839996874123
2.2563283870240287
2.2471818283908345
2.2589621780791673
2.266989676555438
2.2614401378376203
2.263993037678461
2.235636278295354
2.255548329189667
2.2367679538959946
2.2584515398332607
2.247455646622283
2.2515420062173197
2.2530646002886683
2.24369727987354
2.244577332367052
2.248777351803274
2.2571771243763132
2.2442869110263604
2.2351123811278866
2.2430503456090034
2.234233284161144
2.2351263220052275
2.2337474025981683
2.221385375348447
2.236778373802583
2.2495179718308473
2.2435429901070467
2.2332590813931366
2.2352807617460253
2.2373909716460743
2.2513045897061903
2.233472224663462
2.2264295526266578
2.226755086318005
2.2099926516964286
2.2244949385410298
2.2170609227504294
2.230063950686543
2.223706166409092
2.215958139695354
2.2231600437265766
2.23127893968203
2.203249323896136
2.2039195397509923
2.211773757809625
2.2054764910469244
2.1945040163731946
2.201528876535405
2.214698238131136
2.2022170960542518
2.203154453438712
2.212811706939065
2.2095830966559875
2.2078370358900026
2.1901444147826847
2.2069492193764146
2.1964257372698346
2.2107574885399863
2.216134614056948
2.216210188209035
2.2091377501644467
2.189082276293753
2.2137333082520936
2.1886236485049952
2.2019823837040158
2.2059777684514073
2.1848957993733094
2.197139520110884
2.1967943224545152
2.188050938962447
2.1765140236108524
2.1800128344920187
2.1778356155775653
2.1961358910439333
2.170187191923844
2.203175546608993
2.2032303451283277
2.169805073064293
2.1968476307598728
2.183455246739661
2.1838299252763798
2.170790042206279
2.1746177837774847
2.1885925739148164
2.1683688259249245
2.1692203210859367
2.176162621265066
2.173935385241374
2.181727904845123
2.1692356812738494
2.164232205129448
2.1642080362161993
53.44440589073215
28.87695153257058
21.94091790616411
18.421446864262258
16.139593821696046
14.470422432262634
13.280961299309656
12.252188219660626
11.36424025839264
10.710594684570218
10.243299954138106
9.647550325719783
9.184764186731284
8.787957950834368
8.518457024580899
8.237455513675844
7.964350192445873
7.756676742349848
7.5338494108714755
7.318158711232239
7.083501691587213
6.958040725935858
6.796287175156546
6.658499551310304
6.47349022133802
6.379021007041615
6.202055929948506
6.172234992506281
6.014969353991199
5.941004405368052
5.831234195361764
5.734434092867589
5.637561630389387
5.564358628178757
5.446602729248565
5.402519055213524
5.289865687271425
5.286559078626032
5.217976870201765
5.17486723984393
5.047340183843657
5.046633519120798
4.991237801923451
4.878398938155995
4.843347140839019
4.766430313596076
4.782911436323567
4.691970621607724
4.6399602046101736
4.58541743727613
4.530659691083479
4.500053003328436
4.505451575423004
4.404993953570697
4.416613544334954
4.349967346197971
4.354236184891977
4.27536401155754
4.272479475903216
4.222288504040889
4.2268193255502045
4.194675595242616
4.16077068511657
4.102449131634091
4.134500190845729
4.072229347130852
4.04057697134952
3.9951842839668004
3.9929249795437256
3.9441464514455418
3.9019437569410407
3.9156181568643555
3.9024336103924875
3.8555454416121435
3.8677929110402367
3.850751483340764
3.813402015333735
3.787384343927113
3.7667587635333035
3.7419812837600177
3.7014788049652707
3.7272576251389453
3.687784435037158
3.6716412062069472
3.6352978374180163
3.6139595672852236
3.622683464219412
3.6133600649517303
3.586086567751425
3.558481021360593
3.5657446353988114
3.5284724244219605
3.5163450182133014
3.5126043146775543
3.4978815624934114
3.484181049103575
3.4444592439643116
3.467203987481343
3.4196739009993413
3.4036968808308408
3.433533809213415
3.376035031617868
3.3790061369846653
3.3550495506763527
3.347500007406939
3.359735642594976
3.3596950456966845
3.3362002992398017
3.301724599370459
3.290239932228489
3.2685689988821567
3.258626597687074
3.2417669322401688
3.250684173931402
3.2584702153047673
3.208569233874003
3.197908518499389
3.192375647497747
3.1811792835131785
3.18230369077101
3.17116563863813
3.153090111131282
3.1673046105842553
3.1244965779590546
3.1235808882937546
3.1193718336980822
3.099416611390761
3.095532560060959
3.1114477072656173
3.0901621289229078
3.063313613591727
3.0764564839418838
3.0616704468316
3.055990590359944
3.070160049305931
3.066864196787877
3.038313188758025
3.0259075411169043
3.021540282948866
3.004533340694683
2.9893567025736045
2.980519623556776
2.9544888932953546
2.9767686493382697
2.9698267614847422
2.9528360423241566
2.9486212277080655
2.9360088640596387
2.9284667887843923
2.938431024627719
2.9151993234213913
2.943561587702319
2.9023096755506392
2.9109594886264345
2.905556457717822
2.871175015397374
2.8812209876427963
2.902826567417091
2.879763420863668
2.886848308548294
2.8774564352758176
2.8476595475421584
2.8339639838939235
2.829715025355088
2.795880208741476
2.844154248286862
2.83554340206468
2.821703945149531
2.8131962009194527
2.794142935483139
2.798375268017119
2.8014173197158483
2.7948449108916074
2.7559557424151184
2.7879764640383766
2.7579502730606684
2.7938047432481468
2.7809793339508766
2.7497734417965525
2.751134529229701
2.733926992349773
2.7526241251515344
2.7532799520985893
2.7273042961408676
2.7456739482406403
2.7199073181053826
2.7165092354916958
2.7364963831146816
2.720166259243045
2.69250124338194
2.6947155384599535
2.69123596311092
2.693470420129748
2.6909012549797406
2.691504377759252
2.6788402474803767
2.6833541215572265
2.646950864819206
2.6706086113410388
2.670376308010403
2.6576723051957303
2.66555433657303
2.658823146722312
2.648143131103871
2.6303624399748147
2.645235264181241
2.644969981613884
2.6472506356216927
2.6562024788973266
2.6333835128339893
2.6027159918299114
2.608105702795736
2.6306291472781225
2.6062037410929317
2.627222561251931
2.6280835763494466
2.5976550173916007
2.5844625642893457
2.5858162618773894
2.5571089951363417
2.6124558368197213
2.59131251634824
2.596591795646478
2.5753774338930038
2.5674961820505278
2.5522980645825952
2.5669422108553293
2.567971817126583
2.548261294135017
2.558287504713479
2.5356923131309346
2.5485409610347602
2.5614752283228097
2.5318848329875903
2.5396739154490513
2.5491764565120945
2.538174399282698
2.5391669805685666
2.540391893771784
2.5239487228590316
2.5229127014596506
2.5257614094703364
2.549092292950819
2.52826777119542
2.5085264340657014
2.5153197561301477
2.496790656845613
2.5141796436977786
2.4893894071705778
2.489868988038159
2.491422306962806
2.4926749851636267
2.4714189445666976
2.4928321174305004
2.463216679030187
2.488801394891443
2.483153325913265
2.4882536514523763
2.4619276102112244
2.4568956128495776
2.4510173857419653
2.449403834212243
2.4538041230268255
2.4413460170944563
2.4680856056095823
2.4729160097157554
2.4609819854646244
2.4302653910464755
2.4233041202697367
2.452136332789388
2.4452286940110635
2.43674754203651
2.420261302004287
2.420951462276596
2.429613167993822
2.4296198246854805
2.4196116626721516
2.413622350175321
2.4275085802368173
2.390635513455203
2.3935901244590037
2.403595246895229
2.4415331350276674
2.394436947983825
2.405295278362666
2.405107079971523
2.3938166589217778
2.385520608690889
2.380898135103583
2.388789851105919
2.3649835188125645
2.401085300630453
2.398506400430204
2.387451796093439
2.394716373426774
2.36335530039618
2.372297869699793
2.382594793854957
2.3765573578149257
2.385720879580728
2.3806848742181206
2.37152574704844
2.3586011271228795
2.335357667568475
2.364632694698543
2.351292111069829
2.358115042287344
2.351718935439142
2.350950459394803
2.3552964431970254
2.3659531931012756
2.346278508982889
2.3375400495495
2.3382422154345086
2.3218671281747585
2.3578021517627796
2.3412662657785246
2.32686439166611
2.3319962681894575
2.3324956004497475
2.3372449448533215
2.34232545059277
2.3444492249462856
2.342318232377981
2.310675701438241
2.2956832861220287
2.3192275843458567
2.323876481956419
2.3204489578165317
2.3149228744734165
2.293420493405901
2.3024534780623482
2.2963300698716886
2.314523839834201
2.2951086325970476
2.3114025018297464
2.3270128468507
2.2856509466265114
2.29073805275409
2.3103435471441176
2.291952149264436
2.301708226948431
2.2994189056297785
2.2906405425639345
2.275464714030917
2.2855436988464226
2.2739178421848187
2.2827027388543923
2.274870980039532
2.259685402704358
2.2722707586727937
2.2710144517402284
2.2728023581807033
2.2824049953216874
2.2644542302894823
2.255684795224071
2.28060786762284
2.278970422528661
2.2670646342354117
2.2702037158254686
2.2564256815422024
2.274951347202582
2.2715665873273783
2.2659805052963184
2.2579576082729096
2.246133701815877
2.2483098984514824
2.256747266893993
2.2694517209866656
2.2409209026642616
2.2404347427750677
2.2536903907489942
2.252688603105912
2.228534702328969
2.239571180370278
2.2342611295669363
2.237988727379702
2.255453371503965
2.2384792563916327
2.2384269250265545
2.245760315571215
2.2508331104689536
2.230410807206417
2.197879562088178
2.256400557835909
2.233517975056226
2.2128976470862525
2.2320380331206446
2.23091086612344
2.2201087536836583
2.222296563430039
2.2132296487325833
2.220457855170755
2.1993968804471384
2.207214024488507
2.2328412834327964
2.225429167793017
2.2001661299625015
2.212602984170986
2.1962814291172075
2.199903150038113
2.2038369538458653
2.1960192978501842
2.2078494847362906
2.1946477468731223
2.205883943383873
2.197973131735133
2.2093982400851493
2.2138407982878467
2.202069245315912
2.192339905885934
2.183330296118089
2.190924896477187
2.173840830291595
2.190464448961637
2.170800373269741
2.197704666710794
2.1880058502703834
2.180737212701749
2.175427236247265
2.1887875561874757
2.176564522104664
2.166685501155939
2.182575880959122
2.15448003861615
2.178855168608874
2.1582141008639217
2.1788272986320902
2.1835688427676816
2.1655779843530154
2.1995334119471184
2.162036831108297
2.1677174460219795
2.167673121281083
2.161569417069088
2.165332503994442
2.1727147538680223
2.152591046419065
2.15882051449999
2.1640970005465348
2.1387464125608626
2.1568032931594763
2.1672166583339845
2.164808556773987
2.151336526717643
2.175518490989644
2.158825938519171
2.150597996276722
2.139269985257165
2.1502523559198754
2.133777856480687
2.132474388314916
2.1275870041199116
2.1355503178446082
2.141928650087757
2.132401564838229
2.14283263783982
2.116469653920676
2.1263040849932993
2.147894501629305
2.1427797659392374
2.1348036206070375
2.112896024900673
2.1310742273643464
2.1279712461619384
2.125384539306446
2.1324358572729496
2.1148198862107357
2.1335884770902007
2.1227510846410724
2.1264261674249445
2.128160625453008
2.107347207044302
2.1312931009324063
2.111139665172056
2.128323892461769
2.0999378002544216
2.1399602907039066
2.120150222124639
2.1159892597889574
2.111905970490146
2.122725394674312
2.131578830548239
2.112299297905838
2.1220323152156357
2.113313998748148
2.100021080114155
2.108121977758285
2.0967664535653827
2.087760150997832
2.099672857227466
2.0951497746830556
2.1128541178661493
2.108846362443738
2.1002497635524864
2.1220683242466825
2.0824102386151937
2.1120113690480746
2.080951267195303
2.084378510646687
53.04485154221851
28.938251215820134
22.150473564802304
18.572914781133836
16.329279872341125
14.521780330234488
13.403558857523667
12.486381093996595
11.668081977072736
10.873200364089662
10.285291316957714
9.840123700219126
9.389049977116047
9.029032215744895
8.67433942065505
8.404117790584484
8.136204412923565
7.8353094512498505
7.6586741755543075
7.462359913403061
7.306861978363289
7.139778151091219
6.966648234253735
6.792838708948016
6.659117455506665
6.539386822397394
6.450368575167758
6.299609223831232
6.256724766963842
6.1048642772638395
5.9794872944293855
5.889481153606081
5.794270225067132
5.718702254506248
5.656603778598169
5.553186552496109
5.476057521439296
5.403676757085928
5.4032842915383785
5.307255340789361
5.217815467813361
5.199047575439756
5.141686440976649
5.068284280816867
4.980499707833183
4.965822348669743
4.904388631754419
4.842464675119199
4.839927666551061
4.779636471083695
4.741050024838743
4.719539218661926
4.6717048169900455
4.637782182589855
4.573638039071309
4.585953047823592
4.53017420279672
4.495000396242657
4.465225858126552
4.411965656137125
4.407309479383509
4.348461648127039
4.304433706044859
4.303733998096012
4.259894438194573
4.232874497890113
4.212177606349786
4.200439340117131
4.185914150726448
4.114237585726114
4.1062036367272965
4.104301428218003
4.075015723631652
4.044061738681137
4.038668029186341
3.9895700390705464
3.963159080871396
3.9090417652212883
3.949401914272763
3.906189073447846
3.9103621017036696
3.881701771939118
3.8457516782351737
3.854299084745942
3.8224731208332785
3.8236890588661856
3.80606871550221
3.7341442734629737
3.7486573601445725
3.696772069388736
3.6997086077665573
3.7004110937363683
3.6707153495226086
3.666838468742983
3.641844134037013
3.6575598952776014
3.6289541335583713
3.607424563151983
3.5942789814367595
3.595391897839049
3.570588243246194
3.557003580853633
3.549327958332031
3.5264003935719765
3.544357188145156
3.5261967920747623
3.482481908308544
3.4855978780384307
3.4606619609455214
3.449246118152865
3.4482392780053095
3.4299010923634823
3.4386702035079053
3.3902703501395974
3.3875400008339027
3.384382441834112
3.3880585835176094
3.3672856668225024
3.3704280983416637
3.325492873281065
3.323104362438903
3.334644130924743
3.306406532913438
3.309325144511706
3.3171097704091785
3.2984732902179275
3.2834539507822718
3.273354710097627
3.283693053324319
3.249816957525725
3.2560539910458104
3.219217090615429
3.2466821311539844
3.2281256962407823
3.1944462814457295
3.222387809881419
3.2124484882146924
3.2107180477677737
3.1934062171818223
3.1998895943873853
3.1641134650089295
3.156605081856308
3.1751841585341616
3.1256640973147034
3.1195927713522518
3.1306652192433706
3.127205964850088
3.1080343191762343
3.0974169546159747
3.0787846004886665
3.061114369601758
3.0752795543544136
3.1095551048344854
3.084347734749349
3.0962781817515923
3.052739219770344
3.04712507961037
3.053908033848547
3.0445420246659
3.039343766856877
3.051939066523837
3.0409018436866626
3.0131606733555336
3.001961352091293
3.0011283420311328
3.0220410750612223
3.0121097208508387
2.991280829906368
2.9902847495386258
2.978855044851914
2.993573231016592
2.9609393037471516
2.9859010152378493
2.9598236185450264
2.9544178167463935
2.9574617425877876
2.9411689095120335
2.9317310661063214
2.957898396918489
2.9517732937122423
2.936425647128846
2.929823356322451
2.9345839078367932
2.9143350528987924
2.915503780420868
2.9240304857199826
2.888488599029898
2.907000325693237
2.892011083437712
2.886482608478938
2.8776484470796255
2.88628312699189
2.8648260150325195
2.866789613000027
2.878748520776127
2.831494110917736
2.82774289625994
2.8382285924882007
2.844037865076505
2.8390915618967876
2.8157724747288233
2.823591976060649
2.8208578539729015
2.814765715128739
2.8168533167299667
2.8024146650533224
2.8095970353137605
2.8035101108277107
2.7934712518742004
2.7900376839303247
2.7827610703382097
2.7948620794479817
2.795815608947656
2.8174337323145386
2.7865520725355166
2.7775611166541676
2.7601529044100945
2.790946144675085
2.7789271741020434
2.7499901386025156
2.7729650063647306
2.7460016437960038
2.747087051838119
2.730034657272911
2.73534313492951
2.748187806066855
2.7372706051846336
2.7481926092562063
2.735208056504356
2.691737814481318
2.7331454005647173
2.731444814983738
2.718049095045483
2.7086958921147994
2.738859540330884
2.703904755438864
2.72622505424949
2.706445917052778
2.703696828758826
2.7013909449746074
2.689513715509356
2.6914779461398557
2.6899968026122285
2.7015612810694067
2.665103198985036
2.706087489854796
2.6535621229798476
2.667525911234569
2.6701681896948988
2.6658369395422383
2.672917377124721
2.6776138231227073
2.6598018354014736
2.662988028523388
2.643914226781875
2.662201719207393
2.6413583264651774
2.657624440190366
2.6584506949407958
2.645799239483832
2.6303652473084815
2.622939814090196
2.643105407988664
2.634661741923122
2.642424271886359
2.624465518662972
2.6229370550563473
2.609619367405675
2.6410520724373647
2.613828028212895
2.5963826618118064
2.619115835332832
2.5944858396570916
2.600367690136815
2.598002024862136
2.6114730173623775
2.595214411066764
2.612910206708272
2.5900840185206784
2.5990794598340767
2.609601636384565
2.5961375958323467
2.579800170566225
2.589495683066444
2.591470958892415
2.5660106675709686
2.5728535497152185
2.5748406905162318
2.5703850483455186
2.5787020245825163
2.5728132047051147
2.580568138790313
2.5731314680972126
2.555451990898345
2.5458864975115745
2.563623467316947
2.5579505249037697
2.564478968958435
2.542195692305172
2.547738108604558
2.5521091810087433
2.5485310592576367
2.5675941075374
2.5484283735012836
2.5303669284886765
2.5446180893601102
2.537591315772956
2.5367770522700743
2.5309273900950897
2.549038250408933
2.5385444318270034
2.5214826091321747
2.5044682749465523
2.519294401539172
2.508217116172984
2.518457532811146
2.532949544728302
2.531299871068274
2.519114472238499
2.5306805028889667
2.491943769962216
2.523000419855172
2.4928425137141845
2.5276588671335576
2.5176402154228548
2.4942234418421174
2.4896870871856156
2.4963997643751923
2.4994844936399714
2.523167982314823
2.50301624625099
2.4789563927308134
2.4800850889893993
2.4898698042455543
2.4819713811969724
2.475586921273479
2.4942134297625063
2.4854353677669283
2.4871425916102505
2.4914174576796726
2.4771150908092467
2.4732319304341512
2.4711322190670026
2.464788375155115
2.4643841943862936
2.465662771984717
2.446720990673753
2.475820889888493
2.4595838349188908
2.459025554818741
2.4708317365960526
2.4496398853744945
2.442000351963802
2.4451145434959427
2.449527024132309
2.4619080848824404
2.4423794715960794
2.4469745282223725
2.4375266118652847
2.446320422562995
2.4453429119966827
2.438882451562875
2.432124821741932
2.4449206927765914
2.446835390874846
2.4188735989548142
2.4355743639480893
2.436358425236455
2.429923790213678
2.420109757064751
2.41908628744307
2.428584117678208
2.4268232996750165
2.427087003943455
2.4184685439583107
2.430289562597185
2.4136641478343095
2.42417010991742
2.42197955710566
2.4338043816456976
2.3916988154092698
2.409171077282221
2.427007148695311
2.4144297908593666
2.4044987657619146
2.4174531430585513
2.4017227567130073
2.3870920204284767
2.3977070589055076
2.395646187414809
2.4106271545965186
2.4014180665557063
2.4067041287077124
2.3918246655798128
2.392760066257245
2.4061684229243694
2.4151833479686946
2.422990647689393
2.3810406705182148
2.4162056960691376
2.3835349184143473
2.4056764757012568
2.3889591298164
2.379617542848333
2.3964151113688494
2.3913375474144143
2.386574517151455
2.375233445301975
2.3909871258577953
2.3720245287674104
2.3844656701086926
2.3721627716426616
2.3563927282373305
2.361574288310592
2.365832116588172
2.377207342513295
2.3712972841228437
2.384825839261098
2.3643464149714424
2.363606198495881
2.361408983755505
2.3741837011655886
2.3681615904199624
2.351824686217392
2.3677850261842086
2.3513702963435064
2.3436811522850536
2.3481268950974785
2.351726863215542
2.3542827259325305
2.3396547845566436
2.3600411312686083
2.3424225545851116
2.352963020865764
2.356795977727242
2.3417475049133762
2.349543742533088
2.3205503718576
2.3244316521417763
2.350350095527413
2.34294417507354
2.351317421455441
2.3398858211864852
2.333854250195242
2.330387996595149
2.331037315451531
2.3511686664284137
2.3343747977252245
2.329222010985243
2.3409588544048736
2.3387351229375857
2.3244568742579945
2.3207553614331973
2.3281706165688836
2.3228578578837555
2.3142953159667785
2.3384948241676224
2.3266668585223966
2.326956834323691
2.316723912600625
2.3254762755384695
2.3093753019727616
2.303216922614676
2.314652927551113
2.321569631960521
2.3223208879836563
2.312879711826742
2.296485654196911
2.2989551267024195
2.332244237747852
2.310078963290107
2.3145232397703954
2.2982556407546957
2.3035405691771307
2.3007789903649445
2.309216484060488
2.3092131361006722
2.311827994549555
2.288075817716667
2.3144772221715675
2.3168257284957012
2.294641163522086
2.310180616349016
2.309337116749283
2.304174619176758
2.3020186517991865
2.2872797905144946
2.287891738823004
2.295444375152294
2.2960351880890277
2.28148839397481
2.289209641614521
2.2731746632786005
2.2868341558662104
2.2918385119534985
2.2862405347557435
2.281199547428758
2.2958340305989178
2.287973460097646
2.3027549931346316
