63.04069872388952
32.148233958012845
23.255257965708218
18.977174262624125
16.47493770220628
14.77636876253498
13.40300451920111
12.47791195955925
11.725931507051968
11.088746547455067
10.447281972962083
10.026278231732778
9.679668807845099
9.296114783980006
9.014875175173032
8.806388214156328
8.51512280520998
8.319437195296397
8.145997502882253
7.924841649320269
7.794913087522895
7.645269287148305
7.510413335293457
7.337068211755906
7.217930531194179
7.109585800777557
7.00198589539266
6.940579259285512
6.822897723726525
6.706353288035322
6.622382506644864
6.5565037854651225
6.470143646286068
6.370515170882166
6.291350300592105
6.278799060438893
6.160776216548804
6.138161706761491
6.052175815232372
6.002458129132836
5.957191781614509
5.872386411694799
5.802406694208598
5.788614570535873
5.741485917003591
5.671740892035018
5.614215478283731
5.6121521043563645
5.58622754646552
5.517741473376399
5.484128371831032
5.422145330687674
5.438996100295275
5.393553684511685
5.335840755508505
5.2708064294022545
5.235330728987991
5.241503199028325
5.237210281448333
5.144390844278871
5.086189186785684
5.10243414942799
5.0408074762985935
5.041632396885828
5.011430403222423
5.013544351052042
4.956957928184784
4.933992119934681
4.912462403014308
4.868878760478777
4.892661481207344
4.874303341424049
4.816818849249108
4.809828159154538
4.775563674593686
4.769595633058676
4.737442470500458
4.7104579814346135
4.708850651102145
4.686227415808972
4.665097724715144
4.63723786376438
4.637503706071583
4.629821754561552
4.6048116675098445
4.567776223819824
4.578018887531729
4.517459553322748
4.53966710732997
4.542494071327309
4.510886437251973
4.497687176540085
4.483112123200748
4.459581058785445
4.429611710377877
4.419840844635955
4.4040436844057265
4.409350626210691
4.3983857137852205
4.377391302582596
4.364201471355626
4.3476016737673
4.306629359768495
4.2989889356858075
4.293002168486246
4.293712727355716
4.271971514110726
4.299674865487672
4.262543957207973
4.246661492884092
4.256416149607893
4.2175976552778245
4.262177644213106
4.227933804210742
4.194358945155484
4.202298639949302
4.199148473288171
4.149392594302904
4.175531525487902
4.146689167255713
4.132963550951498
4.140055560425772
4.103398439534633
4.0914649609971105
4.095900364425566
4.095816214590334
4.0929959980174795
4.069341007468089
4.088182900088759
4.098789320909806
4.054556145202601
4.0368425025008445
4.081366631312237
4.046081340508912
4.030265595337438
4.010180721504505
3.9837819243769843
3.9873111312481506
3.991393505309895
3.9826987242360707
3.946559934521448
3.980650446893332
3.9819887689846434
3.9480038547295293
3.976417429628467
3.9394840705467873
3.9359445952540355
3.929156856643278
3.9323602684760792
3.9321402325904358
3.8899955870618625
3.8998607605472166
3.892964791661393
3.898712811488869
3.873093270027148
3.8573948024300817
3.866216771840598
3.8606871789137527
3.8652318041472973
3.852994710232541
3.833282514920485
3.781594756623869
3.825400164789138
3.827212347405935
3.824608099382176
3.802214933047999
3.8245660856865284
3.7944723485759178
3.7755661866552686
3.7759715852297537
3.821013129738194
3.7972866426824603
3.755874888852722
3.7701082644477637
3.7486300449448153
3.7553237340314722
3.775003968085882
3.751915620482521
3.742141390957083
3.7195588510617297
3.756826171819032
3.758431806854768
3.7363706578113365
3.7480856159190834
3.7143903905136506
3.703706423360992
3.728886428812931
3.706463484955556
3.728021443622373
3.7022240670198463
3.712917080479888
3.708979742771733
3.724324513556985
3.6882516472955644
3.693038473134121
3.668441474645691
3.658477352676619
3.6507583781620263
3.6805243851535776
3.6785200981034714
3.6560981863860142
3.660420035026095
3.652230479644994
3.6453695395243826
3.6514676773726675
3.6380098199043074
3.6328331606138407
3.637350373904577
3.6025584200799186
3.639288315958263
3.622914838697793
3.595658023941726
3.6246266353678087
3.608197836251893
3.6255575209816024
3.61100697562338
3.5965281002414544
3.5716083726269368
3.6138476912660784
3.57526406177803
3.595948743673417
3.605445998620972
3.5806631385958823
3.5690878541633877
3.6053138163978127
3.5581221276174837
3.5670000079097184
3.550421379366765
3.544459532781199
3.5722646690270756
3.5487722315819483
3.5574957017144357
3.55921785624646
3.5483292983567223
3.529601713465863
3.539806865323108
3.5363133096717605
3.531938704562535
3.542711770903535
3.508054854594839
3.5010978319314945
3.4931477595877434
3.4930765636433976
3.5179654126637154
3.541555335342795
3.482112833508984
3.5247262824928214
3.487223233948889
3.4873769155172085
3.4538417776267267
3.5160820216769024
3.5114888179119896
3.4984125783320272
3.4811863720515213
3.4857097934921106
3.507079061657227
3.492573740184477
3.47044826304706
3.466754339072961
3.435363658657425
3.43732470264994
3.4830473350112134
3.453710959377882
3.453956417948926
3.4462634545399475
3.4637627939975077
3.463027801140492
3.4598514375849247
3.4408810470102713
3.438579745995164
3.4474737287369344
3.437950230291604
3.4473191634383036
3.4518752442863034
3.4516967068451065
3.435228493653934
3.421985077989221
3.4293904789380405
3.4433135217130855
3.4072715396062856
3.4062155725927354
3.395760500471353
3.4220954858176276
3.394533354392015
3.4082929930260084
3.411000146250182
3.4094709084101305
3.4107011934418545
3.399272402275746
3.4009878060128953
3.4070804756049333
3.3854785533802394
3.389522780148739
3.4067199099120584
3.3981275234407136
3.402919551274421
3.3924539644810103
3.3836681957067136
3.3626311855838003
3.399711005720262
3.384526733744847
3.376733882872628
3.372046285606698
3.3690839657968583
3.3869371028909088
3.387844650977054
3.373389234648819
3.3428767149609095
3.3771532352351974
3.341389919989428
3.356557746474755
3.376201002651006
3.3575831490191144
3.344351589028244
3.349072563325721
3.3463276058709552
3.350694005042238
3.361352483918794
3.350683601173673
3.3640954583316542
3.348330251905041
3.333453863547136
3.354073152277837
3.3358142211518804
3.351166678549086
3.3224050743063906
3.3271657945204502
3.3421314090913974
3.3269020423187756
3.3466988667056214
3.3041645179129
3.3209702648585173
3.3428409363054263
3.303548869492997
3.309244641074419
3.3492515916392414
3.3117572638463115
3.3026885432384576
3.3408156182800988
3.3150470064365316
3.30484895408283
3.3426793435087214
3.2913072835063693
3.2976213250944717
3.2915389229908243
3.309806303077194
3.313652643899599
3.293255042908587
3.309661391901416
3.325198803852325
3.303924635211083
3.2986965758761335
3.3190839002310732
3.313627635520689
3.282146983779184
3.305384220830755
3.3046675119123683
3.278402544124753
3.2831735446309778
3.285959000511313
3.260277057763917
3.2879812843994145
3.2860385836950137
3.2708732840370702
3.308280811886431
3.2978737882657256
3.279127200315403
3.2827817049560393
3.2730679735352255
3.2759467150704986
3.2579306748252774
3.2725828115011217
3.2713753012968567
3.2762000011287027
3.2500949380537114
3.2576327754363823
3.2517086919297555
3.2749114848873253
3.244198403922874
3.258363147732956
3.2215789144564235
3.2698632335744997
3.258778197699223
3.2559331855942695
3.2440301167111523
3.2503656448425495
3.249100782062302
3.2668090702760795
3.239592490277296
3.2281290993732847
3.248250093038778
3.2449802079046277
3.2396684500469144
3.251202663428951
3.2332476193081354
3.2475102020156386
3.24268583106074
3.2258507003810544
3.244594993324231
3.2405111538784803
3.2380262108749966
3.227675311574788
3.249125318038434
3.206994087195387
3.2485744529714315
3.237707723176945
3.2163982052968647
3.2130540542505437
3.2225620549722542
3.204676839767649
3.205193189555004
3.2245878551151037
3.2241245713326743
3.236416008643526
3.1843747996511858
3.207124243897038
3.190002819450947
3.221564145296827
3.20436466300726
3.212908072362116
3.207639591731413
3.202432867929519
3.1987986955367402
3.1927072534592207
3.216217417165292
3.1989966571316892
3.1885267362958225
3.1923920275195123
3.1796471439943006
3.190862777711203
3.19711751550741
3.1839251734445866
3.1959289833315587
3.2120557399284677
3.2102946349344905
3.1928979901834693
3.201233274255886
3.194913349050257
3.2022673738185894
3.1901478998739004
3.1961434390636625
3.1890974807871437
3.165751222792209
3.181427584399953
3.1728232246001546
3.1888280211523954
3.1834006955264003
3.187050851351213
3.185900564981291
3.19750188238284
3.1603136567211707
3.1665154861581652
3.1732637789922693
3.153151275698142
3.152335412566219
3.153625867308461
3.177800094417406
3.150433144778434
3.1681421222027586
3.1697573566817856
3.168161336201994
3.1614703784828873
3.1425854560579913
3.1778326641750647
3.159386380182252
3.179644019471669
3.17501744624956
3.173179734628125
3.1648667312455254
3.1514113782422575
3.185594257579168
3.1492869856302987
3.1604929504171477
3.150069073578916
3.1539161128677615
3.1477639402379296
3.152945524175329
3.154203716100604
3.1367120276060896
3.137211719844236
3.130532726497107
3.1589642668106537
3.1305120282689503
3.1585472729626622
3.175430707054033
3.1188249138718085
3.152171029810691
3.141756367045573
3.152845829787334
3.1307505901050696
3.145017512889653
3.1515181849047975
3.137915068837983
3.136111751618216
3.146207782563575
3.1554179513589746
3.1445811906810515
3.1235215642397294
3.127224289049786
3.112850542283397
61.34373989024219
31.13610974955522
23.0285664153805
19.186796376360086
16.761922199124015
15.093159165345345
13.88570232371149
12.878707413283617
12.026459854867841
11.394429133853878
10.986271443183753
10.371328139273126
9.930997519908242
9.547726218296853
9.291312106867121
9.027678736568657
8.778514700488255
8.591779335321117
8.37506557695753
8.177909311275444
7.9633191337066105
7.838537428042723
7.6701924070770175
7.552966901949565
7.366316049228106
7.285691069558214
7.110222131944143
7.097735768654324
6.941096432511451
6.898302213103916
6.772805549417019
6.66066874284706
6.583140634842176
6.525485263385066
6.389326476148554
6.342573031622325
6.24616446592741
6.262465969262429
6.189285439053373
6.13596223675871
6.008873167291997
6.014256104589166
5.962147213788635
5.842427821236617
5.821585791020702
5.750802166122968
5.746278520268568
5.672205490109822
5.62086199613883
5.557149762467621
5.495549798024167
5.477522520868153
5.459392565663871
5.356420980851565
5.374119130875011
5.319757294736656
5.30002478515055
5.259870584303715
5.2381227879260575
5.197698727984271
5.181099726632558
5.168807663881123
5.119664232454236
5.059774260406572
5.103662636229847
5.054235664620324
5.013513527592853
4.955826630268323
4.959980828144389
4.897196084026179
4.852695305545245
4.865710633282058
4.869326627547265
4.808815150771751
4.826131951688975
4.812755550399105
4.755061764356918
4.73976937714296
4.728635686702279
4.702488207146937
4.655177649679292
4.692823530394025
4.644980010245286
4.633809316784757
4.5943367022788575
4.592571272813772
4.595888755638677
4.564170185081151
4.5597092129515975
4.517521888840123
4.530473881030989
4.4968692696159165
4.4930931492738955
4.468193235849505
4.455872530705042
4.442815722356803
4.394768968489662
4.427044796155538
4.384607155075267
4.3667994068230405
4.389308249987885
4.332674714340561
4.341998872420857
4.309151226991401
4.315928539850292
4.319744468821713
4.336750077015847
4.292227467626286
4.253504086424872
4.2725128077174706
4.240242472772054
4.2204065930818855
4.206047129173286
4.206429558149226
4.218094197072736
4.167543637627689
4.183903315619984
4.150348205104665
4.153027801482441
4.151669110503855
4.129947840931379
4.108808981874476
4.1287838477151215
4.096740424962047
4.085259177333083
4.105330019429138
4.084634712751624
4.049802953991499
4.0744626064192095
4.06836171028963
4.03172939020539
4.041851012451594
4.027346716745186
4.010020733353146
4.0321307362680034
4.032023137659801
3.992274098772186
3.991363632252088
3.9823213235781543
3.96111510789214
3.960899474779082
3.940433698176071
3.919174927324696
3.95329257109094
3.9281233089398917
3.924993477626173
3.9304739041597414
3.8844445945297124
3.888802396331774
3.902540416051707
3.8637745445181637
3.9125163304358415
3.8667607598892557
3.856669085632356
3.86155579743028
3.8312168781089406
3.8401855437419634
3.8622666203691565
3.840948092266384
3.8619598486906086
3.8395806938656825
3.797975822884503
3.789025926483986
3.780544398698834
3.7537410433627256
3.797152918175391
3.7914684874048605
3.7821858015376932
3.777839094231524
3.7461467600088723
3.760013885597799
3.755215391065807
3.753625452598917
3.707549286884985
3.741251763904709
3.709064467394043
3.741135928906945
3.72571506683392
3.722978491711364
3.7043754765256587
3.6901535130004404
3.708472960427706
3.7033815360791005
3.6770293581996953
3.7102437264046637
3.6732936213622684
3.68131016834129
3.6940730816983405
3.6720408432199725
3.640547980541718
3.649362562040622
3.6526045432289633
3.653789157193798
3.638614510918709
3.659292764773558
3.6348172001262298
3.633024066084213
3.5902942855656184
3.6396307991894
3.6297467058324187
3.6151195320913425
3.615010553404604
3.6204016898717555
3.608223303344334
3.5892848531043215
3.612899233883603
3.6066434815044417
3.6065874653613696
3.60883298748898
3.594762410170462
3.564387565898074
3.5596518511060866
3.584481615254476
3.5608405608696065
3.5802819444665817
3.589720486431438
3.5670516553511353
3.5356456130627607
3.5370678711758368
3.498961933172454
3.551480499990199
3.550633744122563
3.546892931094611
3.5223085075535936
3.5067495350756013
3.486251575004838
3.51777254233993
3.5302640691171066
3.5024026362483687
3.5182292459120332
3.4929534399937614
3.491339987246648
3.5166796894735826
3.486730794781976
3.490317266584018
3.4988371783598184
3.5001345662880126
3.482335787531246
3.487978871084146
3.4741603736337914
3.476441263405351
3.4773810166161523
3.490230332982551
3.4660342943307496
3.4572778598202687
3.4697061965523504
3.456295573226609
3.475421771511254
3.4484393089286103
3.449924287725792
3.435226829115168
3.4508396203744476
3.4234053937749933
3.4499510595486926
3.4056447507946315
3.436950241190239
3.435599878822388
3.4211676059017355
3.4017859906521033
3.396044326612219
3.3987527005826506
3.3894761484792264
3.407770039482854
3.3852193873037235
3.4174459399153934
3.413787815797162
3.4125896131834956
3.379029159160698
3.360022508470151
3.4008485592075077
3.3824884879096944
3.3876632411458387
3.3735911619031165
3.3679234619002614
3.3828299100984616
3.380807791109614
3.3637357606539453
3.3520951165723147
3.371515082788713
3.3287995844511564
3.3384532510481266
3.360483761492637
3.389679282784433
3.336910736475281
3.345365073643869
3.3530486078651505
3.3345223961134374
3.3286896878982697
3.331234468856708
3.331445163168224
3.3073672268376093
3.355331823442757
3.352354830761141
3.331560613539157
3.3506108765763267
3.3080924167360997
3.315134490709658
3.336930764428069
3.315419166616819
3.3423533468781805
3.3258928431451715
3.3198951695180883
3.297634757786848
3.2788298777358884
3.314783301625467
3.3132441780324404
3.3083482088730323
3.299490115851029
3.306517194681878
3.307983145380182
3.3189860449152184
3.302514643841138
3.2995507595787474
3.3015583543906475
3.275928729080109
3.3094877397301232
3.289847751284809
3.2578476721063523
3.2705486151880336
3.2851172517327307
3.2755505793132462
3.2960097519174476
3.307874376558723
3.285887718226429
3.2690630054192895
3.2511223469401775
3.2580239885239464
3.269994014715368
3.266434064760829
3.2610510630987664
3.2420750302801578
3.246295830866084
3.2474462150689396
3.272033181252887
3.2517805203094334
3.268985189382497
3.282079483965712
3.2330302298052667
3.2374408676954567
3.264175703783817
3.2444408840334127
3.2536056474794726
3.2582255348472096
3.2479224346799818
3.2216820013778866
3.240852570749729
3.22264674912023
3.2344904711793356
3.220856659859077
3.2092566838804784
3.2273080885643237
3.2307662252120957
3.221765304452565
3.2406219397133276
3.218656950707988
3.2074856613057614
3.239945838235891
3.2474662843777558
3.220625478078174
3.222551722776724
3.217658007110258
3.2281407568654976
3.219951131957541
3.2253355841784823
3.21240779652785
3.193998709862742
3.20152985314557
3.213056776240342
3.227174960798016
3.186954157935035
3.1861381916452247
3.2161888095190214
3.205308592189957
3.1879363279953004
3.1982179184713977
3.1981349316007455
3.187790083183301
3.20994456852737
3.1954435776283043
3.192366131763852
3.198711872848481
3.2145883859533866
3.1904362869512553
3.151574392257866
3.210175458614414
3.187450605918851
3.167124796997787
3.1831636823800173
3.1888889586129485
3.1689606414599063
3.175137464370914
3.166657377267292
3.1747285926882656
3.144989411802462
3.1673181241111847
3.1853947958695903
3.1639865703484107
3.149498540476975
3.1626994396883257
3.1405586559772507
3.1455609983961414
3.157787639322639
3.1508148646610388
3.1645467397294147
3.1607404047430236
3.162147894709674
3.152235849224079
3.165232990466748
3.1718468365549
3.150731511427671
3.132692821467657
3.1382211849322146
3.146859093318568
3.1283306239529045
3.142491347670204
3.1250086144845133
3.14392829025358
3.1603400456169624
3.1332012203436483
3.1382030304332162
3.1282264300636675
3.136461633128481
3.1403039980273357
3.1425401883745048
3.1148026306977643
3.153086756291979
3.111073465661859
3.154016883080447
3.1462874681524395
3.115894226164719
3.1531521041777077
3.119487418365116
3.120233708333392
3.1147607196494724
3.124747184995086
3.1409031416181405
3.139571712868352
3.1101063337292687
3.1149652402890298
3.1124299763217103
3.089920623623384
3.1077612455514996
3.114442818540927
3.1278914983532156
3.109176054127951
3.1387788899561087
3.1311330197052754
3.1162278519285294
3.093525188500851
3.1073123692229236
3.081207346010833
3.0856252949794096
3.0803838851085863
3.1043635785798416
3.0993593117653417
3.085035301724627
3.1010966692930877
3.074586479057024
3.082712909799407
3.104745714556663
3.0979459123265003
3.090673756448269
3.0683477590163144
3.0974005912381877
3.0801459762088172
3.0889180662395455
3.088109348796209
3.07139387417286
3.099261504540479
3.0862537935948353
3.0876962815757487
3.0725896603989944
3.0740989774257947
3.0916471159669063
3.0592835325150785
3.0816511601876093
3.061825947138
3.0926267170830117
3.0656808461521274
3.071923638536469
3.085281214789906
3.0898512982490436
3.1010381271232825
3.072181025054712
3.0890526381628893
3.0827249121678193
3.06477483508266
3.064723062504581
3.048504470295447
3.0493510082303334
3.0666535664580516
3.04800706796203
3.0725014719342965
3.0656171068016596
3.0674776473116077
3.0630706257616653
3.045352766064671
3.0813176107787803
3.036142406609277
3.0423315497719714
78.49836981296265
62.72852646805161
34.627151814083085
24.886953242908437
20.333173684473834
17.442962681563827
15.763770164510643
14.525209622356732
13.47982238619646
12.499986749526458
11.831777917736254
11.291104459259897
10.762729936621183
10.383603123377751
9.974827548263175
9.683154386057351
9.365838115676924
9.044329215414866
8.849147929406028
8.64442182086063
8.438613188925885
8.285561037890393
8.09830503079991
7.93640320752409
7.765740611292024
7.6442638696662
7.563843029840645
7.4003634384987205
7.3548314638409185
7.1712223822556735
7.072671423746007
6.969528194656087
6.855236699749524
6.779806514580699
6.727752991754533
6.61613946897739
6.538820993831541
6.474283169571805
6.445887067776654
6.360889033061598
6.261137196213658
6.2200993073868105
6.170737816106272
6.113110276155497
6.009986335272597
5.997381607727264
5.922653722643659
5.868449414162951
5.861690284535507
5.801381938370347
5.754622071910209
5.727660433123822
5.679610589392217
5.632113443140042
5.580154444170116
5.590494263845774
5.5287453309826615
5.490136212407581
5.454521135848784
5.398334506804901
5.396799918662529
5.329714332406988
5.286323362572353
5.288168312157017
5.238784889384422
5.21338118128144
5.18080093017796
5.1724051426727495
5.143702576630935
5.06844595143546
5.060640759834393
5.075634176373053
5.036976683819504
5.00343344694667
5.002727874595676
4.949824938777292
4.931942621033875
4.870076388639053
4.926752448408348
4.858348702996674
4.875575513233046
4.858298037734025
4.777417140565658
4.802210885349466
4.770907659016948
4.775604563977792
4.746825470648286
4.686287393128904
4.694089904255902
4.6432982743560025
4.649585146715702
4.640121510361273
4.618445565366878
4.6054693453742885
4.596533909812144
4.610450260190307
4.5912777546096395
4.559273743094598
4.547271343687654
4.5382925848587705
4.530700771530215
4.50954113139046
4.50259022380287
4.479515128352123
4.48916796821329
4.488655442198558
4.4397346486715135
4.431794874244213
4.417811595980186
4.411321352797954
4.395809503402841
4.367238379447797
4.3871202663453115
4.348157282259324
4.333041500798717
4.340847776060307
4.3380371241745745
4.302668616129429
4.339663653714082
4.2755304104193375
4.290325954748366
4.287881992599494
4.263293957059881
4.265188225592817
4.279533862337811
4.267470760066623
4.247488526971023
4.227088282455474
4.221692994808308
4.193956984360534
4.213099094938404
4.176596657930039
4.206501026119448
4.18349500734271
4.1451646981644945
4.193242042737392
4.151758180250285
4.162867445740695
4.14099090901368
4.145559961989185
4.116882983839252
4.0839688416141815
4.122625631365338
4.072624252887798
4.0779297349192225
4.093620431475408
4.080064950853248
4.04735559935884
4.029904465239961
4.030978893484475
4.005831034998448
4.022616202890154
4.052669571384582
4.0433544088549445
4.048273000665531
4.001377244956118
4.0075359675766915
4.002722239872335
3.9947084189759074
3.9931527122471544
4.005672944983301
3.980080034520074
3.975105081742869
3.9493433604886783
3.9367736140881506
3.9707781887395237
3.956241175253635
3.9515890781094485
3.9480106478986023
3.927356407051613
3.9329883754404897
3.9069692875460937
3.9275945474655694
3.922220696544084
3.912924193161822
3.9078786787855053
3.8952150632354297
3.87896256038393
3.897372426969107
3.8925432425850124
3.8721655809299405
3.874578844101157
3.884007232413508
3.864229364793392
3.850961387466284
3.8746298132816994
3.8384056419963053
3.860897527584977
3.847055506570271
3.825260323931041
3.8198333485048486
3.839358494039221
3.7939394113409506
3.807732056290321
3.8135091296177253
3.779679569581918
3.773299559500702
3.783607265967408
3.7882859386478303
3.7822437408632026
3.7633563578831373
3.7554187580898457
3.759922084983168
3.7537392132043017
3.7633086324909497
3.7398602151478983
3.7480642793151207
3.7487117786909856
3.7219500702355823
3.7317211987607686
3.7182649596062034
3.7233368251309225
3.7440341386066054
3.749004705242298
3.721923528805077
3.7133898689995606
3.685251606027987
3.7223944768517625
3.710020539541033
3.682155003750627
3.7023209318848687
3.6612461879803484
3.6755914838233608
3.658920925544249
3.681568473130399
3.6754692621145315
3.675721183093139
3.690278066454855
3.661664130652487
3.614657449858625
3.667303075294245
3.6644390840698597
3.6432142439481
3.6414310157306162
3.6819335152459196
3.633065515454434
3.6653672673382816
3.6431484228049476
3.6295825144717724
3.6336824970668737
3.610349582981379
3.6078220735136393
3.618695224043713
3.6289674540129475
3.5777690938235187
3.639147990847159
3.590512793024188
3.5981836670707152
3.5962897436428776
3.601589736823132
3.5910756978431095
3.5976835864350156
3.5866147871877816
3.582635149589284
3.5764951298078715
3.590031538539044
3.565645909312329
3.586990974924825
3.5842612715308926
3.569702704507537
3.5535223898453197
3.5547268179831755
3.5628016234213873
3.568441914430865
3.5542454319772867
3.544639708602895
3.5451638229060416
3.5450258129557874
3.5624737816537086
3.556367215808188
3.5233419528856658
3.5540594537780925
3.525345584604275
3.5313083138133434
3.525541962059426
3.530602919374302
3.504381494030283
3.539465509787339
3.5278553253119895
3.5222214181146017
3.5352434438611033
3.5139644638686
3.4938408037497553
3.514551243552895
3.5179837283840314
3.482967671222235
3.4951273957044173
3.5021824391104133
3.4920001172544692
3.5028281179112803
3.5060384501292825
3.5024945523951296
3.5047067771263523
3.4779509137061146
3.4675490287729254
3.4750004043252494
3.477000289929267
3.489256186214372
3.4724363004540892
3.4661253050131564
3.4689298029210462
3.4703615999244852
3.4924270792061547
3.482517016538336
3.4570317068592105
3.4701648052856866
3.452419487870229
3.4552520982057144
3.4395919559432793
3.4736119464911988
3.4682622027060135
3.431200344154715
3.430860285973515
3.4444717961377593
3.4310085785737336
3.4309673891494805
3.462671234123005
3.459393704422709
3.4276902077363287
3.4544666677920355
3.394553881018755
3.4437259966237384
3.4260196505775005
3.4506783656294813
3.433501807890452
3.419336213042116
3.4002652067523167
3.4184556839678946
3.420953782442374
3.4485650698582235
3.4170831213262916
3.3963483144156448
3.399536150348447
3.403333728635876
3.400783108617462
3.394677445516539
3.4161905104895163
3.4040179598931295
3.4192428577509744
3.405956811724703
3.387059091790946
3.390120558652992
3.396508971484611
3.3758836762525766
3.3933998273070087
3.391794768817838
3.3581317200272807
3.391983352575358
3.379511646256815
3.382431244840599
3.3779227493651076
3.372651629263076
3.362992710755642
3.3638544915957374
3.3729841474679274
3.382275072205276
3.3571009469987643
3.3762842379274867
3.354871642059552
3.373512949502822
3.362185310552968
3.3743466355117433
3.3558227519163224
3.366869638908105
3.3755943866987197
3.3518383767954427
3.3418718260900078
3.355771131920533
3.3521991444103074
3.335149327447656
3.3458878096636653
3.3469867748998694
3.3538630766750828
3.3569805195026254
3.341251923530546
3.3610024262177185
3.3354207143160055
3.344045476052261
3.352202678503898
3.3602336302331173
3.3124518053250895
3.3392591956986317
3.3643256099625183
3.3296377524014815
3.3269884728404207
3.3383752684834547
3.3236020593039926
3.3001772153255104
3.310724022973003
3.321645171698003
3.328523138449556
3.3276373490190743
3.327661346831975
3.309315048479502
3.319359373961626
3.324102073128364
3.3401682147186165
3.344801932955287
3.312218835806533
3.3356017093201347
3.2961148184511493
3.3275467282611855
3.319524652226446
3.300186073506969
3.317779853193199
3.3092699768346967
3.297781747124938
3.290855236910968
3.3102648252444586
3.2817978054904358
3.3068389905017694
3.303459299663282
3.2730679311184816
3.2848417550091
3.2830449821642724
3.2994583813309015
3.296548453139473
3.307731591436577
3.2932462031583727
3.2815872117394904
3.2899434660995803
3.2985901924205434
3.2829646613866528
3.258988328547025
3.2889654197864155
3.2710823710766754
3.2701894743559414
3.2640625037875126
3.2722804080078034
3.2754438324778845
3.2690771416712834
3.2929307052484766
3.2616287034068776
3.271989614473412
3.2901594167428643
3.2737259437002337
3.2773348364357653
3.244963451158673
3.2434293916330956
3.287533517271771
3.261786422638623
3.275067962053241
3.2566743778173803
3.2608234990705105
3.241518415154057
3.2550438802337887
3.275973798818552
3.2503943853501776
3.2529108616929543
3.2716133962045775
3.266020941269977
3.238010914325815
3.2405320533265694
3.2417061158486873
3.2376500163651976
3.240712581046582
3.2652358227374663
3.247123965317718
3.257339948172979
3.2372373227175566
3.252885030364046
3.2348478311040707
3.2106143690463265
3.240709182422866
3.2433408998638122
3.2419812717435406
3.239663038530229
3.2205086267253753
3.223627747963802
3.2459371778960007
3.23978874607115
3.2308434277823865
3.21785782458006
3.224773392945535
3.2315278965561673
3.237251320895414
3.2308366743078345
3.232332904933675
3.2098974278195294
3.246878168024608
3.238790958402151
3.222579205427857
3.230564335299236
3.2269700501425107
3.221062135333747
3.236618966649074
3.2171911991533135
3.209808256734437
3.216650016865367
3.2135733563507047
3.199694246734901
3.2205764633542073
3.199362858339621
3.2230943060519692
3.210639732722357
3.220627945252911
3.1925175547685467
3.223991071959818
3.218730128280407
3.219625997253233
