74.75464007448521
38.61998081912391
29.810014731434087
24.97520489248459
21.97918177190741
19.870005190256006
18.055024366641184
17.013176600724314
15.896395136401747
15.07995344119992
14.217390827343703
13.541231836150144
13.051119430394612
12.537489426853131
12.143389779108286
11.671249833175578
11.408075137624014
11.031852178649313
10.963875264845145
10.532924242189265
10.2888105525178
10.251244823421507
9.93389892888512
9.663093551768801
9.538020356366172
9.558403934027815
9.351648138023409
9.274333571917959
9.151203071607368
9.075550294377484
8.9313776472438
8.686117928292903
8.678625476168703
8.502898623269424
8.390359525507476
8.39364652411191
8.32598713439077
8.29263047012603
8.077821886911808
7.9659321571492
7.958237712654355
7.963537043890432
7.746900317408809
7.737715321253849
7.641678181924218
7.627982815497002
7.594878210847878
7.4830642236360845
7.470425270843407
7.4790137080064945
7.334704524689461
7.282833761657739
7.3075916246754415
7.202189232062429
7.181692716939085
7.270990347529058
7.265478327403382
7.158951403154188
6.987966822166778
6.977175414881157
6.985657792952547
6.841496442195095
7.028936212019304
6.973521802524083
6.829806435219483
6.770047670092907
6.8648341600242775
6.823202009950935
6.807886145296337
6.6335584148766555
6.777995964455331
6.691281973359933
6.648480659048291
6.549244376865549
6.523693327278139
6.634531328871095
6.4105589851167
6.469147811522887
6.379601753359319
6.434216186127101
6.3733854515535215
6.3714580767644104
6.354533696380222
6.356028823020685
6.396693462294486
6.325602559402767
6.423878927947943
6.276393362602051
6.264322324880425
6.230874756848673
6.33635619947126
6.221728071896581
6.278738080374899
6.228618976451099
6.08281754169395
6.134773523001798
6.153040517736627
6.127574246260753
6.163001440667989
6.013304862865396
6.027068501975712
6.09596392849536
6.106528317647665
6.088449686975415
5.944752108525737
6.112459569494638
5.962312381694986
5.9454528960772315
6.0042373301318825
5.998321904337639
5.997218835391855
5.995111789998725
5.852800703598517
5.8369112953456135
5.873014415318539
5.9202280035486385
5.826808807380402
5.772862741469802
5.865561716259564
5.851311963027646
5.83942439046657
5.806891824857872
5.779685842314345
5.7398958492815435
5.762348487250556
5.77474693419281
5.8396469845577865
5.7523220924016805
5.770229458102624
5.815213091624415
5.714640028532624
5.762499850178394
5.693986563813713
5.588193684976437
5.64371957621
5.648349542162816
5.684511909050903
5.627153271658889
5.732606227504639
5.767645868659803
5.623499168746655
5.5927513078767594
5.591772829847765
5.530980451334252
5.552071251517343
5.501465761514002
5.503063956732581
5.601848228613473
5.449695146097406
5.578624660128942
5.538482058298133
5.529152935915605
5.442721633587793
5.512229136445904
5.458336303689881
5.477775812975198
5.513148899926046
5.569976913492218
5.503201436602672
5.476035031834255
5.4122358259852055
5.384085602096261
5.447329752699629
5.555881449118449
5.5060504377752135
5.352001406716404
5.382779724997132
5.394201484419865
5.416061355378327
5.47747251136576
5.321384544685436
5.390211347135807
5.4750664336131045
5.4254707361276395
5.291261290939887
5.367847959486998
5.274685507774349
5.369779027040663
5.279881479337473
5.317346902402741
5.426785151372046
5.412072573977018
5.292121047980383
5.319636350022494
5.367074066115766
5.340763172920365
5.2219577333247935
5.235342179743242
5.406948758858844
5.394639073957418
5.404871547434089
5.254565167245865
5.329472609396486
5.207853568247818
5.216521162092788
5.261151894884404
5.194698176849945
5.141651929178803
5.285751195430127
5.188679501198998
5.328584161736731
5.140170423009651
5.217752126937658
5.168145998464996
5.196027631638574
5.247179566791127
5.078697509885422
5.153514155284162
5.1756584120570635
5.206610562596749
5.314534336080396
5.092096810960484
5.2925652958477745
5.111356432749367
5.294930457886025
5.163644225219022
5.142373043279481
5.193046754742103
5.251477254490305
5.142520640618693
5.140003723282776
5.222389051035316
5.046907869251152
5.001310147484664
5.221735599890846
5.096808570272635
5.065513989312387
5.223695948922383
5.017773373820971
5.1348511812432305
5.006258068055651
5.034614763597667
5.072427109685391
5.087848753163338
5.01889892201493
5.08764946379417
5.12210549287558
5.113234466470324
4.970260318755493
5.125750657251693
4.955940642061425
5.145327961137154
5.064223850047734
4.976095713506719
5.0640217839985695
4.959584332192137
5.037429278594196
4.935069887485331
4.976454640961994
4.982617682307775
4.945165359504219
5.047862384680162
5.158190707670592
4.970354728754746
4.94667299550815
4.933157654241219
5.052982621518444
4.922595472982493
4.961624975024179
4.978321698712052
4.992768036562625
5.083013362413242
4.9246368035432715
4.984757706598256
5.111914334329575
5.043701159537175
5.043295185724911
5.032541774406625
5.0378550446544015
5.040114936856049
5.048298516214109
5.046812778785962
5.059585652151015
4.999458993652169
5.021252401999397
4.986055180855702
4.881721065624502
4.88118774385105
5.035722410730226
4.859604321577227
4.844428217411389
4.898894488015234
4.989486201233086
4.97641253210134
4.891144355930463
4.880296455435048
5.010646179785525
4.888443931577619
4.7904360210490475
4.993359333479728
4.9513374038684095
4.891048120057678
4.95560346973412
4.991921226612536
4.881877375785316
4.898224768696668
4.848701822978106
4.935752140617996
4.878928644459021
4.901113783774872
4.876452524132776
5.008857952270017
4.999605808748869
4.767579667914463
4.977535225687232
4.979998389969277
4.944213239382116
4.974556701742126
4.905696943974644
4.883229854170611
4.845165620831106
5.012838836117453
4.933619775952818
4.7721502904936814
4.963436439152296
4.884311967953922
4.796356199080353
4.956508396981266
4.870283113724246
4.798593061321853
4.800986884959617
4.899553953066358
4.8019688464608565
4.893259688523862
4.952695457525745
4.974000040510679
4.884373605655817
4.778784343231739
4.740002613703379
4.877333004447025
4.7567026664222585
4.81284126974319
4.84272630096157
4.8134553576779595
4.777398662311818
4.879506718573665
4.826311835313677
4.817331456611514
4.813703145165662
4.86697284711826
4.788213707531642
4.783961451708712
4.856909060518923
4.83467361902621
4.805685036222739
4.801274623045805
4.749598990008654
4.729462654489493
4.800884980046912
4.893442235460958
4.725673403228123
4.903068461259085
4.848211316526562
4.875172074647879
4.8101258540999385
4.841628988670071
4.901378171897546
4.897321710614516
4.812608672988362
4.782734308759077
4.792423348569335
4.900159688100829
4.814685216714568
4.803608641780067
4.739664925076316
4.775508292137102
4.740450381321313
4.72911042639527
4.855510218013119
4.735503471304575
4.714790786334288
4.658865048347114
4.828533785488722
4.809477666769449
4.761758836332271
4.789871524662275
4.66292373658186
4.867844089244268
4.862166603800302
4.681699791158263
4.865267141313799
4.824682777974729
4.859380681427474
4.676425275439412
4.792894429970382
4.781800284457151
4.701099488530488
4.791120751308189
4.755555966374881
4.777458212834167
4.708535015887792
4.729435211579191
4.6433081511805065
4.808037397998758
4.720794405796477
4.8286708911241565
4.758437210143637
4.670283809754481
4.7247022449708584
4.669767414894215
4.634237857108465
4.740100823139619
4.669870405740842
4.7433750560949
4.814903680771314
4.632568682826532
4.703145575886782
4.832079630146728
4.710464450222233
4.593657613699101
4.647165378900434
4.8016810068656905
4.637359727513056
4.688601418522999
4.772256441733251
4.736627177752655
4.843013687842767
4.7236657146492025
4.787945408452456
4.673844160184121
4.7139770171495545
4.741142959441505
4.663646841895158
4.797895906390198
4.776970280959917
4.5748994378761845
4.627509573170638
4.734168412845708
4.796038899971641
4.662846227780168
4.729133035361454
4.72544702771768
4.685938761048926
4.6319347653684915
4.682696024735834
4.636170864919836
4.704487077865796
4.582483089164896
4.672032305004928
4.641497601608626
4.748029820656878
4.769946525196487
4.640019564913075
4.693982572018291
4.677704302132386
4.695206589153136
4.750227551980749
4.770573008118094
4.617094582971102
4.771188103690809
4.672364179908099
4.662889253471286
4.802629289855879
4.597153631016272
4.580410696839868
4.633485928219726
4.646749375440075
4.725754420902584
4.745374467189961
4.757163559980818
4.736182934654322
4.651848055393545
4.610808256704191
4.717495521026064
4.724164063822822
4.614853416142391
4.738791063568428
4.596511503898174
4.6948126114410424
4.645220195814842
4.676032485880017
4.597339876899978
4.610500275577152
4.761934971285282
4.594142162783882
4.725896284435798
4.6616094758988655
4.726219756007456
4.5932276485055485
4.625245380743326
4.679617317171901
4.6336928375024256
4.5409009577410675
4.575551232852963
4.54309159795455
4.584339241983298
4.641463553735177
4.640234812175685
4.705458969671101
4.693900918828291
4.728257254306973
4.578811757521284
4.583411399699165
4.683349458015658
4.517379343519822
4.542783579147843
4.70296885428456
4.699623571233721
4.617163908917803
4.638477009220627
74.77130452039624
38.664407597540425
29.244737748679622
24.804301831145548
21.872621935562304
19.675868299027858
18.29939772230691
16.80414888550061
15.869324561662818
14.85800203652997
14.462820296899826
13.64038998909569
13.138302392539327
12.717546781377932
12.216419774008973
11.850016894857324
11.469320415215092
11.224457969023693
10.895612631781402
10.539469403036287
10.392565388534004
10.280598822551271
10.05963737300292
9.862046376834773
9.743935951411132
9.577978725633509
9.35402013417623
9.20431671757432
9.183778637541614
8.848585150698941
8.975380889303437
8.751335332842729
8.72344562173802
8.493300599479383
8.551039996109928
8.416114863762651
8.20457274450186
8.214336705170954
8.16106274239188
8.1320103767659
7.8829014351843085
7.9737651031940215
7.846938962683843
7.80123935987515
7.761551204879488
7.75194088408699
7.724775334317756
7.461684395806964
7.445619085577558
7.483955147765075
7.478728158906176
7.29869222617025
7.202162606474979
7.211442470315515
7.119291477854408
7.214839130983193
7.189070251751111
7.069191333954362
7.160406773336771
7.088732118573181
6.918625241951099
6.978678562444424
6.877770167522888
6.799479893132087
6.945281193776316
6.83779904224306
6.874963737443398
6.727378083258638
6.7881296910829905
6.8222291544144
6.659358907412433
6.565390167814079
6.733214060097154
6.6855264162381784
6.606989096914102
6.492841633905164
6.534711675797899
6.468387078823128
6.454475338031851
6.490350806777461
6.336973921827169
6.391129304870498
6.395218350156488
6.357411403497352
6.426605863058018
6.417425948753697
6.255983413142576
6.218818763512667
6.387515509296705
6.3847969137125755
6.262597988566799
6.207163904397982
6.332727950219774
6.282559235304724
6.13592033394228
6.222782161580793
6.087945164565993
6.068859523436475
6.044392078411303
6.109525179164883
5.997495039209524
6.141540979738061
6.041586872341153
6.05742024543602
6.138889819849503
5.99014085807166
6.153127173234159
6.020832640981852
5.902455751103463
6.0772647565579
5.979046322457279
5.924987281407925
5.937007476993859
5.912330880986084
5.942865069719465
5.817503433319011
5.835177095342914
5.886641573197287
5.888627231039821
5.85590935219395
5.9234889304802705
5.727020318255193
5.851030584812611
5.858632689689113
5.8353760570151
5.733905737942754
5.715591160605749
5.7676568123718805
5.7438756711960135
5.836644550852378
5.66927282488049
5.631651654226935
5.734426819879328
5.6949713114063325
5.702047952829932
5.743827391362069
5.576875168365884
5.735241395479821
5.759240244130344
5.704075792115452
5.584140885557155
5.700897477120393
5.612772404736909
5.571837924432326
5.710102555116817
5.487076646433924
5.713107676402621
5.615062123322722
5.625380081966773
5.676848005670061
5.7007555201914455
5.685558710972298
5.647196038849306
5.459878788695037
5.59129954302512
5.580347554211254
5.570435838039763
5.57656810097125
5.45471856074642
5.5655689882998605
5.448324338281792
5.48902742580665
5.439558767873253
5.48908675395841
5.552685244963095
5.522340469849269
5.4143248937213
5.478554306935923
5.341814608405648
5.30902237237843
5.42667486972849
5.539049581790375
5.516663925262458
5.384249720101678
5.481826463156085
5.451825024157037
5.496582834717333
5.5239789601735785
5.36431512845579
5.309897250429576
5.456504377911197
5.401469895310184
5.4936958889552585
5.3413165189192595
5.453230991810856
5.404685831217793
5.394627187956423
5.235741113157773
5.454163330905915
5.372577286338448
5.4496496952673645
5.41011734601166
5.265725940706881
5.363330543453607
5.232651160458139
5.423115764621748
5.288154852702985
5.336417389336275
5.237865488537765
5.268986026028721
5.209544754964345
5.214338388362814
5.211936050892411
5.2665263834666485
5.210997655659059
5.139730089913016
5.2928603090731805
5.245469093109032
5.3237698399742515
5.3025423696187435
5.334889485596047
5.276391384340657
5.370003126618577
5.298843326697416
5.290237412550373
5.183319423748804
5.2647071060533595
5.194354355089774
5.300385460902011
5.19784837392845
5.08235683281782
5.284770011905181
5.146591670602476
5.252146303446451
5.142231194614978
5.297204781754414
5.094928851103097
5.207878364261743
5.182746742505584
5.318757577394918
5.1942802099327565
5.26625934530535
5.3243187781701415
5.192187248809549
5.107346075777166
5.129620682886895
5.274649513777708
5.2129231958682585
5.1722985596593265
5.103982673995103
5.126402672933118
5.143086884601516
5.266065152506398
5.092499013592368
5.105065698051134
5.114376835299414
5.053967966785726
5.2125787854128545
5.179584936064236
5.22494718220695
5.050616596260414
5.186940037995522
5.110601270353312
5.028217013498421
5.027278712450524
5.238814084557392
5.092548925605778
5.1523136584133935
5.175418278529142
5.044153274993699
5.076427239416901
5.018707652197841
5.07082857732703
5.0987963783067345
5.067348924332638
5.063015322067048
5.023401170788185
5.011798194988735
5.196076331570428
5.0132407817713664
5.155248622806243
5.060631615082653
5.037962825431469
5.044055869236947
4.9562065509623
5.041953594808213
5.128701665825184
5.023034238675409
5.084802633870013
5.125440441635652
5.068124676394894
5.01751594185603
5.009781567598519
5.120619458953569
5.186641852369633
4.957425749047022
5.13533017563753
5.070297264235146
4.956953734685784
5.097237181085242
5.158542955212709
5.119875993072459
5.1329436030417614
5.043375246870396
5.111128826851137
4.952073383269971
4.962296317516325
5.082198536164268
4.967894500859575
5.084753807173698
5.066958590588755
5.068065729265884
5.010305137457348
4.950653139636258
4.950336618433404
5.086273339819215
5.0111000209537195
4.933475894468428
5.020456559575606
5.008668243283996
4.992320293797319
4.944813200979707
5.0851904846719185
5.129536604123988
5.068448576386672
4.901039038378829
4.88872111588898
4.948950721827064
4.915691321167776
4.905980622423127
4.932510588479718
5.047024738194493
4.941140512741739
5.057642036703506
4.895628887712228
4.893674931796146
4.963374039222614
5.061383877662655
4.988798343811492
5.012893093665268
5.033310212605735
4.930081678085144
4.965927373224984
5.055931284844004
4.889740833844404
4.925727973080515
4.933859699803133
4.958004470705588
4.8332238366236195
4.96957864140628
4.955885729881054
5.003889729394602
4.801522519998747
4.859050084786833
4.984178286725614
4.863674195231241
4.881296763252926
4.848092733978931
4.865971510226899
4.9799464342093875
4.972735817742224
4.865566673372581
4.955087788643333
5.017010313821066
4.9650117520346235
4.95185922169253
4.896532610642
4.827421555257726
4.813790040154775
4.975373452242389
4.921396934199591
4.83792387046402
4.9433618473157575
4.895649044336489
4.828183829045238
4.947837114014496
4.853284260357879
4.900911277638593
4.9940966598206336
4.854833133860118
4.9512325676834
4.82225561081625
4.935197749143862
4.87546527337554
4.944657366697637
4.819449370630372
4.999132316565625
4.822722121955065
4.879633656694096
4.981054081979533
4.8239808926709795
4.881682302093612
4.751402379706896
4.900313235982384
4.908348362105963
4.7968919465511295
4.855562749301156
4.911035497046005
4.89321774235348
4.884417201769159
4.9738437684727534
4.81785436457841
4.754907595191593
4.907973824472609
4.7374612140300565
4.842623700162408
4.847472863008745
4.822556259906492
4.859411696934601
4.894491525767256
4.843043673193119
4.929819282066349
4.870334951302724
4.771520631514348
4.845850886815651
4.797554602634448
4.908748020455481
4.767027619679024
4.813617099155659
4.932120625729649
4.729702027110104
4.856007606404142
4.7325547740172516
4.717788690503299
4.790715445063696
4.858310892277586
4.840198804135348
4.769983857630057
4.7992070114040555
4.858329242777486
4.819289821683729
4.733996588604354
4.796104749749419
4.696579690315795
4.666426239655903
4.869123091314599
4.833147501057133
4.818631139408574
4.728618551407587
4.762209345255058
4.71695384206654
4.682183214931329
4.682904931570912
4.759435478119725
4.737508747679102
4.8432157574070684
4.863357250614131
4.773054165120719
4.723664005855173
4.675030774654862
4.825255736202957
4.677869225226045
4.845774175677313
4.686548006297424
4.671869229488276
4.684765396719665
4.680584247449075
4.829975222900725
4.681664440496176
4.74987723684223
4.690384816090684
4.756791113217374
4.765038452251069
4.744347852662807
4.719874764400948
4.65271894617533
4.714301989040319
4.732669403739852
4.666050324923107
4.655973847684245
4.69671939919201
4.724854609726158
4.826756026407212
4.8538467947601704
4.752808117811741
4.81679772181814
4.733578889442961
4.664381385543958
4.828740587699532
4.702580366510336
4.8215297209991705
4.701138044051605
4.7250459033499785
4.706819401936641
4.8414548265813835
4.744852444788595
4.667991607418404
4.795712686434611
4.735063144171364
4.734441143367802
4.792898001404676
4.749147833567863
4.781971294034625
4.7837468898488735
4.779587550369939
4.68710156511325
4.709772607931806
4.616921536555864
4.602734605002331
4.7177604575791285
4.645589695900875
4.605394196078234
4.773730127342479
4.625950298923913
4.705543421082937
4.688157731625532
4.789441636793725
4.697721246686388
4.7571988804478
4.664691788539113
73.84327206388153
38.15240373042688
29.3168517787878
24.657372558942996
21.73988386966745
19.47067461294939
17.867229686707127
16.770677849153206
15.79135743739722
14.917640208499584
14.130956852972698
13.452699057243311
13.029971366712093
12.58557301521436
12.259890943121208
11.736214068904326
11.443290644739676
11.211199273339224
10.982404579670199
10.682920883066107
10.440724426390569
10.238495082551369
10.131748061661431
9.804802406666868
9.693446805158487
9.584646363257292
9.486219706113268
9.28315315692855
9.155988622047827
8.939572392145472
8.859738306224482
8.785372459038781
8.730884674562194
8.541111394478357
8.402185341317123
8.416986882075264
8.35728773259389
8.245761294172343
8.303948981401705
8.208670514774129
8.146742019535013
7.942454196219461
7.980797879410378
7.790349117944942
7.724924894240918
7.643027600029684
7.756329494035634
7.492498912755006
7.471130685626105
7.604292348901686
7.4054129392159975
7.443656665876437
7.378645491374526
7.343556570742195
7.209219066922293
7.223550968536293
7.1626288518000125
7.183277786954876
7.152303559201552
7.084180268887519
7.092199021867223
6.942596070335873
7.019730116271291
6.909714788345736
6.840102955833251
6.915890190672726
6.935617468870142
6.81596431175247
6.744693353976747
6.8244057205709066
6.744122754462042
6.626504178124939
6.583544168471455
6.725004468816309
6.730636939669954
6.633453683366159
6.6215290849737345
6.455648773101472
6.597419489405085
6.50166077707164
6.491171180609661
6.453941516491692
6.49143360536914
6.375076800122756
6.414344464501826
6.416845071714412
6.337092549577963
6.273833084482185
6.248601728035232
6.235492877258717
6.2340830321826095
6.18381681618615
6.205710374008224
6.3375944783051255
6.162588274563325
6.234621700771607
6.290719926124256
6.227791779544214
6.083674240729364
6.197922887762636
6.194607510298687
6.144847612618729
6.0663738167131935
6.157502593359428
5.980939570097458
6.073759309119415
5.9509298314045225
5.962353599736153
6.135278651625759
5.97436582474066
6.050246815756612
5.972551221044593
6.069330059948881
5.979053475145314
5.874472727559681
5.9153097898590214
5.943655201637164
5.921435260121467
6.018644757712783
5.961323310533668
5.982862320060497
5.9344189786796555
5.787490907035423
5.863976290164844
5.909727266900467
5.955181803260389
5.766841884424688
5.843396067666102
5.825201023258709
5.924599566011073
5.713511291104356
5.700027199045485
5.772243712034493
5.751552155160875
5.771722107540583
5.855727439453172
5.6660774571192105
5.826407877147302
5.785715309213441
5.727599188067392
5.590615243979237
5.711942044376229
5.699749091234034
5.747697053111253
5.774233784346525
5.772112658981507
5.6029958027363325
5.561305846762174
5.571041733332268
5.537344487381729
5.524090513419962
5.582786414112191
5.64839601952841
5.540117916381653
5.511304672452186
5.61414820619354
5.645533314753968
5.509325092968891
5.694349259874101
5.661750930494326
5.49818555536292
5.681712032555142
5.6456351188892695
5.504156957060394
5.499273607541902
5.597855524093874
5.424269264121957
5.496872978008689
5.530490786027734
5.451367561559296
5.489409302056023
5.456507009735543
5.477508674095442
5.483303997245635
5.46424577376345
5.5671088078748925
5.47736867321215
5.4346465793036804
5.467959249639693
5.5215900851470385
5.384888222628855
5.5187945900841475
5.372976404393743
5.388100013227169
5.505670657191202
5.342901109834322
5.343380614685207
5.482596172511105
5.487875925437705
5.360404866994125
5.367444677182451
5.406930279120067
5.296924881494072
5.449572319506526
5.412192515794623
5.4223670214524
5.441697905996704
5.332193935139731
5.295006168519931
5.349635017045874
5.407087868386146
5.3464183012625535
5.349699646472212
5.4522206036163094
5.246890244531423
5.197900865289472
5.324175644757434
5.34011443507983
5.2471491444251495
5.40145403764307
5.3849349816071
5.3702627849962274
5.219088040227987
5.329389660846128
5.298615598220467
5.384992396122728
5.363439785032127
5.284127389627538
5.164190153651019
5.3434676994824715
5.338737309644494
5.278067272016509
5.352323920772707
5.2068419984757615
5.237783656842528
5.19887153692377
5.26656073280732
5.2923601742437
5.304537859892641
5.325899495718475
5.20634571688107
5.328530989262713
5.289307490688051
5.146213551125745
5.149180848380769
5.301245429404464
5.138438709403178
5.21643467089986
5.097670567803615
5.204583508092188
5.075515697525395
5.097543327336211
5.128940841841726
5.157675614515243
5.127842560848093
5.205823625475938
5.240479304825576
5.056856877323314
5.2770231307122915
5.253065411228451
5.261594745028373
5.261408986649255
5.232040287856864
5.042504165854725
5.0794672844766815
5.1904288099086715
5.259682939673966
5.0749787551136185
5.0265122015312755
5.156447070837361
5.031771508096918
5.189119713785193
5.23543012912911
5.08014973690919
5.060452941142381
5.096549959832247
5.076530022013118
5.158214400515835
5.122301801050752
5.179848981812986
5.0423545930296
5.203781998248192
5.123514710248147
5.132333842018091
5.095435873347792
5.101399126848981
5.134947974518243
5.130545147013668
5.029106991599435
5.021450915285004
5.010265696861
5.197586111031967
5.0381968521003735
5.160254599591186
5.025459359367994
4.984702934709553
5.008282375833489
5.033171990066922
5.118846310948773
5.129566307061655
5.118677899410861
4.915932047167928
5.086075318863405
4.973611971357364
4.967266184649073
5.133400087474946
5.008974097256257
5.084039091758343
5.056484950201704
5.104836452348769
5.1244958327409265
5.060119921267966
4.94782941654244
4.921221888410357
4.969529478051245
4.962125076058833
4.971064779965977
5.04847011909845
4.9966785216362
5.037232514006244
5.021905868165398
5.062172158305255
4.894355810899257
4.942447075726059
5.116251431422171
4.935510909313697
5.045192705837177
4.9207675841048495
4.967679701739364
4.909278479031713
4.877952055078389
4.9050753233377975
4.94880828557483
5.022763865075856
4.982189118861148
4.959873722572849
4.867288649820764
4.91446855860908
4.998858877373499
4.984723265123833
4.947465493120694
5.032388789699551
4.996250305065598
4.974945395224394
4.866830579533651
4.964519019114638
4.938932009422613
4.854287854173932
4.83772988094861
4.964558593276724
4.8855711374116
4.8698780771039845
5.042194935237357
4.843675987265605
4.86276802218953
4.831793730790628
4.9693125787692285
4.990866579339
4.971526056259995
4.8210306132916
4.900412614667792
4.827834148651705
4.942403679999973
4.800314500882156
4.858737755260047
4.992052033889661
4.893897176319685
4.984919560153619
4.912757702381549
4.814871637482255
5.0001082370038255
5.0116316184532215
4.921185253830799
4.831908105796371
4.892365258798489
4.814856061162368
4.9846890817637535
4.835543346540531
4.817707287051608
4.8377611639960705
4.944172340142036
4.899580487736172
4.992848343138203
4.9691301074151255
4.8098250678298555
4.793683454448532
5.00753961131
4.922243922660771
4.867945513584209
4.961082648056517
4.917121848431223
4.896193090216331
4.9927960483721625
4.943366490478869
4.922652050978613
5.008120696431335
4.7857061873095725
4.813207363222425
4.78395932371814
4.835203686770778
4.877455555514094
4.9826774825175715
4.851945830175411
4.992975029666992
4.835087207373589
4.87030607309034
4.8350760353975435
4.742692527020543
4.873348819286453
4.838108430737019
4.9728246797321365
4.831531146370578
4.842337211723584
4.854786529461727
4.936803516444279
4.819509082761692
4.937451169513044
4.941995265018482
4.7826009578931385
4.813203316702044
4.967189513554962
4.777624177055829
4.791433082135933
4.95427318861993
4.81566335991576
4.8794676255446285
4.872583077292682
4.819896114736284
4.945104654561069
4.926388928447508
4.963870224787871
4.781390845581865
4.79103818635894
4.960982845178504
4.951958335615394
4.763308568815852
4.8738715619841
4.809813593169046
4.9182438319048405
4.822559066589336
4.797567108208456
4.891009677764801
4.862265810219993
4.808823409776884
4.871511460715378
4.788471550745753
4.887935777307443
4.8450795404181815
4.7639552225590345
4.742553537520318
4.809223959725938
4.8637148052567225
4.894396731494144
4.769976544822018
4.897405362157239
4.845660365505794
4.848940975462088
4.814396277885753
4.830671601086076
4.824794616704109
4.791995732144708
4.810927142716524
4.829523793261194
4.758568048326279
4.748830948181863
4.707743893511651
4.719302514124303
4.800865949974104
4.914012805008665
4.73941936108026
4.863491104524072
4.833576653978972
4.770396087159273
4.858790980459797
4.711808470627002
4.743172355588842
4.74683949715582
4.853955709051062
4.820754155025288
4.787881241035301
4.749503434527057
4.913141004408525
4.80709122365596
4.735059693497102
4.812057700901732
4.820708405927732
4.807893948665366
4.745485190697342
4.827937516390946
4.714237582193425
4.777862376386192
4.798594073702322
4.742018930502534
4.70478602972636
4.767942400893462
4.694081555302832
4.650487089475276
4.665955457846271
4.876538048716905
4.8537140983000695
4.854126958886068
4.778052591655371
4.826441556296227
4.805025443506623
4.815634028824182
4.793002325558981
4.689642930398473
4.859474373943192
4.808312066801162
4.697524754505374
