4.000000000000000000e+00
1.383847310683850029e+00
1.383847310683850029e+00
1.382430797648129817e+00
1.382430797648129817e+00
2.032532607868600127e+00
2.032532607868600127e+00
1.463178268682370220e+00
1.463178268682370220e+00
1.357601955059379861e+00
1.357601955059379861e+00
1.110171543606220057e+00
1.110171543606220057e+00
5.329295417815179681e-01
5.329295417815179681e-01
3.248490628522550105e-01
3.248490628522550105e-01
1.595369829173389764e-01
1.595369829173389764e-01
9.636571361952869785e-02
9.636571361952869785e-02
1.094734928578939975e-01
1.094734928578939975e-01
6.052547360220190270e-02
6.052547360220190270e-02
6.836949338268470677e-02
6.836949338268470677e-02
5.865486568420989755e-02
5.865486568420989755e-02
5.785938938379280028e-02
5.785938938379280028e-02
