4.000000000000000000e+00
1.790477855587600198e+00
2.246690784015069831e+00
2.259401454482290017e+00
2.005146660496279765e+00
1.548669898468320039e+00
1.056567875041300120e+00
6.773469986662929987e-01
7.704532070817757816e-01
4.306610635990779090e-01
2.203085072581529857e-01
1.607118416125190019e-01
1.679799966728209581e-01
2.235338605767260012e-01
2.086955900589730351e-01
1.976367558202130059e-01
1.540854606387609682e-01
1.457034365474369764e-01
1.419914021598829845e-01
1.270028285778790067e-01
1.110551571809959975e-01
8.742133592235079576e-02
7.345406658051480131e-02
6.117218541167699503e-02
1.068293556085809920e-01
1.390577218324980102e-01
1.144016233261059973e-01
1.243831478113830158e-01
1.048175388091729943e-01
8.368064085741150349e-02
8.123980388099280581e-02
