Learning Rate	Train Loss	Train Acc.	
0.001000	27.368557	0.125000	
0.001000	26.526604	0.093750	
0.001000	26.697390	0.046875	
0.001000	25.906221	0.156250	
0.001000	25.774837	0.148438	
0.001000	25.419750	0.132812	
0.001000	25.291637	0.164062	
0.001000	25.218613	0.234375	
0.001000	25.370062	0.140625	
0.001000	25.238087	0.265625	
0.001000	25.217342	0.171875	
0.001000	25.108648	0.242188	
0.001000	25.189522	0.179688	
0.001000	25.111942	0.234375	
0.001000	25.065561	0.250000	
0.001000	25.056484	0.265625	
0.001000	24.921846	0.351562	
0.001000	25.023624	0.250000	
0.001000	24.974028	0.265625	
0.001000	24.925089	0.335938	
0.001000	24.954292	0.320312	
0.001000	24.783070	0.406250	
0.001000	24.671848	0.453125	
0.001000	24.839792	0.359375	
0.001000	24.691284	0.390625	
0.001000	24.652885	0.398438	
0.001000	24.629099	0.406250	
0.001000	24.579859	0.421875	
0.001000	24.470390	0.437500	
0.001000	24.533243	0.406250	
0.001000	24.276531	0.515625	
0.001000	24.477699	0.500000	
0.001000	24.422934	0.468750	
0.001000	24.225313	0.507812	
0.001000	24.151840	0.570312	
0.001000	24.162762	0.578125	
0.001000	24.252068	0.484375	
0.001000	24.241774	0.546875	
0.001000	24.143421	0.554688	
0.001000	24.223122	0.562500	
0.001000	24.088827	0.570312	
0.001000	24.104864	0.554688	
0.001000	23.941322	0.632812	
0.001000	23.971260	0.601562	
0.001000	23.848173	0.640625	
0.001000	24.057447	0.625000	
0.001000	23.810186	0.687500	
0.001000	23.709511	0.718750	
0.001000	23.885481	0.617188	
0.001000	23.757832	0.695312	
0.001000	23.899340	0.664062	
0.001000	23.680895	0.750000	
0.001000	23.695974	0.679688	
0.001000	24.035717	0.609375	
0.001000	23.927908	0.625000	
0.001000	23.753828	0.656250	
0.001000	24.029419	0.531250	
0.001000	23.752146	0.671875	
0.001000	23.765070	0.710938	
0.001000	23.834322	0.632812	
0.001000	23.580618	0.750000	
0.001000	23.949347	0.601562	
0.001000	23.630957	0.742188	
0.001000	23.596613	0.734375	
0.001000	23.712135	0.718750	
0.001000	23.532698	0.765625	
0.001000	23.609953	0.718750	
0.001000	23.541744	0.765625	
0.001000	23.646959	0.718750	
0.001000	23.779530	0.656250	
0.001000	23.230875	0.835938	
0.001000	23.672939	0.671875	
0.001000	23.400229	0.781250	
0.001000	23.536285	0.757812	
0.001000	23.385481	0.789062	
0.001000	23.340141	0.796875	
0.001000	23.438082	0.796875	
0.001000	23.171621	0.851562	
0.001000	23.495113	0.750000	
0.001000	23.454119	0.742188	
0.001000	23.489407	0.695312	
0.001000	23.301495	0.796875	
0.001000	23.087000	0.867188	
0.001000	23.319868	0.789062	
0.001000	23.316942	0.796875	
0.001000	23.287886	0.804688	
0.001000	23.233027	0.820312	
0.001000	23.412983	0.734375	
0.001000	23.145481	0.835938	
0.001000	23.145334	0.835938	
0.001000	23.426548	0.757812	
0.001000	23.341249	0.804688	
0.001000	23.312450	0.750000	
0.001000	23.016266	0.851562	
0.001000	23.296751	0.789062	
0.001000	23.333431	0.773438	
0.001000	23.362967	0.804688	
0.001000	23.412390	0.718750	
0.001000	23.605679	0.718750	
0.001000	23.309391	0.773438	
0.001000	23.119671	0.843750	
0.001000	23.513941	0.710938	
0.001000	23.284538	0.710938	
0.001000	23.095240	0.820312	
0.001000	23.140324	0.835938	
0.001000	23.065567	0.867188	
0.001000	23.157843	0.773438	
0.001000	23.242495	0.781250	
0.001000	23.202280	0.789062	
0.001000	23.429760	0.742188	
0.001000	23.283760	0.773438	
0.001000	23.192795	0.851562	
0.001000	23.238016	0.804688	
0.001000	23.242117	0.781250	
0.001000	23.183310	0.804688	
0.001000	23.329498	0.703125	
0.001000	22.932896	0.859375	
0.001000	22.838015	0.890625	
0.001000	23.070328	0.812500	
0.001000	23.007441	0.835938	
0.001000	22.999121	0.820312	
0.001000	23.032864	0.843750	
0.001000	23.001642	0.843750	
0.001000	23.110271	0.804688	
0.001000	23.173300	0.796875	
0.001000	23.170750	0.773438	
0.001000	22.866056	0.882812	
0.001000	22.855524	0.851562	
0.001000	22.784582	0.906250	
0.001000	22.879623	0.835938	
0.001000	22.909988	0.843750	
0.001000	23.106901	0.781250	
0.001000	22.975580	0.828125	
0.001000	22.862581	0.843750	
0.001000	23.074686	0.820312	
0.001000	22.857222	0.851562	
0.001000	22.850294	0.859375	
0.001000	23.137802	0.812500	
0.001000	22.944151	0.835938	
0.001000	22.960041	0.789062	
0.001000	22.798496	0.882812	
0.001000	22.766605	0.882812	
0.001000	22.813852	0.890625	
0.001000	23.022207	0.820312	
0.001000	22.808760	0.843750	
0.001000	22.817404	0.898438	
0.001000	22.794855	0.867188	
0.001000	22.719425	0.890625	
0.001000	22.766829	0.882812	
0.001000	22.903004	0.828125	
0.001000	22.781290	0.867188	
0.001000	22.807610	0.859375	
0.001000	22.832092	0.867188	
0.001000	22.675766	0.890625	
0.001000	22.661713	0.937500	
0.001000	22.760210	0.859375	
0.001000	23.025089	0.804688	
0.001000	23.000933	0.828125	
0.001000	22.723600	0.882812	
0.001000	22.546625	0.937500	
0.001000	22.692459	0.875000	
0.001000	22.808807	0.867188	
0.001000	22.770275	0.890625	
0.001000	22.898596	0.828125	
0.001000	22.773722	0.828125	
0.001000	22.706739	0.890625	
0.001000	22.720997	0.875000	
0.001000	22.618874	0.859375	
0.001000	22.839943	0.859375	
0.001000	22.611610	0.890625	
0.001000	22.443560	0.960938	
0.001000	22.629555	0.882812	
0.001000	22.585335	0.906250	
0.001000	22.659447	0.882812	
0.001000	22.595360	0.921875	
0.001000	22.631737	0.867188	
0.001000	22.669968	0.851562	
0.001000	22.613625	0.882812	
0.001000	22.725847	0.828125	
0.001000	22.470922	0.945312	
0.001000	22.885902	0.843750	
0.001000	22.517794	0.921875	
0.001000	22.495554	0.914062	
0.001000	22.482365	0.921875	
0.001000	22.679834	0.859375	
0.001000	22.643986	0.867188	
0.001000	22.621357	0.898438	
0.001000	22.639069	0.875000	
0.001000	22.447968	0.921875	
0.001000	22.691689	0.851562	
0.001000	22.424816	0.929688	
0.001000	22.799955	0.812500	
0.001000	22.580145	0.859375	
0.001000	22.666008	0.890625	
0.001000	22.513268	0.882812	
0.001000	22.464483	0.898438	
0.001000	22.407101	0.929688	
0.001000	22.599579	0.859375	
0.001000	22.333363	0.945312	
0.001000	22.474335	0.906250	
0.001000	22.387367	0.937500	
0.001000	22.511494	0.914062	
0.001000	22.396809	0.914062	
0.001000	22.505363	0.898438	
0.001000	22.353580	0.945312	
0.001000	22.373789	0.921875	
0.001000	22.470297	0.914062	
0.001000	22.592657	0.867188	
0.001000	22.673658	0.851562	
0.001000	22.431892	0.890625	
0.001000	22.504114	0.890625	
0.001000	22.359386	0.937500	
0.001000	22.562981	0.820312	
0.001000	22.406639	0.906250	
0.001000	22.490416	0.882812	
0.001000	22.429920	0.921875	
0.001000	22.379408	0.921875	
0.001000	22.463726	0.882812	
0.001000	22.300232	0.937500	
0.001000	22.351389	0.898438	
0.001000	22.365820	0.898438	
0.001000	22.406603	0.890625	
0.001000	22.439285	0.906250	
0.001000	22.538204	0.843750	
0.001000	22.356157	0.906250	
0.001000	22.321827	0.890625	
0.001000	22.308241	0.906250	
0.001000	22.434515	0.898438	
0.001000	22.379667	0.898438	
0.001000	22.364824	0.906250	
0.001000	22.192621	0.937500	
0.001000	22.301846	0.906250	
0.001000	22.324320	0.929688	
0.001000	22.536467	0.859375	
0.001000	22.446548	0.851562	
0.001000	22.444767	0.875000	
0.001000	22.306341	0.914062	
0.001000	22.327847	0.890625	
0.001000	22.310818	0.882812	
0.001000	22.382381	0.890625	
0.001000	22.351562	0.867188	
0.001000	22.321423	0.882812	
0.001000	22.135553	0.960938	
0.001000	22.398556	0.898438	
0.001000	22.361931	0.882812	
0.001000	22.334021	0.867188	
0.001000	22.152109	0.945312	
0.001000	22.498283	0.859375	
0.001000	22.288158	0.921875	
0.001000	22.132740	0.929688	
0.001000	22.228132	0.921875	
0.001000	22.204954	0.914062	
0.001000	22.239277	0.906250	
0.001000	22.282257	0.882812	
0.001000	22.081879	0.953125	
0.001000	22.104460	0.945312	
0.001000	22.189417	0.906250	
0.001000	22.053663	0.960938	
0.001000	22.208555	0.906250	
0.001000	22.170473	0.906250	
0.001000	22.268177	0.859375	
0.001000	22.169334	0.929688	
0.001000	22.112091	0.921875	
0.001000	22.292854	0.906250	
0.001000	22.063522	0.914062	
0.001000	22.059566	0.953125	
0.001000	22.045929	0.937500	
0.001000	22.029837	0.937500	
0.001000	22.128674	0.937500	
0.001000	22.124182	0.914062	
0.001000	22.184189	0.898438	
0.001000	22.205002	0.882812	
0.001000	22.368599	0.890625	
0.001000	22.005472	0.929688	
0.001000	22.062220	0.921875	
0.001000	22.203323	0.890625	
0.001000	21.966928	0.937500	
0.001000	22.032829	0.937500	
0.001000	22.081409	0.890625	
0.001000	21.943979	0.945312	
0.001000	22.011055	0.914062	
0.001000	22.302847	0.828125	
0.001000	22.121223	0.906250	
0.001000	22.017546	0.945312	
0.001000	22.082542	0.921875	
0.001000	21.976351	0.937500	
0.001000	21.899736	0.960938	
0.001000	22.083948	0.953125	
0.001000	21.959948	0.937500	
0.001000	22.079605	0.914062	
0.001000	22.024151	0.921875	
0.001000	22.109835	0.875000	
0.001000	22.235596	0.875000	
0.001000	21.997990	0.906250	
0.001000	21.984571	0.929688	
0.001000	22.004385	0.906250	
0.001000	21.920275	0.945312	
0.001000	21.846378	0.976562	
0.001000	22.040478	0.875000	
0.001000	22.136414	0.890625	
0.001000	21.940676	0.921875	
0.001000	22.038008	0.921875	
0.001000	22.134123	0.851562	
0.001000	21.867767	0.953125	
0.001000	21.858864	0.945312	
0.001000	21.855766	0.960938	
0.001000	22.000481	0.890625	
0.001000	22.198345	0.867188	
0.001000	21.943207	0.914062	
0.001000	21.874062	0.953125	
0.001000	21.908285	0.937500	
0.001000	22.014395	0.882812	
0.001000	21.898966	0.914062	
0.001000	21.925877	0.898438	
0.001000	21.981071	0.882812	
0.001000	21.882792	0.937500	
0.001000	21.792364	0.953125	
0.001000	21.886030	0.937500	
0.001000	21.767244	0.945312	
0.001000	21.772476	0.953125	
0.001000	21.881002	0.906250	
0.001000	21.811943	0.929688	
0.001000	21.928076	0.906250	
0.001000	21.968138	0.890625	
0.001000	22.004196	0.882812	
0.001000	21.765921	0.937500	
0.001000	21.825867	0.953125	
0.001000	21.857004	0.914062	
0.001000	21.820745	0.937500	
0.001000	21.872261	0.921875	
0.001000	21.881844	0.914062	
0.001000	21.940758	0.906250	
0.001000	21.748161	0.937500	
0.001000	21.742083	0.953125	
0.001000	21.784918	0.937500	
0.001000	21.862492	0.906250	
0.001000	21.830383	0.914062	
0.001000	21.769846	0.929688	
0.001000	21.645958	0.968750	
0.001000	21.670418	0.960938	
0.001000	21.773628	0.921875	
0.001000	21.783283	0.914062	
0.001000	21.703192	0.953125	
0.001000	21.728758	0.945312	
0.001000	21.810835	0.898438	
0.001000	21.736055	0.921875	
0.001000	21.720268	0.937500	
0.001000	21.805735	0.929688	
0.001000	21.600916	0.953125	
0.001000	21.772303	0.906250	
0.001000	21.810268	0.906250	
0.001000	21.737873	0.914062	
0.001000	21.779835	0.921875	
0.001000	21.670925	0.921875	
0.001000	21.624731	0.968750	
0.001000	21.702610	0.898438	
0.001000	21.741114	0.906250	
0.001000	21.688543	0.929688	
0.001000	21.710833	0.921875	
0.001000	21.761366	0.882812	
0.001000	21.754305	0.921875	
0.001000	21.835566	0.882812	
0.001000	21.838575	0.914062	
0.001000	21.518032	0.984375	
0.001000	21.611994	0.937500	
0.001000	21.686272	0.921875	
0.001000	21.574018	0.953125	
0.001000	21.639523	0.929688	
0.001000	21.628027	0.921875	
0.001000	21.738558	0.882812	
0.001000	21.700417	0.906250	
0.001000	21.694031	0.906250	
0.001000	21.531296	0.945312	
0.001000	21.530416	0.953125	
0.001000	21.722525	0.906250	
0.001000	21.610962	0.921875	
0.001000	21.445620	0.976562	
0.001000	21.623104	0.914062	
0.001000	21.483688	0.960938	
0.001000	21.530867	0.937500	
0.001000	21.527718	0.945312	
0.001000	21.533627	0.929688	
0.001000	21.772573	0.851562	
0.001000	21.515123	0.945312	
0.001000	21.606882	0.929688	
0.001000	21.456371	0.945312	
0.001000	21.669771	0.898438	
0.001000	21.690275	0.875000	
0.001000	21.470041	0.968750	
0.001000	21.610237	0.921875	
0.001000	21.545984	0.914062	
0.001000	21.414608	0.968750	
0.001000	21.483656	0.953125	
0.001000	21.793987	0.882812	
0.001000	21.463930	0.945312	
0.001000	21.525558	0.929688	
0.001000	21.513033	0.945312	
0.001000	21.403173	0.945312	
0.001000	21.346840	0.984375	
0.001000	21.435364	0.937500	
0.001000	21.532509	0.898438	
0.001000	21.378044	0.968750	
0.001000	21.379932	0.953125	
0.001000	21.395948	0.953125	
0.001000	21.434917	0.953125	
0.001000	21.384586	0.953125	
0.001000	21.497412	0.914062	
0.001000	21.567757	0.882812	
0.001000	21.470486	0.945312	
0.001000	21.372849	0.945312	
0.001000	21.260612	0.992188	
0.001000	21.481462	0.898438	
0.001000	21.476196	0.914062	
0.001000	21.631313	0.875000	
0.001000	21.315084	0.968750	
0.001000	21.389059	0.960938	
0.001000	21.270227	0.976562	
0.001000	21.299025	0.968750	
0.001000	21.415060	0.953125	
0.001000	21.457071	0.929688	
0.001000	21.326418	0.968750	
0.001000	21.344931	0.945312	
0.001000	21.325666	0.921875	
0.001000	21.279400	0.945312	
0.001000	21.228075	0.984375	
0.001000	21.288263	0.953125	
0.001000	21.295137	0.945312	
0.001000	21.279299	0.937500	
0.001000	21.342947	0.953125	
0.001000	21.438231	0.906250	
0.001000	21.254147	0.945312	
0.001000	21.232819	0.945312	
0.001000	21.269981	0.968750	
0.001000	21.381351	0.914062	
0.001000	21.179289	0.968750	
0.001000	21.257494	0.960938	
0.001000	21.224586	0.937500	
0.001000	21.252689	0.960938	
0.001000	21.139677	0.984375	
0.001000	21.246931	0.945312	
0.001000	21.242777	0.921875	
0.001000	21.286034	0.929688	
0.001000	21.253071	0.953125	
0.001000	21.151569	0.976562	
0.001000	21.172417	0.960938	
0.001000	21.201546	0.960938	
0.001000	21.122534	0.976562	
0.001000	21.242449	0.921875	
0.001000	21.209866	0.945312	
0.001000	21.141409	0.945312	
0.001000	21.249781	0.921875	
0.001000	21.213017	0.937500	
0.001000	21.131931	0.976562	
0.001000	21.224943	0.945312	
0.001000	21.057682	0.984375	
0.001000	21.097427	0.953125	
0.001000	21.143055	0.960938	
0.001000	21.035366	0.976562	
0.001000	21.033237	0.976562	
0.001000	21.087437	0.968750	
0.001000	21.025845	0.984375	
0.001000	20.974817	1.000000	
0.001000	21.025797	0.976562	
0.001000	21.215384	0.906250	
0.001000	21.096352	0.960938	
0.001000	21.001173	0.992188	
0.001000	21.317297	0.914062	
0.001000	21.052179	0.968750	
0.001000	21.234978	0.958333	
0.001000	20.679552	0.976562	
0.001000	20.751160	0.937500	
0.001000	20.679001	0.953125	
0.001000	20.691351	0.960938	
0.001000	20.769314	0.921875	
0.001000	20.645094	0.953125	
0.001000	20.680775	0.945312	
0.001000	20.761703	0.945312	
0.001000	20.807459	0.890625	
0.001000	20.686562	0.960938	
0.001000	20.804775	0.921875	
0.001000	20.608437	0.992188	
0.001000	20.604658	0.976562	
0.001000	20.577209	0.976562	
0.001000	20.566813	0.976562	
0.001000	20.687811	0.937500	
0.001000	20.568674	0.968750	
0.001000	20.538065	0.968750	
0.001000	20.647284	0.953125	
0.001000	20.551510	0.976562	
0.001000	20.609102	0.960938	
0.001000	20.597158	0.953125	
0.001000	20.540520	0.960938	
0.001000	20.572184	0.953125	
0.001000	20.483257	0.992188	
0.001000	20.575272	0.945312	
0.001000	20.570543	0.960938	
0.001000	20.650112	0.921875	
0.001000	20.511248	0.968750	
0.001000	20.572479	0.929688	
0.001000	20.443865	0.992188	
0.001000	20.491133	0.976562	
0.001000	20.610184	0.945312	
0.001000	20.466042	0.976562	
0.001000	20.505455	0.960938	
0.001000	20.545570	0.953125	
0.001000	20.579777	0.921875	
0.001000	20.460068	0.968750	
0.001000	20.462931	0.968750	
0.001000	20.521379	0.945312	
0.001000	20.487276	0.945312	
0.001000	20.510817	0.968750	
0.001000	20.411356	0.992188	
0.001000	20.518879	0.929688	
0.001000	20.460043	0.960938	
0.001000	20.519667	0.953125	
0.001000	20.451490	0.953125	
0.001000	20.437319	0.968750	
0.001000	20.401030	0.976562	
0.001000	20.386965	0.984375	
0.001000	20.499849	0.945312	
0.001000	20.366280	0.968750	
0.001000	20.409281	0.976562	
0.001000	20.585516	0.921875	
0.001000	20.528318	0.953125	
0.001000	20.413765	0.968750	
0.001000	20.505304	0.945312	
0.001000	20.353806	0.984375	
0.001000	20.410315	0.960938	
0.001000	20.361647	0.976562	
0.001000	20.588446	0.898438	
0.001000	20.470974	0.929688	
0.001000	20.387375	0.960938	
0.001000	20.448965	0.953125	
0.001000	20.494925	0.914062	
0.001000	20.359381	0.968750	
0.001000	20.375278	0.953125	
0.001000	20.498611	0.906250	
0.001000	20.558746	0.929688	
0.001000	20.557974	0.890625	
0.001000	20.288406	0.976562	
0.001000	20.412470	0.945312	
0.001000	20.330555	0.953125	
0.001000	20.475138	0.898438	
0.001000	20.332726	0.960938	
0.001000	20.334122	0.960938	
0.001000	20.268589	0.960938	
0.001000	20.295404	0.960938	
0.001000	20.344286	0.921875	
0.001000	20.353960	0.937500	
0.001000	20.471085	0.914062	
0.001000	20.201643	0.976562	
0.001000	20.189667	0.984375	
0.001000	20.288553	0.968750	
0.001000	20.267839	0.945312	
0.001000	20.263565	0.960938	
0.001000	20.165421	0.992188	
0.001000	20.268158	0.960938	
0.001000	20.202728	0.976562	
0.001000	20.221004	0.976562	
0.001000	20.378447	0.898438	
0.001000	20.311014	0.929688	
0.001000	20.252373	0.953125	
0.001000	20.232502	0.945312	
0.001000	20.213737	0.953125	
0.001000	20.216690	0.968750	
0.001000	20.280521	0.937500	
0.001000	20.210415	0.953125	
0.001000	20.315145	0.929688	
0.001000	20.257767	0.929688	
0.001000	20.190844	0.960938	
0.001000	20.272287	0.937500	
0.001000	20.160471	0.976562	
0.001000	20.117525	0.976562	
0.001000	20.146851	0.976562	
0.001000	20.151011	0.984375	
0.001000	20.220583	0.953125	
0.001000	20.186022	0.945312	
0.001000	20.131769	0.968750	
0.001000	20.208475	0.937500	
0.001000	20.204893	0.945312	
0.001000	20.223249	0.921875	
0.001000	20.125643	0.960938	
0.001000	20.271299	0.960938	
0.001000	20.107193	0.953125	
0.001000	20.363539	0.898438	
0.001000	20.099045	0.968750	
0.001000	20.044128	0.992188	
0.001000	20.104763	0.960938	
0.001000	20.137527	0.953125	
0.001000	20.178188	0.945312	
0.001000	20.054558	0.968750	
0.001000	20.079868	0.968750	
0.001000	20.195831	0.921875	
0.001000	20.244682	0.937500	
0.001000	20.086609	0.937500	
0.001000	20.040659	0.968750	
0.001000	20.007421	0.968750	
0.001000	20.069197	0.984375	
0.001000	20.103096	0.968750	
0.001000	19.997932	0.968750	
0.001000	20.042160	0.968750	
0.001000	20.016602	0.953125	
0.001000	20.058533	0.960938	
0.001000	20.101603	0.960938	
0.001000	19.990353	0.968750	
0.001000	20.085815	0.945312	
0.001000	20.081165	0.945312	
0.001000	20.128130	0.937500	
0.001000	20.041002	0.960938	
0.001000	19.982809	0.968750	
0.001000	20.046345	0.937500	
0.001000	19.936630	0.968750	
0.001000	20.017969	0.960938	
0.001000	19.959002	0.960938	
0.001000	19.908670	0.968750	
0.001000	19.944164	0.984375	
0.001000	19.889517	0.984375	
0.001000	19.906822	0.976562	
0.001000	19.949587	0.960938	
0.001000	20.002968	0.937500	
0.001000	20.067406	0.937500	
0.001000	19.915470	0.960938	
0.001000	19.875904	0.976562	
0.001000	19.912519	0.960938	
0.001000	19.887808	0.968750	
0.001000	19.955460	0.945312	
0.001000	20.069113	0.929688	
0.001000	19.931280	0.968750	
0.001000	19.838800	0.968750	
0.001000	19.854666	0.976562	
0.001000	19.912645	0.968750	
0.001000	19.997049	0.953125	
0.001000	19.871332	0.960938	
0.001000	19.859871	0.960938	
0.001000	19.820173	0.968750	
0.001000	19.924219	0.953125	
0.001000	19.848509	0.953125	
0.001000	19.791307	0.992188	
0.001000	19.815928	0.960938	
0.001000	19.788715	0.984375	
0.001000	19.789417	0.976562	
0.001000	19.816206	0.968750	
0.001000	19.902714	0.945312	
0.001000	19.795338	0.976562	
0.001000	19.826654	0.960938	
0.001000	19.924423	0.906250	
0.001000	19.775808	0.960938	
0.001000	19.763020	0.976562	
0.001000	19.798267	0.960938	
0.001000	19.786898	0.960938	
0.001000	19.733027	0.968750	
0.001000	19.799236	0.968750	
0.001000	19.751368	0.984375	
0.001000	19.792746	0.953125	
0.001000	19.841631	0.960938	
0.001000	19.766659	0.960938	
0.001000	19.748447	0.968750	
0.001000	19.695910	0.992188	
0.001000	19.802998	0.953125	
0.001000	19.676359	0.976562	
0.001000	19.752447	0.945312	
0.001000	19.745972	0.953125	
0.001000	19.783201	0.960938	
0.001000	19.727831	0.945312	
0.001000	19.644779	0.992188	
0.001000	19.687407	0.976562	
0.001000	19.756804	0.937500	
0.001000	19.638224	0.992188	
0.001000	19.706867	0.968750	
0.001000	19.696136	0.960938	
0.001000	19.711721	0.945312	
0.001000	19.679041	0.984375	
0.001000	19.740623	0.929688	
0.001000	19.621922	0.984375	
0.001000	19.675947	0.968750	
0.001000	19.685747	0.968750	
0.001000	19.921474	0.914062	
0.001000	19.907490	0.921875	
0.001000	19.672077	0.968750	
0.001000	19.676178	0.968750	
0.001000	19.670444	0.960938	
0.001000	19.782742	0.921875	
0.001000	19.569653	0.984375	
0.001000	19.621962	0.953125	
0.001000	19.620047	0.960938	
0.001000	19.593931	0.968750	
0.001000	19.629110	0.960938	
0.001000	19.600052	0.953125	
0.001000	19.647606	0.968750	
0.001000	19.554512	0.953125	
0.001000	19.607279	0.968750	
0.001000	19.587971	0.976562	
0.001000	19.716829	0.953125	
0.001000	19.741768	0.953125	
0.001000	19.554243	0.945312	
0.001000	19.528614	0.968750	
0.001000	19.534876	0.960938	
0.001000	19.640327	0.937500	
0.001000	19.659687	0.945312	
0.001000	19.551823	0.945312	
0.001000	19.494926	0.984375	
0.001000	19.567556	0.953125	
0.001000	19.550814	0.953125	
0.001000	19.587015	0.945312	
0.001000	19.495859	0.968750	
0.001000	19.424479	1.000000	
0.001000	19.439064	0.984375	
0.001000	19.544306	0.953125	
0.001000	19.586658	0.929688	
0.001000	19.513586	0.953125	
0.001000	19.556282	0.921875	
0.001000	19.460356	0.968750	
0.001000	19.548542	0.960938	
0.001000	19.550251	0.937500	
0.001000	19.452129	0.960938	
0.001000	19.495762	0.960938	
0.001000	19.537785	0.945312	
0.001000	19.587660	0.929688	
0.001000	19.475267	0.968750	
0.001000	19.446312	0.960938	
0.001000	19.407013	0.976562	
0.001000	19.447420	0.953125	
0.001000	19.589989	0.921875	
0.001000	19.383190	0.992188	
0.001000	19.401258	0.968750	
0.001000	19.502445	0.945312	
0.001000	19.378794	0.976562	
0.001000	19.390324	0.968750	
0.001000	19.362335	0.976562	
0.001000	19.458368	0.953125	
0.001000	19.415869	0.960938	
0.001000	19.352396	0.976562	
0.001000	19.420082	0.976562	
0.001000	19.288752	1.000000	
0.001000	19.312693	0.992188	
0.001000	19.330509	0.976562	
0.001000	19.305008	0.976562	
0.001000	19.365273	0.968750	
0.001000	19.334297	0.968750	
0.001000	19.401329	0.960938	
0.001000	19.418140	0.937500	
0.001000	19.346571	0.953125	
0.001000	19.320452	0.960938	
0.001000	19.261017	0.992188	
0.001000	19.386042	0.960938	
0.001000	19.273056	0.984375	
0.001000	19.318211	0.968750	
0.001000	19.380920	0.953125	
0.001000	19.258251	0.960938	
0.001000	19.288288	0.968750	
0.001000	19.359806	0.929688	
0.001000	19.274498	0.960938	
0.001000	19.229778	0.984375	
0.001000	19.299520	0.953125	
0.001000	19.223114	0.968750	
0.001000	19.193022	0.976562	
0.001000	19.332146	0.953125	
0.001000	19.286921	0.953125	
0.001000	19.250357	0.953125	
0.001000	19.256496	0.960938	
0.001000	19.260145	0.945312	
0.001000	19.318840	0.945312	
0.001000	19.252876	0.945312	
0.001000	19.209709	0.968750	
0.001000	19.296787	0.953125	
0.001000	19.185349	0.976562	
0.001000	19.165400	0.976562	
0.001000	19.197226	0.968750	
0.001000	19.349186	0.906250	
0.001000	19.260952	0.960938	
0.001000	19.243441	0.937500	
0.001000	19.252123	0.960938	
0.001000	19.121536	0.984375	
0.001000	19.185486	0.960938	
0.001000	19.077427	1.000000	
0.001000	19.158268	0.984375	
0.001000	19.347569	0.921875	
0.001000	19.181549	0.968750	
0.001000	19.199492	0.968750	
0.001000	19.100895	0.984375	
0.001000	19.191641	0.960938	
0.001000	19.140991	0.960938	
0.001000	19.103830	0.984375	
0.001000	19.110983	0.984375	
0.001000	19.092663	0.984375	
0.001000	19.111443	0.976562	
0.001000	19.113113	0.968750	
0.001000	19.092957	0.984375	
0.001000	19.068331	0.984375	
0.001000	19.118614	0.968750	
0.001000	19.083504	0.968750	
0.001000	19.127968	0.960938	
0.001000	19.171555	0.953125	
0.001000	19.221134	0.953125	
0.001000	19.053831	0.960938	
0.001000	19.076225	0.945312	
0.001000	19.050941	0.976562	
0.001000	19.068966	0.968750	
0.001000	19.034283	0.960938	
0.001000	19.021816	0.976562	
0.001000	19.106544	0.960938	
0.001000	19.137806	0.953125	
0.001000	19.086365	0.960938	
0.001000	19.035543	0.976562	
0.001000	19.035837	0.976562	
0.001000	19.125906	0.937500	
0.001000	19.003828	0.968750	
0.001000	18.915594	1.000000	
0.001000	18.943722	0.992188	
0.001000	19.026281	0.960938	
0.001000	18.992691	0.968750	
0.001000	18.970083	0.976562	
0.001000	18.971039	0.968750	
0.001000	18.973906	0.968750	
0.001000	18.948877	0.976562	
0.001000	18.950378	0.953125	
0.001000	19.078447	0.960938	
0.001000	18.947618	0.984375	
0.001000	18.960564	0.968750	
0.001000	19.016544	0.953125	
0.001000	18.967581	0.968750	
0.001000	18.988586	0.968750	
0.001000	18.871788	0.984375	
0.001000	18.924839	0.968750	
0.001000	18.971363	0.945312	
0.001000	18.962984	0.953125	
0.001000	18.902548	0.976562	
0.001000	18.952551	0.960938	
0.001000	18.945198	0.945312	
0.001000	18.917429	0.968750	
0.001000	19.000069	0.929688	
0.001000	19.085447	0.914062	
0.001000	18.812328	0.976562	
0.001000	18.814535	0.992188	
0.001000	18.867432	0.960938	
0.001000	18.829681	0.968750	
0.001000	18.879644	0.968750	
0.001000	18.844395	0.960938	
0.001000	18.971588	0.914062	
0.001000	18.916094	0.953125	
0.001000	18.986250	0.945312	
0.001000	18.844995	0.960938	
0.001000	18.799805	0.984375	
0.001000	18.869793	0.929688	
0.001000	18.834965	0.960938	
0.001000	18.796021	0.960938	
0.001000	18.811934	0.960938	
0.001000	18.778973	0.984375	
0.001000	18.788311	0.984375	
0.001000	18.786901	0.984375	
0.001000	18.792593	0.945312	
0.001000	18.966343	0.914062	
0.001000	18.809530	0.953125	
0.001000	18.777199	0.953125	
0.001000	18.706324	0.984375	
0.001000	18.826477	0.953125	
0.001000	18.943935	0.914062	
0.001000	18.694517	0.984375	
0.001000	18.920536	0.906250	
0.001000	18.752249	0.953125	
0.001000	18.704439	0.976562	
0.001000	18.765326	0.960938	
0.001000	18.875776	0.906250	
0.001000	18.769922	0.953125	
0.001000	18.679531	0.976562	
0.001000	18.760616	0.968750	
0.001000	18.772444	0.960938	
0.001000	18.629333	0.992188	
0.001000	18.688490	0.984375	
0.001000	18.726862	0.953125	
0.001000	18.631447	0.984375	
0.001000	18.643902	0.976562	
0.001000	18.600550	0.992188	
0.001000	18.717646	0.968750	
0.001000	18.627977	0.976562	
0.001000	18.698423	0.968750	
0.001000	18.783895	0.945312	
0.001000	18.647772	0.953125	
0.001000	18.585161	0.992188	
0.001000	18.561264	0.992188	
0.001000	18.656464	0.960938	
0.001000	18.648708	0.953125	
0.001000	18.809912	0.921875	
0.001000	18.665983	0.968750	
0.001000	18.645567	0.976562	
0.001000	18.591097	0.992188	
0.001000	18.602793	0.968750	
0.001000	18.605026	0.976562	
0.001000	18.662792	0.953125	
0.001000	18.649872	0.953125	
0.001000	18.626795	0.953125	
0.001000	18.582563	0.953125	
0.001000	18.545158	0.984375	
0.001000	18.531256	0.968750	
0.001000	18.566515	0.992188	
0.001000	18.566858	0.968750	
0.001000	18.508682	0.976562	
0.001000	18.533405	0.984375	
0.001000	18.568445	0.945312	
0.001000	18.490028	0.984375	
0.001000	18.519209	0.984375	
0.001000	18.574333	0.968750	
0.001000	18.593752	0.960938	
0.001000	18.515993	0.968750	
0.001000	18.585020	0.945312	
0.001000	18.567787	0.953125	
0.001000	18.457666	0.976562	
0.001000	18.463610	0.984375	
0.001000	18.605658	0.929688	
0.001000	18.499441	0.968750	
0.001000	18.523689	0.968750	
0.001000	18.509167	0.968750	
0.001000	18.466808	0.976562	
0.001000	18.492638	0.968750	
0.001000	18.530373	0.929688	
0.001000	18.416546	0.992188	
0.001000	18.544704	0.945312	
0.001000	18.416246	0.984375	
0.001000	18.424084	0.976562	
0.001000	18.514898	0.968750	
0.001000	18.433723	0.976562	
0.001000	18.423689	0.976562	
0.001000	18.399300	0.984375	
0.001000	18.339216	1.000000	
0.001000	18.354824	0.976562	
0.001000	18.355318	0.984375	
0.001000	18.329590	0.992188	
0.001000	18.342331	0.984375	
0.001000	18.424536	0.960938	
0.001000	18.306250	1.000000	
0.001000	18.299244	1.000000	
0.001000	18.294891	1.000000	
0.001000	18.480198	0.921875	
0.001000	18.352066	0.976562	
0.001000	18.289362	0.992188	
0.001000	18.582008	0.921875	
0.001000	18.279409	0.992188	
0.001000	18.481346	0.979167	
