Learning Rate	Momentum	newstat	Train Loss	Train Acc.	iploss	
0.100000	0.900000	1.000000	2.414013	9.375000	0.000000	
0.100000	0.900000	1.148698	4.576163	17.187500	0.021622	
0.100000	0.900000	1.245731	6.554971	23.437500	0.608016	
0.100000	0.900000	1.319508	8.245889	32.421875	1.135743	
0.100000	0.900000	1.379730	9.859790	35.937500	1.639772	
0.100000	0.900000	1.430969	11.249883	40.364583	1.983540	
0.100000	0.900000	1.475773	12.495339	44.977679	2.437547	
0.100000	0.900000	1.515717	13.803946	47.949219	2.854532	
0.100000	0.900000	1.551846	14.859327	51.128472	3.468159	
0.100000	0.900000	1.584893	15.839908	53.515625	3.826431	
0.100000	0.900000	1.615394	16.714673	55.894886	4.345120	
0.100000	0.900000	1.643752	17.532254	57.812500	4.523799	
0.100000	0.900000	1.670278	18.456384	58.653846	4.824657	
0.100000	0.900000	1.695218	19.174258	60.212054	5.164470	
0.100000	0.900000	1.718772	19.831194	61.614583	5.669180	
0.100000	0.900000	1.741101	20.490052	62.792969	6.077679	
0.100000	0.900000	1.762340	21.157070	63.832721	6.489205	
0.100000	0.900000	1.782602	21.647238	65.234375	6.556875	
0.100000	0.900000	1.801983	22.234749	66.200658	6.914901	
0.100000	0.900000	1.820564	22.809877	67.070312	7.189098	
0.100000	0.900000	1.838416	23.378586	67.745536	7.781125	
0.100000	0.900000	1.855601	23.867647	68.607955	7.928304	
0.100000	0.900000	1.872171	24.354296	69.429348	8.215106	
0.100000	0.900000	1.888175	24.877908	70.019531	8.382901	
0.100000	0.900000	1.903654	25.286473	70.750000	8.365919	
0.100000	0.900000	1.918645	25.829292	71.304087	8.650626	
0.100000	0.900000	1.933182	26.128657	72.019676	8.774677	
0.100000	0.900000	1.947294	26.448442	72.712054	8.856727	
0.100000	0.900000	1.961009	27.029332	73.087284	9.055904	
0.100000	0.900000	1.974350	27.356173	73.697917	9.502704	
0.100000	0.900000	1.987341	27.764294	74.117944	10.041394	
0.100000	0.900000	2.000000	28.031782	74.658203	10.581871	
0.100000	0.900000	2.012347	28.369617	75.213068	10.946190	
0.100000	0.900000	2.024397	28.779440	75.574449	10.836315	
0.100000	0.900000	2.036168	29.255997	75.825893	10.967421	
0.100000	0.900000	2.047673	29.568123	76.280382	11.216729	
0.100000	0.900000	2.058924	29.902230	76.668074	11.373487	
0.100000	0.900000	2.069935	30.297444	76.891447	11.916012	
0.100000	0.900000	2.080717	30.595714	77.243590	12.467721	
0.100000	0.900000	2.091279	30.987645	77.480469	12.011725	
0.100000	0.900000	2.101632	31.424319	77.705793	12.030574	
0.100000	0.900000	2.111786	31.753781	78.013393	12.246349	
0.100000	0.900000	2.121747	32.037901	78.324855	12.173009	
0.100000	0.900000	2.131526	32.449896	78.551136	12.240400	
0.100000	0.900000	2.141127	32.739566	78.819444	12.505308	
0.100000	0.900000	2.150560	33.252796	79.008152	12.638042	
0.100000	0.900000	2.159830	33.592279	79.238697	13.125883	
0.100000	0.900000	2.168944	33.887375	79.492188	13.497690	
0.100000	0.900000	2.177906	34.200596	79.767219	13.890700	
0.100000	0.900000	2.186724	34.557196	79.953125	13.867358	
0.100000	0.900000	2.195402	34.757442	80.208333	14.329774	
0.100000	0.900000	2.203945	35.123480	80.438702	14.165302	
0.100000	0.900000	2.212357	35.550928	80.571934	14.610428	
0.100000	0.900000	2.220643	35.827513	80.801505	15.185401	
0.100000	0.900000	2.228807	36.183087	80.951705	15.300438	
0.100000	0.900000	2.236854	36.554529	81.110491	15.885218	
0.100000	0.900000	2.244786	37.021376	81.208882	16.181456	
0.100000	0.900000	2.252608	37.287248	81.357759	16.436762	
0.100000	0.900000	2.260322	37.706335	81.435381	16.617361	
0.100000	0.900000	2.267933	38.015274	81.601562	16.822540	
0.100000	0.900000	2.275443	38.259055	81.800717	16.968410	
0.100000	0.900000	2.282855	38.497395	81.980847	17.019888	
0.100000	0.900000	2.290172	39.048270	82.043651	17.340117	
0.100000	0.900000	2.297397	39.329193	82.226562	17.428684	
0.100000	0.900000	2.304532	39.671470	82.355769	17.979795	
0.100000	0.900000	2.311579	40.029917	82.445549	18.472609	
0.100000	0.900000	2.318542	40.345445	82.520989	18.512373	
0.100000	0.900000	2.325422	40.629490	82.640165	18.667145	
0.100000	0.900000	2.332222	40.947855	82.778533	18.547579	
0.100000	0.900000	2.338943	41.260027	82.857143	18.729305	
0.100000	0.900000	2.345588	41.607551	82.944542	18.905098	
0.100000	0.900000	2.352158	41.829606	83.083767	19.152451	
0.100000	0.900000	2.358656	42.070705	83.219178	19.418751	
0.100000	0.900000	2.365083	42.411643	83.287584	19.907257	
0.100000	0.900000	2.371441	42.631676	83.437500	20.256456	
0.100000	0.900000	2.377731	42.987834	83.521793	20.167973	
0.100000	0.900000	2.383956	43.211281	83.674919	20.529533	
0.100000	0.900000	2.390116	43.465250	83.774038	20.890507	
0.100000	0.900000	2.396213	43.758150	83.880538	21.240042	
0.100000	0.900000	2.402249	43.971745	83.994141	21.764183	
0.100000	0.900000	2.408225	44.260730	84.085648	21.765638	
0.100000	0.900000	2.414142	44.529184	84.165396	22.237774	
0.100000	0.900000	2.420001	44.900251	84.233810	22.703949	
0.100000	0.900000	2.425805	45.094419	84.356399	22.874065	
0.100000	0.900000	2.431553	45.348641	84.420956	23.119675	
0.100000	0.900000	2.437248	45.721166	84.502180	23.335991	
0.100000	0.900000	2.442890	45.915604	84.617457	23.808174	
0.100000	0.900000	2.448480	46.187970	84.703480	23.630787	
0.100000	0.900000	2.454019	46.416516	84.805126	23.910769	
0.100000	0.900000	2.459509	46.681635	84.878472	24.256205	
0.100000	0.900000	2.464951	46.865303	84.993132	24.146414	
0.100000	0.900000	2.470345	47.116961	85.088315	24.374369	
0.100000	0.900000	2.475692	47.331877	85.164651	24.245991	
0.100000	0.900000	2.480993	47.566529	85.231051	24.602821	
0.100000	0.900000	2.486250	47.842461	85.312500	24.839146	
0.100000	0.900000	2.491462	48.127710	85.375977	25.119911	
0.100000	0.900000	2.496631	48.325918	85.470361	25.239479	
0.100000	0.900000	2.501758	48.583207	85.530931	25.574244	
0.100000	0.900000	2.506842	48.768354	85.645518	25.825182	
0.100000	0.900000	2.511886	49.001872	85.734375	25.748848	
0.100000	0.900000	2.516890	49.226240	85.798267	26.015900	
0.100000	0.900000	2.521855	49.544157	85.845588	26.440737	
0.100000	0.900000	2.526780	49.755223	85.914745	26.563822	
0.100000	0.900000	2.531668	50.148929	85.945012	26.477379	
0.100000	0.900000	2.536517	50.323111	86.049107	26.690035	
0.100000	0.900000	2.541331	50.448263	86.151238	26.704145	
0.100000	0.900000	2.546108	50.669576	86.229556	27.089424	
0.100000	0.900000	2.550849	50.882080	86.306424	27.598019	
0.100000	0.900000	2.555555	51.168827	86.346044	27.909658	
0.100000	0.900000	2.560227	51.348877	86.420455	28.326603	
0.100000	0.900000	2.564865	51.600431	86.465372	28.398912	
0.100000	0.900000	2.569470	51.790903	86.523438	28.441195	
0.100000	0.900000	2.574042	51.993964	86.594303	28.648674	
0.100000	0.900000	2.578582	52.257641	86.643366	28.925659	
0.100000	0.900000	2.583090	52.592400	86.671196	28.954292	
0.100000	0.900000	2.587567	53.074675	86.678341	29.455313	
0.100000	0.900000	2.592013	53.258672	86.732105	29.745747	
0.100000	0.900000	2.596429	53.450739	86.765095	29.810476	
0.100000	0.900000	2.600815	53.739688	86.804097	29.975521	
0.100000	0.900000	2.605171	53.854938	86.888021	30.329292	
0.100000	0.900000	2.609499	54.043991	86.938275	30.587862	
0.100000	0.900000	2.613798	54.188850	87.013320	30.545214	
0.100000	0.900000	2.618069	54.449163	87.061738	30.715015	
0.100000	0.900000	2.622312	54.680416	87.109375	30.628368	
0.100000	0.900000	2.626528	54.820699	87.187500	31.120867	
0.100000	0.900000	2.630717	55.000867	87.251984	31.516706	
0.100000	0.900000	2.634879	55.181649	87.309301	32.043892	
0.100000	0.900000	2.639016	55.393283	87.377930	32.195515	
0.100000	0.900000	2.643126	55.671316	87.421269	32.328926	
0.100000	0.900000	2.647212	55.900335	87.463942	32.411934	
0.100000	0.900000	2.651272	56.240929	87.476145	32.671150	
0.100000	0.900000	2.655307	56.418509	87.511837	33.277794	
0.100000	0.900000	2.659318	56.695916	87.546992	33.802483	
0.100000	0.900000	2.663305	56.963955	87.599114	34.438843	
0.100000	0.900000	2.667269	57.166684	87.644676	34.421261	
0.100000	0.900000	2.671208	57.393316	87.683824	34.498779	
0.100000	0.900000	2.675125	57.570076	87.728102	35.046787	
0.100000	0.900000	2.679019	57.805556	87.754755	35.001610	
0.100000	0.900000	2.682891	58.018522	87.786646	35.368660	
0.100000	0.900000	2.686740	58.177163	87.834821	35.116844	
0.100000	0.900000	2.690567	58.464439	87.860151	35.291313	
0.100000	0.900000	2.694373	58.690708	87.896127	35.633446	
0.100000	0.900000	2.698157	58.902268	87.931600	35.856941	
0.100000	0.900000	2.701920	59.111055	87.982856	36.010368	
0.100000	0.900000	2.705662	59.274649	88.038793	36.032402	
0.100000	0.900000	2.709384	59.438289	88.083262	35.905033	
0.100000	0.900000	2.713085	59.701972	88.100553	36.211311	
0.100000	0.900000	2.716767	59.878107	88.149282	36.026157	
0.100000	0.900000	2.720428	60.031445	88.197357	36.282257	
0.100000	0.900000	2.724070	60.213840	88.234375	36.610222	
0.100000	0.900000	2.727692	60.419130	88.276076	36.827209	
0.100000	0.900000	2.731296	60.578144	88.317229	37.141628	
0.100000	0.900000	2.734880	60.729843	88.347631	37.532471	
0.100000	0.900000	2.738446	60.923255	88.377638	37.775414	
0.100000	0.900000	2.741993	61.014194	88.442540	37.824432	
0.100000	0.900000	2.745522	61.177880	88.481571	37.822014	
0.100000	0.900000	2.749033	61.286089	88.530056	38.089485	
0.100000	0.900000	2.752526	61.439275	88.577927	38.467545	
0.100000	0.900000	2.756001	61.635113	88.610456	38.790222	
0.100000	0.900000	2.759459	61.790774	88.657227	38.988930	
0.100000	0.900000	2.762900	61.978702	88.688859	38.861526	
0.100000	0.900000	2.766324	62.221730	88.724923	39.242954	
0.100000	0.900000	2.769731	62.364341	88.765337	39.521038	
0.100000	0.900000	2.773121	62.539118	88.810023	39.621765	
0.100000	0.900000	2.776494	62.723692	88.844697	39.610619	
0.100000	0.900000	2.779852	62.909110	88.874247	39.674416	
0.100000	0.900000	2.783193	63.066916	88.912799	40.223614	
0.100000	0.900000	2.786518	63.193087	88.960193	40.282650	
0.100000	0.900000	2.789827	63.335865	88.993158	40.565437	
0.100000	0.900000	2.793121	63.440894	89.044118	41.103493	
0.100000	0.900000	2.796400	63.672678	89.062500	41.012329	
0.100000	0.900000	2.799663	63.816193	89.103379	41.394112	
0.100000	0.900000	2.802910	63.953964	89.139270	41.937595	
0.100000	0.900000	2.806143	64.163814	89.165769	42.433640	
0.100000	0.900000	2.809361	64.284931	89.214286	42.749538	
0.100000	0.900000	2.812565	64.473039	89.248935	42.755646	
0.100000	0.900000	2.815754	64.613882	89.296434	42.965282	
0.100000	0.900000	2.818928	64.811926	89.330232	43.185539	
0.100000	0.900000	2.822088	64.960655	89.372381	43.554192	
0.100000	0.900000	2.825235	65.090291	89.405382	43.982056	
0.100000	0.900000	2.828367	65.262713	89.438018	43.959274	
0.100000	0.900000	2.831485	65.384778	89.478880	44.314606	
0.100000	0.900000	2.834590	65.520193	89.515027	44.543556	
0.100000	0.900000	2.837681	65.704616	89.525306	44.477264	
0.100000	0.900000	2.840759	65.869628	89.552365	44.716095	
0.100000	0.900000	2.843823	66.058820	89.587534	45.098656	
0.100000	0.900000	2.846874	66.326111	89.601437	45.711311	
0.100000	0.900000	2.849913	66.469816	89.635971	46.196548	
0.100000	0.900000	2.852938	66.631175	89.657738	45.975327	
0.100000	0.900000	2.855951	66.730839	89.695724	46.324989	
0.100000	0.900000	2.858951	66.839573	89.725131	46.467209	
0.100000	0.900000	2.861938	66.979441	89.754232	46.783672	
0.100000	0.900000	2.864913	67.257020	89.758744	46.976952	
0.100000	0.900000	2.867876	67.371229	89.799452	47.366730	
0.100000	0.900000	2.870826	67.493398	89.835737	47.346367	
0.100000	0.900000	2.873765	67.639304	89.871652	47.454060	
0.100000	0.900000	2.876691	67.761252	89.899270	47.872299	
0.100000	0.900000	2.879606	67.874276	89.934501	48.258099	
0.100000	0.900000	2.882509	68.030044	89.961526	48.347542	
0.100000	0.900000	2.885400	68.126627	89.992188	48.515953	
0.100000	0.900000	2.888279	68.281097	90.022544	48.602051	
0.100000	0.900000	2.891148	68.442105	90.040996	48.490784	
0.100000	0.900000	2.894005	68.580563	90.074661	48.795250	
0.100000	0.900000	2.896850	68.809585	90.092678	48.716846	
0.100000	0.900000	2.899685	69.070941	90.118140	49.161877	
0.100000	0.900000	2.902508	69.327082	90.124393	49.421730	
0.100000	0.900000	2.905321	69.489647	90.149457	49.316360	
0.100000	0.900000	2.908122	69.608558	90.181791	49.440327	
0.100000	0.900000	2.910913	69.743087	90.217554	49.780762	
0.100000	0.900000	2.913693	69.898044	90.238095	50.377968	
0.100000	0.900000	2.916463	70.013374	90.265847	50.582687	
0.100000	0.900000	2.919222	70.253839	90.278597	51.245132	
0.100000	0.900000	2.921971	70.544042	90.276555	51.812263	
0.100000	0.900000	2.924710	70.673556	90.307389	51.617699	
0.100000	0.900000	2.927438	70.806846	90.330669	51.484619	
0.100000	0.900000	2.930156	70.951138	90.360966	51.353634	
0.100000	0.900000	2.932864	71.096305	90.394585	51.282722	
0.100000	0.900000	2.935562	71.269251	90.420728	51.792610	
0.100000	0.900000	2.938251	71.482107	90.446632	51.970181	
0.100000	0.900000	2.940929	71.706851	90.465199	51.958107	
0.100000	0.900000	2.943598	71.842642	90.487132	51.789036	
0.100000	0.900000	2.946257	72.032391	90.498311	52.206886	
0.100000	0.900000	2.948906	72.160418	90.519899	51.846794	
0.100000	0.900000	2.951546	72.285946	90.548270	51.757027	
0.100000	0.900000	2.954177	72.522496	90.555556	52.006996	
0.100000	0.900000	2.956798	72.656970	90.573147	52.001698	
0.100000	0.900000	2.959410	72.868812	90.583700	52.129158	
0.100000	0.900000	2.962013	73.027169	90.607867	52.206841	
0.100000	0.900000	2.964607	73.175458	90.631823	52.390923	
0.100000	0.900000	2.967191	73.340068	90.655571	52.744209	
0.100000	0.900000	2.969767	73.498789	90.682495	53.134525	
0.100000	0.900000	2.972334	73.700221	90.695717	53.342766	
0.100000	0.900000	2.974892	73.936836	90.708825	53.614136	
0.100000	0.900000	2.977441	74.070146	90.721822	54.159363	
0.100000	0.900000	2.979982	74.241776	90.741356	54.334579	
0.100000	0.900000	2.982513	74.398143	90.770657	54.159893	
0.100000	0.900000	2.985037	74.510308	90.796414	53.930916	
0.100000	0.900000	2.987551	74.648563	90.818671	54.241756	
0.100000	0.900000	2.990058	74.841184	90.827667	54.732510	
0.100000	0.900000	2.992556	74.971296	90.862630	55.147442	
0.100000	0.900000	2.995045	75.076954	90.884336	55.095104	
0.100000	0.900000	2.997527	75.286074	90.905863	55.279560	
0.100000	0.900000	3.000000	75.443966	90.917567	55.583473	
0.100000	0.900000	3.002465	75.534884	90.945184	55.880169	
0.100000	0.900000	3.004922	75.612227	90.975765	55.953770	
0.100000	0.900000	3.007371	75.869594	90.987043	56.099571	
0.100000	0.900000	3.009812	75.922834	91.023532	56.326172	
0.100000	0.900000	3.012245	76.035122	91.047127	56.670219	
0.100000	0.900000	3.014671	76.183653	91.061119	56.586868	
0.100000	0.900000	3.017088	76.242066	91.093750	56.393143	
0.100000	0.900000	3.019498	76.394105	91.110558	56.543129	
0.100000	0.900000	3.021900	76.626610	91.124132	56.881538	
0.100000	0.900000	3.024295	76.734775	91.143775	56.826927	
0.100000	0.900000	3.026682	76.900695	91.157111	56.976315	
0.100000	0.900000	3.029061	77.004255	91.179534	57.104172	
0.100000	0.900000	3.031433	77.109695	91.201782	57.044632	
0.100000	0.900000	3.033798	77.181948	91.223857	57.565903	
0.100000	0.900000	3.036155	77.406277	91.230620	57.656883	
0.100000	0.900000	3.038505	77.562940	91.243364	57.772945	
0.100000	0.900000	3.040848	77.765447	91.246995	57.986462	
0.100000	0.900000	3.043183	77.954995	91.262572	58.080196	
0.100000	0.900000	3.045512	78.030834	91.289957	58.233498	
0.100000	0.900000	3.047833	78.105486	91.314163	58.228008	
0.100000	0.900000	3.050147	78.195457	91.341146	58.454407	
0.100000	0.900000	3.052454	78.335947	91.356132	58.576958	
0.100000	0.900000	3.054755	78.547691	91.365132	58.904083	
0.100000	0.900000	3.057048	78.658431	91.388694	59.085640	
0.100000	0.900000	3.059334	78.785542	91.406250	59.300533	
0.100000	0.900000	3.061614	78.856095	91.429484	59.537079	
0.100000	0.900000	3.063887	78.917726	91.458333	59.199841	
0.100000	0.900000	3.066153	78.996086	91.484087	59.689690	
0.100000	0.900000	3.068413	79.071964	91.501034	60.123146	
0.100000	0.900000	3.070666	79.189669	91.526442	60.631638	
0.100000	0.900000	3.072912	79.397415	91.537409	61.053802	
0.100000	0.900000	3.075152	79.624940	91.548295	60.870647	
0.100000	0.900000	3.077385	79.724648	91.573256	60.889011	
0.100000	0.900000	3.079612	79.794368	91.598037	61.245998	
0.100000	0.900000	3.081832	79.891255	91.617019	61.624817	
0.100000	0.900000	3.084046	80.093657	91.621864	61.914703	
0.100000	0.900000	3.086254	80.261027	91.635045	61.977150	
0.100000	0.900000	3.088455	80.350234	91.650912	62.117996	
0.100000	0.900000	3.090650	80.513821	91.658355	62.534191	
0.100000	0.900000	3.092839	80.588968	91.682310	62.359009	
0.100000	0.900000	3.095021	80.831673	91.689591	62.459824	
0.100000	0.900000	3.097198	81.034658	91.705044	62.466782	
0.100000	0.900000	3.099368	81.147757	91.723121	62.635227	
0.100000	0.900000	3.101533	81.315239	91.732905	62.767960	
0.100000	0.900000	3.103691	81.425694	91.753472	62.801968	
0.100000	0.900000	3.105844	81.589626	91.757677	62.804329	
0.100000	0.900000	3.107990	81.726661	91.769935	63.287754	
0.100000	0.900000	3.110130	81.866173	91.782109	63.352890	
0.100000	0.900000	3.112265	81.957928	91.802226	63.330292	
0.100000	0.900000	3.114394	82.027629	91.830205	63.361477	
0.100000	0.900000	3.116517	82.189381	91.836735	63.493938	
0.100000	0.900000	3.118634	82.355421	91.843220	63.917877	
0.100000	0.900000	3.120745	82.514002	91.847023	64.087502	
0.100000	0.900000	3.122851	82.659634	91.856061	64.434738	
0.100000	0.900000	3.124951	82.796783	91.865038	64.797333	
0.100000	0.900000	3.127046	82.959189	91.873955	64.911774	
0.100000	0.900000	3.129135	83.049271	91.890625	64.844650	
0.100000	0.900000	3.131218	83.140134	91.907184	64.996353	
0.100000	0.900000	3.133296	83.339912	91.910700	65.631668	
0.100000	0.900000	3.135368	83.535057	91.911613	66.282074	
0.100000	0.900000	3.137435	83.662979	91.925370	66.803764	
0.100000	0.900000	3.139496	83.759807	91.941598	66.752457	
0.100000	0.900000	3.141552	83.949064	91.942402	67.046974	
0.100000	0.900000	3.143603	84.091962	91.953379	67.615570	
0.100000	0.900000	3.145648	84.222576	91.969359	68.064049	
0.100000	0.900000	3.147688	84.416817	91.980178	68.346039	
0.100000	0.900000	3.149723	84.572233	91.988407	68.528130	
0.100000	0.900000	3.151752	84.847216	91.989047	68.509094	
0.100000	0.900000	3.153777	84.946830	92.002204	68.772675	
0.100000	0.900000	3.155796	85.085024	92.012780	68.910118	
0.100000	0.900000	3.157810	85.150403	92.030752	69.054443	
0.100000	0.900000	3.159818	85.255241	92.048611	69.219833	
0.100000	0.900000	3.161822	85.430208	92.063884	69.591965	
0.100000	0.900000	3.163821	85.528694	92.074132	69.826157	
0.100000	0.900000	3.165814	85.609200	92.096600	70.388504	
0.100000	0.900000	3.167803	85.713614	92.116477	70.968628	
0.100000	0.900000	3.169786	85.808870	92.133789	71.395523	
0.100000	0.900000	3.171765	85.861361	92.150993	71.540977	
0.100000	0.900000	3.173739	85.924590	92.170516	72.066406	
0.100000	0.900000	3.175708	86.056341	92.185081	72.160530	
0.100000	0.900000	3.177672	86.139794	92.201968	72.227272	
0.100000	0.900000	3.179631	86.337607	92.209135	72.653770	
0.100000	0.900000	3.181585	86.444327	92.223447	73.113762	
0.100000	0.900000	3.183534	86.508215	92.244839	73.556496	
0.100000	0.900000	3.185479	86.606959	92.258956	73.773163	
0.100000	0.900000	3.187419	86.696681	92.275361	73.664276	
0.100000	0.900000	3.189354	86.884218	92.267992	73.464554	
0.100000	0.900000	3.191285	86.981250	92.284271	73.659721	
0.100000	0.900000	3.193211	87.077548	92.300452	73.850845	
0.100000	0.900000	3.195132	87.237781	92.302459	74.352425	
0.100000	0.900000	3.197049	87.330484	92.318488	74.303436	
0.100000	0.900000	3.198961	87.404658	92.336754	74.548416	
0.100000	0.900000	3.200869	87.462494	92.357236	74.729416	
0.100000	0.900000	3.202772	87.597444	92.366005	74.608002	
0.100000	0.900000	3.204670	87.660421	92.383968	74.572762	
0.100000	0.900000	3.206564	87.794886	92.392607	74.622299	
0.100000	0.900000	3.208454	87.920280	92.401195	74.769066	
0.100000	0.900000	3.210339	88.041792	92.412023	74.636551	
0.100000	0.900000	3.212220	88.153513	92.422789	74.776154	
0.100000	0.900000	3.214096	88.338788	92.426658	75.190254	
0.100000	0.900000	3.215968	88.422675	92.437318	75.165909	
0.100000	0.900000	3.217835	88.545326	92.452446	75.220993	
0.100000	0.900000	3.219699	88.685594	92.460712	74.794327	
0.100000	0.900000	3.221558	88.805431	92.473433	74.693855	
0.100000	0.900000	3.223412	88.863817	92.488326	74.707832	
0.100000	0.900000	3.225263	88.981289	92.498657	74.660187	
0.100000	0.900000	3.227109	89.051931	92.517857	74.665916	
0.100000	0.900000	3.228951	89.252491	92.519142	74.876274	
0.100000	0.900000	3.230789	89.343746	92.531516	75.173599	
0.100000	0.900000	3.232622	89.458294	92.543821	75.380569	
0.100000	0.900000	3.234452	89.517082	92.560470	75.272797	
0.100000	0.900000	3.236277	89.590802	92.574824	75.077927	
0.100000	0.900000	3.238098	89.687922	92.584709	75.307037	
0.100000	0.900000	3.239915	89.764867	92.596726	75.357651	
0.100000	0.900000	3.241728	89.900360	92.604312	75.613426	
0.100000	0.900000	3.243537	90.010796	92.611856	75.926590	
0.100000	0.900000	3.245342	90.105671	92.621528	76.413269	
0.100000	0.900000	3.247143	90.211947	92.631146	76.368576	
0.100000	0.900000	3.248940	90.409357	92.634237	76.783882	
0.100000	0.900000	3.250733	90.495938	92.645919	76.909355	
0.100000	0.900000	3.252522	90.567248	92.659684	77.036819	
0.100000	0.900000	3.254307	90.655246	92.673373	76.900986	
0.100000	0.900000	3.256089	90.729776	92.689122	77.353317	
0.100000	0.900000	3.257866	90.819457	92.702657	77.763763	
0.100000	0.900000	3.259639	90.977931	92.709749	78.178856	
0.100000	0.900000	3.261409	91.081279	92.721037	78.505714	
0.100000	0.900000	3.263175	91.216582	92.725929	78.569801	
0.100000	0.900000	3.264937	91.300062	92.739218	78.687813	
0.100000	0.900000	3.266695	91.439203	92.748236	78.986870	
0.100000	0.900000	3.268449	91.614085	92.750922	79.234726	
0.100000	0.900000	3.270200	91.746462	92.761949	79.315483	
0.100000	0.900000	3.271947	91.874667	92.770833	79.325447	
0.100000	0.900000	3.273690	92.039906	92.775515	79.371628	
0.100000	0.900000	3.275430	92.101920	92.790534	79.894707	
0.100000	0.900000	3.277165	92.209299	92.797206	80.405975	
0.100000	0.900000	3.278898	92.311747	92.810026	80.949738	
0.100000	0.900000	3.280626	92.436551	92.820724	81.326569	
0.100000	0.900000	3.282351	92.535231	92.831365	81.376564	
0.100000	0.900000	3.284072	92.639115	92.843995	81.464767	
0.100000	0.900000	3.285790	92.746631	92.850441	80.971535	
0.100000	0.900000	3.287504	92.883837	92.858887	81.077133	
0.100000	0.900000	3.289214	92.947046	92.871347	80.987198	
0.100000	0.900000	3.290921	93.110029	92.877672	81.009872	
0.100000	0.900000	3.292624	93.315319	92.885982	81.034996	
0.100000	0.900000	3.294324	93.470263	92.890222	81.258560	
0.100000	0.900000	3.296021	93.564801	92.904483	81.075882	
0.100000	0.900000	3.297713	93.636824	92.916667	81.037926	
0.100000	0.900000	3.299403	93.754265	92.924792	81.103226	
0.100000	0.900000	3.301089	93.809911	92.936862	81.274414	
0.100000	0.900000	3.302771	93.932279	92.944895	81.208420	
0.100000	0.900000	3.304450	94.053445	92.956853	81.080902	
0.100000	0.900000	3.306126	94.174538	92.966772	81.201805	
0.100000	0.900000	3.307798	94.244877	92.976641	81.259125	
0.100000	0.900000	3.309467	94.357537	92.986461	81.356781	
0.100000	0.900000	3.311133	94.428698	92.998194	81.307495	
0.100000	0.900000	3.312795	94.511903	93.009868	81.818024	
0.100000	0.900000	3.314454	94.572922	93.025391	81.934319	
0.100000	0.900000	3.316110	94.614821	93.040835	81.910828	
0.100000	0.900000	3.317762	94.665364	93.054260	82.070038	
0.100000	0.900000	3.319411	94.775497	93.059864	82.194328	
0.100000	0.900000	3.321057	94.830302	93.071241	82.263702	
0.100000	0.900000	3.322699	94.893266	93.084491	82.246132	
0.100000	0.900000	3.324338	95.071581	93.093827	82.291077	
0.100000	0.900000	3.325974	95.181934	93.103117	82.266251	
0.100000	0.900000	3.327607	95.255368	93.118107	82.009827	
0.100000	0.900000	3.329237	95.350095	93.129202	82.212906	
0.100000	0.900000	3.330863	95.542466	93.132622	82.336540	
0.100000	0.900000	3.332486	95.573785	93.149331	82.667015	
0.100000	0.900000	3.334106	95.623380	93.160270	83.272873	
0.100000	0.900000	3.335723	95.747734	93.165481	83.253418	
0.100000	0.900000	3.337337	95.820253	93.178216	83.227829	
0.100000	0.900000	3.338948	95.868004	93.192771	83.178345	
0.100000	0.900000	3.340555	95.918445	93.201623	83.086655	
0.100000	0.900000	3.342160	96.137136	93.201064	83.264297	
0.100000	0.900000	3.343761	96.250396	93.209853	83.421158	
0.100000	0.900000	3.345360	96.389251	93.218601	83.640564	
0.100000	0.900000	3.346955	96.425258	93.234747	83.822945	
0.100000	0.900000	3.348547	96.507765	93.245249	83.996201	
0.100000	0.900000	3.350136	96.694651	93.250148	84.282547	
0.100000	0.900000	3.351723	96.766307	93.260564	84.255539	
0.100000	0.900000	3.353306	96.850319	93.269089	84.643188	
0.100000	0.900000	3.354886	97.008678	93.273897	85.192291	
0.100000	0.900000	3.356463	97.107125	93.280516	85.098999	
0.100000	0.900000	3.358038	97.132553	93.296253	85.310715	
0.100000	0.900000	3.359609	97.232140	93.306440	85.763474	
0.100000	0.900000	3.361178	97.328301	93.312937	85.624329	
0.100000	0.900000	3.362743	97.533931	93.323038	86.067841	
0.100000	0.900000	3.364306	97.672085	93.327654	86.233093	
0.100000	0.900000	3.365865	97.739105	93.335865	86.415588	
0.100000	0.900000	3.367422	97.819237	93.344039	85.999084	
0.100000	0.900000	3.368976	97.943497	93.348574	86.238312	
0.100000	0.900000	3.370527	98.139664	93.351293	86.384888	
0.100000	0.900000	3.372076	98.254109	93.359375	86.497482	
0.100000	0.900000	3.373621	98.360221	93.365632	86.776382	
0.100000	0.900000	3.375164	98.419331	93.377212	86.927597	
0.100000	0.900000	3.376703	98.479974	93.386959	87.034935	
0.100000	0.900000	3.378240	98.564118	93.398438	87.146301	
0.100000	0.900000	3.379774	98.669856	93.406321	87.154312	
0.100000	0.900000	3.381306	98.798594	93.412401	87.432175	
0.100000	0.900000	3.382834	98.921647	93.414927	87.754898	
0.100000	0.900000	3.384360	99.033918	93.419200	87.766006	
0.100000	0.900000	3.385883	99.134236	93.426966	88.109818	
0.100000	0.900000	3.387404	99.249990	93.431194	88.114761	
0.100000	0.900000	3.388921	99.416671	93.430159	88.012878	
0.100000	0.900000	3.390436	99.520154	93.437849	88.151352	
0.100000	0.900000	3.391949	99.631211	93.443764	88.570740	
0.100000	0.900000	3.393458	99.716582	93.456597	88.990738	
0.100000	0.900000	3.394965	99.818091	93.462445	89.359131	
0.100000	0.900000	3.396469	99.906782	93.468266	89.763618	
0.100000	0.900000	3.397971	100.007119	93.479236	89.725952	
0.100000	0.900000	3.399470	100.175165	93.486715	89.545578	
0.100000	0.900000	3.400966	100.293980	93.492445	90.029320	
0.100000	0.900000	3.402460	100.423170	93.501576	90.251793	
0.100000	0.900000	3.403951	100.481214	93.512377	90.792458	
0.100000	0.900000	3.405439	100.629059	93.519719	90.717514	
0.100000	0.900000	3.406925	100.700287	93.525327	90.644264	
0.100000	0.900000	3.408408	100.782350	93.530910	90.626060	
0.100000	0.900000	3.409889	100.856090	93.539859	91.186676	
0.100000	0.900000	3.411367	101.013450	93.548769	91.591599	
0.100000	0.900000	3.412842	101.084798	93.557640	91.727707	
0.100000	0.900000	3.414315	101.196050	93.563106	92.116539	
0.100000	0.900000	3.415785	101.342451	93.568548	92.152008	
0.100000	0.900000	3.417253	101.448419	93.575644	92.305893	
0.100000	0.900000	3.418719	101.581556	93.579363	92.671249	
0.100000	0.900000	3.420182	101.648209	93.588074	92.829399	
0.100000	0.900000	3.421642	101.741532	93.590000	92.977348	
0.100000	0.900000	1.000000	0.133288	95.312500	-0.014024	
0.100000	0.900000	1.148698	0.181623	96.875000	0.356241	
0.100000	0.900000	1.245731	0.234811	97.656250	-0.017058	
0.100000	0.900000	1.319508	0.289684	97.460938	0.335163	
0.100000	0.900000	1.379730	0.356313	97.343750	0.675434	
0.100000	0.900000	1.430969	0.489938	96.875000	1.223315	
0.100000	0.900000	1.475773	0.660900	96.763393	1.523154	
0.100000	0.900000	1.515717	0.779390	96.875000	1.867077	
0.100000	0.900000	1.551846	0.842645	96.961806	1.956864	
0.100000	0.900000	1.584893	0.898668	97.109375	1.857131	
0.100000	0.900000	1.615394	0.997438	97.088068	1.950337	
0.100000	0.900000	1.643752	1.099612	97.135417	2.421199	
0.100000	0.900000	1.670278	1.264562	97.115385	2.721045	
0.100000	0.900000	1.695218	1.379989	97.098214	3.029191	
0.100000	0.900000	1.718772	1.540133	97.083333	3.190213	
0.100000	0.900000	1.741101	1.630753	97.021484	3.236370	
0.100000	0.900000	1.762340	1.685056	97.196691	3.385405	
0.100000	0.900000	1.782602	1.839071	97.092014	3.505881	
0.100000	0.900000	1.801983	1.866582	97.245066	3.443936	
0.100000	0.900000	1.820564	1.963185	97.226562	3.548153	
0.100000	0.900000	1.838416	2.023359	97.247024	3.929477	
0.100000	0.900000	1.855601	2.076700	97.336648	4.263466	
0.100000	0.900000	1.872171	2.112826	97.452446	4.941000	
0.100000	0.900000	1.888175	2.198575	97.493490	5.025678	
0.100000	0.900000	1.903654	2.252444	97.468750	5.150136	
0.100000	0.900000	1.918645	2.326537	97.506010	5.497735	
0.100000	0.900000	1.933182	2.408800	97.511574	5.791957	
0.100000	0.900000	1.947294	2.509093	97.460938	5.804761	
0.100000	0.900000	1.961009	2.554847	97.494612	5.889690	
0.100000	0.900000	1.974350	2.615437	97.526042	6.180086	
0.100000	0.900000	1.987341	2.686685	97.555444	6.749759	
0.100000	0.900000	2.000000	2.799082	97.558594	7.154854	
0.100000	0.900000	2.012347	2.918107	97.514205	7.551245	
0.100000	0.900000	2.024397	3.023762	97.518382	7.958925	
0.100000	0.900000	2.036168	3.102890	97.544643	7.969200	
0.100000	0.900000	2.047673	3.125975	97.591146	7.894059	
0.100000	0.900000	2.058924	3.176855	97.614020	8.013253	
0.100000	0.900000	2.069935	3.216314	97.635691	8.315225	
0.100000	0.900000	2.080717	3.243496	97.676282	8.430707	
0.100000	0.900000	2.091279	3.339547	97.656250	8.430948	
0.100000	0.900000	2.101632	3.398577	97.675305	8.752102	
0.100000	0.900000	2.111786	3.464087	97.674851	8.841711	
0.100000	0.900000	2.121747	3.560859	97.638081	8.906663	
0.100000	0.900000	2.131526	3.628553	97.620739	8.997979	
0.100000	0.900000	2.141127	3.700449	97.586806	8.801884	
0.100000	0.900000	2.150560	3.753657	97.605299	8.837122	
0.100000	0.900000	2.159830	3.853290	97.606383	8.875020	
0.100000	0.900000	2.168944	3.942025	97.607422	8.651527	
0.100000	0.900000	2.177906	4.005270	97.608418	8.794927	
0.100000	0.900000	2.186724	4.134288	97.593750	9.086748	
0.100000	0.900000	2.195402	4.222175	97.579657	9.172242	
0.100000	0.900000	2.203945	4.275300	97.581130	9.390281	
0.100000	0.900000	2.212357	4.357684	97.582547	9.153036	
0.100000	0.900000	2.220643	4.391136	97.598380	9.102428	
0.100000	0.900000	2.228807	4.426856	97.627841	9.093445	
0.100000	0.900000	2.236854	4.464924	97.642299	9.139078	
0.100000	0.900000	2.244786	4.502253	97.656250	9.181651	
0.100000	0.900000	2.252608	4.656383	97.642780	9.285205	
0.100000	0.900000	2.260322	4.685565	97.682733	9.204932	
0.100000	0.900000	2.267933	4.872210	97.604167	8.942812	
0.100000	0.900000	2.275443	4.935270	97.605020	9.318143	
0.100000	0.900000	2.282855	4.980364	97.618448	9.492834	
0.100000	0.900000	2.290172	5.074177	97.606647	9.696864	
0.100000	0.900000	2.297397	5.205066	97.570801	9.809728	
0.100000	0.900000	2.304532	5.282441	97.560096	9.697368	
0.100000	0.900000	2.311579	5.320785	97.585227	9.841814	
0.100000	0.900000	2.318542	5.387366	97.586287	9.770918	
0.100000	0.900000	2.325422	5.520295	97.575827	10.038200	
0.100000	0.900000	2.332222	5.538965	97.610960	10.385163	
0.100000	0.900000	2.338943	5.577607	97.622768	10.816740	
0.100000	0.900000	2.345588	5.622710	97.645246	10.981136	
0.100000	0.900000	2.352158	5.699542	97.667101	10.964386	
0.100000	0.900000	2.358656	5.774641	97.656250	10.860122	
0.100000	0.900000	2.365083	5.904261	97.614020	11.145939	
0.100000	0.900000	2.371441	5.961249	97.635417	11.660991	
0.100000	0.900000	2.377731	6.006440	97.656250	11.972710	
0.100000	0.900000	2.383956	6.077265	97.656250	12.137136	
0.100000	0.900000	2.390116	6.137966	97.676282	12.156084	
0.100000	0.900000	2.396213	6.198332	97.695807	12.644396	
0.100000	0.900000	2.402249	6.291216	97.666016	13.205671	
0.100000	0.900000	2.408225	6.363724	97.675540	13.454397	
0.100000	0.900000	2.414142	6.462227	97.665777	13.614695	
0.100000	0.900000	2.420001	6.493046	97.684488	13.855227	
0.100000	0.900000	2.425805	6.514293	97.712054	13.829324	
0.100000	0.900000	2.431553	6.569683	97.711397	14.184243	
0.100000	0.900000	2.437248	6.622810	97.710756	14.251696	
0.100000	0.900000	2.442890	6.683773	97.719109	14.234878	
0.100000	0.900000	2.448480	6.724164	97.736151	14.655025	
0.100000	0.900000	2.454019	6.830288	97.717697	14.874667	
0.100000	0.900000	2.459509	6.903655	97.699653	15.253890	
0.100000	0.900000	2.464951	6.967387	97.699176	15.493814	
0.100000	0.900000	2.470345	6.985531	97.724185	15.692398	
0.100000	0.900000	2.475692	7.114246	97.706653	15.921447	
0.100000	0.900000	2.480993	7.182031	97.706117	15.924552	
0.100000	0.900000	2.486250	7.245337	97.713816	16.002975	
0.100000	0.900000	2.491462	7.368917	97.696940	16.403500	
0.100000	0.900000	2.496631	7.467408	97.680412	16.536684	
0.100000	0.900000	2.501758	7.564379	97.672194	16.473684	
0.100000	0.900000	2.506842	7.634537	97.664141	16.368891	
0.100000	0.900000	2.511886	7.723831	97.656250	16.581167	
0.100000	0.900000	2.516890	7.774797	97.656250	16.750265	
0.100000	0.900000	2.521855	7.845811	97.663909	16.647532	
0.100000	0.900000	2.526780	7.885971	97.679005	16.570723	
0.100000	0.900000	2.531668	7.946383	97.686298	16.803051	
0.100000	0.900000	2.536517	8.060880	97.693452	16.964956	
0.100000	0.900000	2.541331	8.136571	97.670991	16.873640	
0.100000	0.900000	2.546108	8.260731	97.663551	17.071825	
0.100000	0.900000	2.550849	8.359778	97.663484	17.284513	
0.100000	0.900000	2.555555	8.430589	97.663417	17.670904	
0.100000	0.900000	2.560227	8.492464	97.670455	17.755114	
0.100000	0.900000	2.564865	8.544921	97.684403	18.200356	
0.100000	0.900000	2.569470	8.598443	97.698103	18.297436	
0.100000	0.900000	2.574042	8.632602	97.711560	18.448929	
0.100000	0.900000	2.578582	8.728314	97.704221	18.732813	
0.100000	0.900000	2.583090	8.784916	97.710598	18.842730	
0.100000	0.900000	2.587567	8.868505	97.696659	18.966759	
0.100000	0.900000	2.592013	8.941959	97.702991	19.263744	
0.100000	0.900000	2.596429	9.052563	97.709216	19.219275	
0.100000	0.900000	2.600815	9.115331	97.715336	19.256460	
0.100000	0.900000	2.605171	9.152536	97.721354	19.485064	
0.100000	0.900000	2.609499	9.299168	97.701446	19.966770	
0.100000	0.900000	2.613798	9.397561	97.694672	20.302094	
0.100000	0.900000	2.618069	9.462328	97.694360	20.137671	
0.100000	0.900000	2.622312	9.691281	97.656250	20.263752	
0.100000	0.900000	2.626528	9.854645	97.643750	20.683706	
0.100000	0.900000	2.630717	9.908846	97.650050	20.656170	
0.100000	0.900000	2.634879	9.952906	97.656250	21.195639	
0.100000	0.900000	2.639016	10.042754	97.656250	21.755457	
0.100000	0.900000	2.643126	10.109983	97.656250	22.093128	
0.100000	0.900000	2.647212	10.212449	97.662260	22.585697	
0.100000	0.900000	2.651272	10.245466	97.674141	22.859100	
0.100000	0.900000	2.655307	10.489031	97.644413	22.894665	
0.100000	0.900000	2.659318	10.553123	97.638628	23.145618	
0.100000	0.900000	2.663305	10.628808	97.632929	23.173225	
0.100000	0.900000	2.667269	10.673244	97.627315	23.451485	
0.100000	0.900000	2.671208	10.782385	97.604550	23.476299	
0.100000	0.900000	2.675125	10.860585	97.604927	23.726669	
0.100000	0.900000	2.679019	10.975287	97.593976	24.039215	
0.100000	0.900000	2.682891	11.028442	97.605665	24.194798	
0.100000	0.900000	2.686740	11.179066	97.589286	24.475183	
0.100000	0.900000	2.690567	11.276183	97.584220	24.557636	
0.100000	0.900000	2.694373	11.330492	97.595731	24.391159	
0.100000	0.900000	2.698157	11.411407	97.590691	24.539139	
0.100000	0.900000	2.701920	11.488226	97.591146	24.601589	
0.100000	0.900000	2.705662	11.539693	97.591595	24.642944	
0.100000	0.900000	2.709384	11.624365	97.592038	24.306871	
0.100000	0.900000	2.713085	11.682438	97.592474	24.462135	
0.100000	0.900000	2.716767	11.740457	97.598184	24.503519	
0.100000	0.900000	2.720428	11.824755	97.598574	24.530483	
0.100000	0.900000	2.724070	11.878966	97.598958	24.452692	
0.100000	0.900000	2.727692	11.943274	97.599338	24.525700	
0.100000	0.900000	2.731296	12.019376	97.599712	24.432241	
0.100000	0.900000	2.734880	12.068859	97.605188	24.901236	
0.100000	0.900000	2.738446	12.133978	97.610593	24.644953	
0.100000	0.900000	2.741993	12.316708	97.605847	24.551451	
0.100000	0.900000	2.745522	12.378897	97.616186	24.179844	
0.100000	0.900000	2.749033	12.465503	97.621417	24.603127	
0.100000	0.900000	2.752526	12.541862	97.616693	24.822296	
0.100000	0.900000	2.756001	12.576817	97.626769	25.045536	
0.100000	0.900000	2.759459	12.608686	97.636719	25.074993	
0.100000	0.900000	2.762900	12.719639	97.617430	25.290668	
0.100000	0.900000	2.766324	12.789076	97.622492	25.357307	
0.100000	0.900000	2.769731	12.932576	97.613113	25.335670	
0.100000	0.900000	2.773121	13.035092	97.608613	25.258873	
0.100000	0.900000	2.776494	13.100542	97.613636	25.431143	
0.100000	0.900000	2.779852	13.162465	97.618599	25.446861	
0.100000	0.900000	2.783193	13.250127	97.618825	25.548878	
0.100000	0.900000	2.786518	13.289321	97.623698	25.474998	
0.100000	0.900000	2.789827	13.423244	97.610022	25.272623	
0.100000	0.900000	2.793121	13.575790	97.596507	25.612385	
0.100000	0.900000	2.796400	13.638139	97.596857	25.462753	
0.100000	0.900000	2.799663	13.756997	97.588118	25.542850	
0.100000	0.900000	2.802910	13.830403	97.574964	25.763033	
0.100000	0.900000	2.806143	13.920042	97.575431	26.113361	
0.100000	0.900000	2.809361	14.009283	97.562500	26.440472	
0.100000	0.900000	2.812565	14.084197	97.558594	26.312002	
0.100000	0.900000	2.815754	14.124634	97.567973	26.288759	
0.100000	0.900000	2.818928	14.189137	97.568469	26.488010	
0.100000	0.900000	2.822088	14.283993	97.564595	26.454872	
0.100000	0.900000	2.825235	14.329277	97.573785	26.603321	
0.100000	0.900000	2.828367	14.493885	97.565608	26.875748	
0.100000	0.900000	2.831485	14.587296	97.570398	27.285183	
0.100000	0.900000	2.834590	14.628791	97.579406	27.567116	
0.100000	0.900000	2.837681	14.746273	97.575577	27.790453	
0.100000	0.900000	2.840759	14.822624	97.571791	27.805744	
0.100000	0.900000	2.843823	14.878736	97.576445	27.861761	
0.100000	0.900000	2.846874	14.912402	97.585227	28.029795	
0.100000	0.900000	2.849913	14.948765	97.593916	28.097073	
0.100000	0.900000	2.852938	14.985197	97.602513	28.316357	
0.100000	0.900000	2.855951	15.040649	97.598684	28.717735	
0.100000	0.900000	2.858951	15.082101	97.607166	29.255039	
0.100000	0.900000	2.861938	15.135109	97.611491	29.553917	
0.100000	0.900000	2.864913	15.263549	97.599579	29.571323	
0.100000	0.900000	2.867876	15.334587	97.603898	29.819914	
0.100000	0.900000	2.870826	15.390291	97.604167	30.125650	
0.100000	0.900000	2.873765	15.494492	97.604432	30.184345	
0.100000	0.900000	2.876691	15.572114	97.604695	30.533024	
0.100000	0.900000	2.879606	15.608587	97.608902	30.531368	
0.100000	0.900000	2.882509	15.670649	97.613065	30.777115	
0.100000	0.900000	2.885400	15.739611	97.617188	30.595737	
0.100000	0.900000	2.888279	15.773249	97.625155	30.869547	
0.100000	0.900000	2.891148	15.845247	97.621442	31.157883	
0.100000	0.900000	2.894005	15.888088	97.625462	31.313393	
0.100000	0.900000	2.896850	15.980242	97.625613	31.510742	
0.100000	0.900000	2.899685	16.038056	97.625762	31.178196	
0.100000	0.900000	2.902508	16.080708	97.629703	30.995546	
0.100000	0.900000	2.905321	16.170540	97.629831	31.053202	
0.100000	0.900000	2.908122	16.224078	97.633714	31.370781	
0.100000	0.900000	2.910913	16.330982	97.626346	31.056780	
0.100000	0.900000	2.913693	16.389570	97.630208	30.863768	
0.100000	0.900000	2.916463	16.460382	97.626629	30.886646	
0.100000	0.900000	2.919222	16.593135	97.619399	30.822359	
0.100000	0.900000	2.921971	16.706875	97.612236	30.987556	
0.100000	0.900000	2.924710	16.771469	97.612442	31.136889	
0.100000	0.900000	2.927438	16.823097	97.616279	31.359325	
0.100000	0.900000	2.930156	16.878851	97.616464	31.542788	
0.100000	0.900000	2.932864	16.919616	97.627448	31.742815	
0.100000	0.900000	2.935562	16.940119	97.638331	31.771336	
0.100000	0.900000	2.938251	16.982444	97.638413	32.054230	
0.100000	0.900000	2.940929	17.058969	97.631392	31.996399	
0.100000	0.900000	2.943598	17.137233	97.635040	32.174240	
0.100000	0.900000	2.946257	17.193682	97.631616	32.191284	
0.100000	0.900000	2.948906	17.341833	97.628223	32.130543	
0.100000	0.900000	2.951546	17.390218	97.635324	31.820698	
0.100000	0.900000	2.954177	17.460681	97.631944	32.001495	
0.100000	0.900000	2.956798	17.509234	97.635509	31.907558	
0.100000	0.900000	2.959410	17.545744	97.642483	31.961483	
0.100000	0.900000	2.962013	17.735743	97.642544	32.074524	
0.100000	0.900000	2.964607	17.763928	97.652838	32.061600	
0.100000	0.900000	2.967191	17.799895	97.659647	31.709854	
0.100000	0.900000	2.969767	17.842650	97.663014	31.944405	
0.100000	0.900000	2.972334	17.932450	97.666352	32.162308	
0.100000	0.900000	2.974892	18.025208	97.666309	32.249794	
0.100000	0.900000	2.977441	18.153397	97.659589	32.308601	
0.100000	0.900000	2.979982	18.199167	97.666223	32.178131	
0.100000	0.900000	2.982513	18.260668	97.666181	32.286324	
0.100000	0.900000	2.985037	18.313870	97.672732	32.588482	
0.100000	0.900000	2.987551	18.466738	97.672663	32.756615	
0.100000	0.900000	2.990058	18.586752	97.669325	32.650791	
0.100000	0.900000	2.992556	18.643863	97.669271	32.925877	
0.100000	0.900000	2.995045	18.820618	97.653008	32.942783	
0.100000	0.900000	2.997527	18.952816	97.646565	33.481514	
0.100000	0.900000	3.000000	19.018952	97.649820	33.212833	
0.100000	0.900000	3.002465	19.055488	97.659452	33.469101	
0.100000	0.900000	3.004922	19.130428	97.662628	33.643093	
0.100000	0.900000	3.007371	19.191988	97.668953	33.844109	
0.100000	0.900000	3.009812	19.245206	97.675228	34.068768	
0.100000	0.900000	3.012245	19.351888	97.668851	34.083649	
0.100000	0.900000	3.014671	19.432724	97.668800	34.160610	
0.100000	0.900000	3.017088	19.455543	97.675000	34.466202	
0.100000	0.900000	3.019498	19.579353	97.674925	34.655479	
0.100000	0.900000	3.021900	19.708492	97.677951	34.666309	
0.100000	0.900000	3.024295	19.860714	97.671690	34.835785	
0.100000	0.900000	3.026682	19.913131	97.674705	34.694527	
0.100000	0.900000	3.029061	20.010005	97.668505	35.002029	
0.100000	0.900000	3.031433	20.066917	97.671509	35.300198	
0.100000	0.900000	3.033798	20.117105	97.674489	35.298927	
0.100000	0.900000	3.036155	20.220287	97.671391	35.444160	
0.100000	0.900000	3.038505	20.284281	97.671332	35.549316	
0.100000	0.900000	3.040848	20.329807	97.674279	35.637047	
0.100000	0.900000	3.043183	20.385297	97.677203	35.579910	
0.100000	0.900000	3.045512	20.448824	97.677123	35.706718	
0.100000	0.900000	3.047833	20.496176	97.677044	36.089558	
0.100000	0.900000	3.050147	20.546880	97.676965	36.147991	
0.100000	0.900000	3.052454	20.714560	97.665094	36.057571	
0.100000	0.900000	3.054755	20.796550	97.662124	35.886879	
0.100000	0.900000	3.057048	21.002917	97.653324	36.060139	
0.100000	0.900000	3.059334	21.087341	97.656250	36.277435	
0.100000	0.900000	3.061614	21.155546	97.659154	36.594162	
0.100000	0.900000	3.063887	21.210972	97.659144	36.688011	
0.100000	0.900000	3.066153	21.269647	97.659133	36.849182	
0.100000	0.900000	3.068413	21.319584	97.661994	36.663006	
0.100000	0.900000	3.070666	21.395353	97.664835	36.423672	
0.100000	0.900000	3.072912	21.447271	97.664804	36.672871	
0.100000	0.900000	3.075152	21.510820	97.664773	36.927074	
0.100000	0.900000	3.077385	21.581810	97.667572	37.203072	
0.100000	0.900000	3.079612	21.617492	97.673172	37.505653	
0.100000	0.900000	3.081832	21.652576	97.678732	37.385933	
0.100000	0.900000	3.084046	21.681815	97.687052	36.980438	
0.100000	0.900000	3.086254	21.733084	97.689732	37.134613	
0.100000	0.900000	3.088455	21.800136	97.692393	36.726925	
0.100000	0.900000	3.090650	21.937049	97.686724	36.760880	
0.100000	0.900000	3.092839	21.963822	97.692138	37.202385	
0.100000	0.900000	3.095021	22.081125	97.686510	37.042343	
0.100000	0.900000	3.097198	22.178006	97.672697	37.364441	
0.100000	0.900000	3.099368	22.287585	97.669908	37.673195	
0.100000	0.900000	3.101533	22.413060	97.664416	37.422836	
0.100000	0.900000	3.103691	22.574481	97.658963	37.556381	
0.100000	0.900000	3.105844	22.631575	97.656250	37.485954	
0.100000	0.900000	3.107990	22.697207	97.661638	37.592442	
0.100000	0.900000	3.110130	22.782416	97.664304	37.820992	
0.100000	0.900000	3.112265	22.815051	97.669628	38.487762	
0.100000	0.900000	3.114394	22.940261	97.661583	38.934700	
0.100000	0.900000	3.116517	22.995784	97.664222	39.236858	
0.100000	0.900000	3.118634	23.062614	97.666843	39.491390	
0.100000	0.900000	3.120745	23.100688	97.672086	39.732166	
0.100000	0.900000	3.122851	23.204649	97.669402	39.803997	
0.100000	0.900000	3.124951	23.267839	97.669358	40.090969	
0.100000	0.900000	3.127046	23.341311	97.671927	40.225056	
0.100000	0.900000	3.129135	23.398824	97.674479	40.228706	
0.100000	0.900000	3.131218	23.474072	97.671823	40.546196	
0.100000	0.900000	3.133296	23.569564	97.671772	41.114902	
0.100000	0.900000	3.135368	23.636574	97.671720	41.637260	
0.100000	0.900000	3.137435	23.666562	97.679379	41.538231	
0.100000	0.900000	3.139496	23.768221	97.679303	41.373062	
0.100000	0.900000	3.141552	23.804358	97.684334	41.668991	
0.100000	0.900000	3.143603	23.890488	97.684243	41.805763	
0.100000	0.900000	3.145648	23.948752	97.686688	41.787132	
0.100000	0.900000	3.147688	24.063087	97.684061	41.943916	
0.100000	0.900000	3.149723	24.111778	97.686492	42.116013	
0.100000	0.900000	3.151752	24.194111	97.688907	42.172966	
0.100000	0.900000	3.153777	24.264632	97.688802	42.472862	
0.100000	0.900000	3.155796	24.428020	97.678714	42.682999	
0.100000	0.900000	3.157810	24.479831	97.681131	42.734222	
0.100000	0.900000	3.159818	24.559391	97.673611	42.879036	
0.100000	0.900000	3.161822	24.636307	97.673556	43.068512	
0.100000	0.900000	3.163821	24.776780	97.671037	43.115082	
0.100000	0.900000	3.165814	24.823417	97.673447	43.189377	
0.100000	0.900000	3.167803	24.900823	97.675842	43.630661	
0.100000	0.900000	3.169786	24.927960	97.683105	43.697067	
0.100000	0.900000	3.171765	25.009003	97.680588	43.708076	
0.100000	0.900000	3.173739	25.045667	97.685365	43.703712	
0.100000	0.900000	3.175708	25.096870	97.690112	43.404945	
0.100000	0.900000	3.177672	25.161199	97.690008	43.430458	
0.100000	0.900000	3.179631	25.235503	97.689904	43.752903	
0.100000	0.900000	3.181585	25.328324	97.692197	43.671890	
0.100000	0.900000	3.183534	25.366530	97.696865	43.702888	
0.100000	0.900000	3.185479	25.456290	97.699123	43.307400	
0.100000	0.900000	3.187419	25.548717	97.696619	43.679611	
0.100000	0.900000	3.189354	25.598768	97.694129	43.520645	
0.100000	0.900000	3.191285	25.649316	97.698735	43.489853	
0.100000	0.900000	3.193211	25.671129	97.705666	43.510281	
0.100000	0.900000	3.195132	25.784507	97.707864	43.499710	
0.100000	0.900000	3.197049	25.874479	97.705371	43.504623	
0.100000	0.900000	3.198961	25.902630	97.709888	43.555084	
0.100000	0.900000	3.200869	25.979662	97.709728	43.444893	
0.100000	0.900000	3.202772	26.022134	97.709570	43.366341	
0.100000	0.900000	3.204670	26.159269	97.707101	43.315292	
0.100000	0.900000	3.206564	26.229603	97.709255	43.096558	
0.100000	0.900000	3.208454	26.345225	97.702206	43.250156	
0.100000	0.900000	3.210339	26.392510	97.706653	43.600536	
0.100000	0.900000	3.212220	26.481194	97.708790	43.607422	
0.100000	0.900000	3.214096	26.550957	97.708637	43.806385	
0.100000	0.900000	3.215968	26.633105	97.706214	44.274223	
0.100000	0.900000	3.217835	26.742177	97.703804	44.136993	
0.100000	0.900000	3.219699	26.787002	97.705925	43.991314	
0.100000	0.900000	3.221558	26.815946	97.710285	44.220818	
0.100000	0.900000	3.223412	26.836772	97.716864	44.599632	
0.100000	0.900000	3.225263	26.862841	97.721168	44.925514	
0.100000	0.900000	3.227109	26.894819	97.725446	45.338455	
0.100000	0.900000	3.228951	26.934560	97.729701	45.472641	
0.100000	0.900000	3.230789	27.036839	97.729492	45.775421	
0.100000	0.900000	3.232622	27.099800	97.731498	45.672600	
0.100000	0.900000	3.234452	27.143188	97.733492	45.551704	
0.100000	0.900000	3.236277	27.266741	97.733275	45.735924	
0.100000	0.900000	3.238098	27.337486	97.728669	45.527191	
0.100000	0.900000	3.239915	27.362177	97.730655	45.518974	
0.100000	0.900000	3.241728	27.398324	97.732629	45.561783	
0.100000	0.900000	3.243537	27.428344	97.736769	45.751915	
0.100000	0.900000	3.245342	27.451519	97.740885	46.069878	
0.100000	0.900000	3.247143	27.574889	97.736323	46.174454	
0.100000	0.900000	3.248940	27.677006	97.731785	46.313995	
0.100000	0.900000	3.250733	27.853025	97.725121	46.419518	
0.100000	0.900000	3.252522	27.919837	97.729224	46.599373	
0.100000	0.900000	3.254307	27.958589	97.731164	46.619396	
0.100000	0.900000	3.256089	28.004830	97.730960	46.556877	
0.100000	0.900000	3.257866	28.042838	97.732885	46.856606	
0.100000	0.900000	3.259639	28.133513	97.728431	46.828384	
0.100000	0.900000	3.261409	28.158134	97.734587	47.057793	
0.100000	0.900000	3.263175	28.189788	97.740709	47.345749	
0.100000	0.900000	3.264937	28.219653	97.744693	47.505096	
0.100000	0.900000	3.266695	28.336645	97.744456	47.642342	
0.100000	0.900000	3.268449	28.361878	97.746314	47.342888	
0.100000	0.900000	3.270200	28.417223	97.748162	47.229225	
0.100000	0.900000	3.271947	28.483157	97.747917	47.467857	
0.100000	0.900000	3.273690	28.523225	97.749751	47.471943	
0.100000	0.900000	3.275430	28.550145	97.753647	47.847099	
0.100000	0.900000	3.277165	28.671708	97.749256	47.969566	
0.100000	0.900000	3.278898	28.697430	97.755195	47.951393	
0.100000	0.900000	3.280626	28.720053	97.759046	48.269279	
0.100000	0.900000	3.282351	28.777400	97.760827	48.788956	
0.100000	0.900000	3.284072	28.790758	97.766688	49.264114	
0.100000	0.900000	3.285790	28.891497	97.762320	49.870766	
0.100000	0.900000	3.287504	28.940076	97.762044	50.283905	
0.100000	0.900000	3.289214	28.992906	97.763799	50.601105	
0.100000	0.900000	3.290921	29.058447	97.765544	50.517326	
0.100000	0.900000	3.292624	29.099216	97.769299	50.794685	
0.100000	0.900000	3.294324	29.189415	97.769008	50.909931	
0.100000	0.900000	3.296021	29.407998	97.762693	51.241905	
0.100000	0.900000	3.297713	29.455940	97.766426	51.449341	
0.100000	0.900000	3.299403	29.529115	97.766145	51.306389	
0.100000	0.900000	3.301089	29.601709	97.765864	51.579556	
0.100000	0.900000	3.302771	29.661009	97.769561	51.788651	
0.100000	0.900000	3.304450	29.761855	97.771256	51.900452	
0.100000	0.900000	3.306126	29.848443	97.768987	51.973892	
0.100000	0.900000	3.307798	30.017071	97.764757	52.301559	
0.100000	0.900000	3.309467	30.086208	97.760548	52.493038	
0.100000	0.900000	3.311133	30.131258	97.760286	52.770618	
0.100000	0.900000	3.312795	30.166198	97.761983	53.253567	
0.100000	0.900000	3.314454	30.202143	97.765625	52.994881	
0.100000	0.900000	3.316110	30.265888	97.767300	53.390320	
0.100000	0.900000	3.317762	30.350692	97.765081	53.536518	
0.100000	0.900000	3.319411	30.394778	97.764811	53.665318	
0.100000	0.900000	3.321057	30.453561	97.764542	54.268738	
0.100000	0.900000	3.322699	30.517346	97.766204	54.858498	
0.100000	0.900000	3.324338	30.645612	97.760160	54.917099	
0.100000	0.900000	3.325974	30.718617	97.757985	55.372581	
0.100000	0.900000	3.327607	30.796959	97.759651	55.552460	
0.100000	0.900000	3.329237	30.820476	97.765128	55.687134	
0.100000	0.900000	3.330863	30.873146	97.766768	55.688465	
0.100000	0.900000	3.332486	30.923544	97.768400	56.086853	
0.100000	0.900000	3.334106	31.042558	97.762439	56.458118	
0.100000	0.900000	3.335723	31.084802	97.764074	56.611275	
0.100000	0.900000	3.337337	31.157123	97.765700	56.279663	
0.100000	0.900000	3.338948	31.222396	97.765437	56.463470	
0.100000	0.900000	3.340555	31.260872	97.767052	56.825050	
0.100000	0.900000	3.342160	31.322975	97.764913	56.905884	
0.100000	0.900000	3.343761	31.411518	97.760915	57.046680	
0.100000	0.900000	3.345360	31.449090	97.762530	57.169724	
0.100000	0.900000	3.346955	31.567073	97.760417	57.240639	
0.100000	0.900000	3.348547	31.609751	97.762025	57.416874	
0.100000	0.900000	3.350136	31.644397	97.765477	57.707733	
0.100000	0.900000	3.351723	31.792949	97.765219	57.795372	
0.100000	0.900000	3.353306	31.852089	97.764962	58.088951	
0.100000	0.900000	3.354886	31.972906	97.762868	58.558731	
0.100000	0.900000	3.356463	32.008359	97.766285	58.975597	
0.100000	0.900000	3.358038	32.092648	97.764198	59.026798	
0.100000	0.900000	3.359609	32.181258	97.760295	58.885239	
0.100000	0.900000	3.361178	32.250410	97.760052	58.732975	
0.100000	0.900000	3.362743	32.290219	97.763445	58.732849	
0.100000	0.900000	3.364306	32.502501	97.757758	58.592186	
0.100000	0.900000	3.365865	32.666844	97.753906	58.379288	
0.100000	0.900000	3.367422	32.783201	97.753681	58.365067	
0.100000	0.900000	3.368976	32.819560	97.757056	58.375591	
0.100000	0.900000	3.370527	32.907837	97.753233	58.574585	
0.100000	0.900000	3.372076	33.051564	97.751218	59.093746	
0.100000	0.900000	3.373621	33.145474	97.751001	59.307922	
0.100000	0.900000	3.375164	33.244521	97.747217	59.550537	
0.100000	0.900000	3.376703	33.294301	97.747010	59.912254	
0.100000	0.900000	3.378240	33.337252	97.750355	59.853264	
0.100000	0.900000	3.379774	33.379955	97.751913	59.377968	
0.100000	0.900000	3.381306	33.447329	97.749929	59.873589	
0.100000	0.900000	3.382834	33.480551	97.751481	59.628647	
0.100000	0.900000	3.384360	33.580174	97.751267	59.883835	
0.100000	0.900000	3.385883	33.601080	97.754565	60.254219	
0.100000	0.900000	3.387404	33.658375	97.754344	60.451157	
0.100000	0.900000	3.388921	33.715620	97.752377	60.326950	
0.100000	0.900000	3.390436	33.794152	97.753906	60.288200	
0.100000	0.900000	3.391949	33.852945	97.751949	60.356483	
0.100000	0.900000	3.393458	33.872933	97.756944	60.442848	
0.100000	0.900000	3.394965	33.998034	97.758453	60.773838	
0.100000	0.900000	3.396469	34.119531	97.754770	61.193874	
0.100000	0.900000	3.397971	34.207624	97.754553	61.336189	
0.100000	0.900000	3.399470	34.332703	97.752616	61.619076	
0.100000	0.900000	3.400966	34.451238	97.750687	61.806732	
0.100000	0.900000	3.402460	34.515808	97.750480	62.165901	
0.100000	0.900000	3.403951	34.572917	97.750274	62.264679	
0.100000	0.900000	3.405439	34.605383	97.751774	62.459774	
0.100000	0.900000	3.406925	34.668885	97.751566	62.435188	
0.100000	0.900000	3.408408	34.802052	97.751359	62.548340	
0.100000	0.900000	3.409889	34.868296	97.752847	62.804787	
0.100000	0.900000	3.411367	34.962262	97.749256	62.648582	
0.100000	0.900000	3.412842	35.054940	97.747368	62.301781	
0.100000	0.900000	3.414315	35.111737	97.748855	62.413639	
0.100000	0.900000	3.415785	35.137001	97.752016	62.831497	
0.100000	0.900000	3.417253	35.246916	97.751811	62.859932	
0.100000	0.900000	3.418719	35.347585	97.753279	63.241028	
0.100000	0.900000	3.420182	35.422496	97.751402	63.683662	
0.100000	0.900000	3.421642	35.467816	97.753333	64.088013	
