Train Loss	Valid Loss	Train Acc.	Valid Acc.	
0.001236	0.026654	15.700000	11.410000	
0.000958	0.002399	27.486000	22.740000	
0.000899	0.002715	33.072000	24.270000	
0.000870	0.002434	36.476000	28.380000	
0.000873	0.002770	37.618000	27.410000	
0.000811	0.002244	40.802000	32.100000	
0.000814	0.001872	40.738000	40.310000	
0.000803	0.002394	41.742000	32.310000	
0.000797	0.002588	42.598000	30.610000	
0.000791	0.002452	43.184000	34.130000	
0.000781	0.002192	43.874000	33.170000	
0.000764	0.001867	44.976000	36.890000	
0.000754	0.002969	45.598000	24.550000	
0.000754	0.001915	45.504000	40.630000	
0.000757	0.002713	45.614000	31.510000	
0.000746	0.001688	46.642000	43.010000	
0.000724	0.001731	47.934000	45.560000	
0.000740	0.001797	47.394000	42.510000	
0.000716	0.003566	48.920000	26.800000	
0.000716	0.001873	49.170000	44.200000	
0.000724	0.001975	48.792000	39.160000	
0.000731	0.001881	48.774000	40.770000	
0.000718	0.001755	49.622000	43.520000	
0.000699	0.001587	50.336000	47.500000	
0.000711	0.001879	50.302000	45.320000	
0.000707	0.001665	50.502000	46.600000	
0.000707	0.001586	50.378000	47.640000	
0.000696	0.002312	51.140000	39.070000	
0.000691	0.002489	51.636000	36.470000	
0.000709	0.001857	51.350000	41.550000	
0.000680	0.001742	52.240000	47.030000	
0.000681	0.001503	52.336000	48.660000	
0.000683	0.001829	52.014000	44.420000	
0.000685	0.001815	51.810000	44.460000	
0.000673	0.002031	52.756000	40.270000	
0.000677	0.003189	52.118000	34.010000	
0.000680	0.001536	52.102000	48.570000	
0.000676	0.001770	52.516000	41.720000	
0.000671	0.001536	52.906000	48.350000	
0.000684	0.001481	51.932000	49.570000	
0.000674	0.001559	52.322000	51.610000	
0.000676	0.001511	52.538000	49.750000	
0.000662	0.001769	53.528000	47.470000	
0.000668	0.001934	52.886000	45.820000	
0.000669	0.001578	53.198000	51.380000	
0.000672	0.001644	53.370000	49.650000	
0.000679	0.001520	52.592000	49.950000	
0.000664	0.001481	53.688000	49.910000	
0.000656	0.001410	53.726000	53.600000	
0.000655	0.001561	53.958000	49.750000	
0.000657	0.001853	54.022000	46.140000	
0.000659	0.001604	53.730000	47.630000	
0.000661	0.001350	53.312000	53.340000	
0.000656	0.001360	53.692000	54.440000	
0.000657	0.001416	54.354000	51.340000	
0.000653	0.001484	54.466000	52.790000	
0.000643	0.001613	54.788000	50.050000	
0.000652	0.001458	54.092000	52.220000	
0.000648	0.001504	54.462000	49.860000	
0.000653	0.001453	54.622000	50.840000	
0.000653	0.001479	54.126000	51.980000	
0.000643	0.002141	54.698000	38.750000	
0.000633	0.001774	54.970000	43.290000	
0.000649	0.001440	54.320000	51.130000	
0.000644	0.001452	54.368000	51.750000	
0.000638	0.001354	55.018000	54.570000	
0.000644	0.001330	54.674000	53.860000	
0.000631	0.001304	55.098000	55.130000	
0.000626	0.001328	55.744000	55.060000	
0.000636	0.001942	54.900000	46.760000	
0.000633	0.001260	54.716000	55.710000	
0.000622	0.001538	55.698000	46.960000	
0.000625	0.001259	55.502000	54.530000	
0.000639	0.001288	54.250000	54.450000	
0.000624	0.001562	55.324000	48.380000	
0.000625	0.001349	55.382000	53.610000	
0.000625	0.001384	55.054000	54.130000	
0.000616	0.001622	55.836000	49.590000	
0.000621	0.001315	55.596000	55.150000	
0.000627	0.001369	55.064000	52.580000	
0.000607	0.001159	56.190000	57.920000	
0.000594	0.001150	57.164000	58.550000	
0.000590	0.001139	57.278000	59.170000	
0.000585	0.001128	57.686000	59.200000	
0.000582	0.001132	57.940000	59.420000	
0.000582	0.001125	58.154000	59.320000	
0.000578	0.001117	58.308000	59.540000	
0.000576	0.001121	58.372000	59.420000	
0.000573	0.001116	58.516000	59.730000	
0.000573	0.001109	58.578000	59.950000	
0.000572	0.001097	58.938000	60.090000	
0.000569	0.001103	58.960000	60.070000	
0.000566	0.001101	59.112000	60.230000	
0.000565	0.001100	59.050000	60.340000	
0.000564	0.001094	59.304000	60.420000	
0.000564	0.001091	59.458000	60.510000	
0.000562	0.001090	59.538000	60.630000	
0.000558	0.001083	59.578000	60.650000	
0.000557	0.001085	59.622000	60.840000	
0.000555	0.001085	59.896000	60.720000	
0.000554	0.001076	59.948000	61.000000	
0.000558	0.001069	59.798000	61.250000	
0.000553	0.001069	60.182000	61.220000	
0.000552	0.001068	60.276000	61.370000	
0.000552	0.001069	60.158000	61.330000	
0.000548	0.001065	60.382000	61.390000	
0.000551	0.001063	60.194000	61.550000	
0.000547	0.001061	60.526000	61.950000	
0.000546	0.001059	60.382000	61.990000	
0.000546	0.001061	60.484000	61.670000	
0.000547	0.001058	60.490000	61.850000	
0.000542	0.001056	60.810000	61.960000	
0.000544	0.001054	60.598000	61.900000	
0.000543	0.001053	60.616000	61.860000	
0.000540	0.001049	60.932000	62.260000	
0.000542	0.001048	60.806000	62.330000	
0.000542	0.001049	61.200000	61.920000	
0.000540	0.001044	61.094000	62.430000	
0.000537	0.001041	61.236000	62.390000	
0.000537	0.001045	61.304000	62.440000	
0.000536	0.001043	61.178000	62.440000	
0.000535	0.001043	61.464000	62.160000	
0.000536	0.001041	61.246000	62.390000	
0.000534	0.001041	61.328000	62.400000	
0.000537	0.001041	61.148000	62.480000	
0.000536	0.001041	61.408000	62.440000	
0.000538	0.001040	61.198000	62.470000	
0.000534	0.001043	61.510000	62.250000	
0.000536	0.001038	61.414000	62.530000	
0.000536	0.001044	61.254000	62.420000	
0.000535	0.001039	61.332000	62.720000	
0.000536	0.001041	61.314000	62.420000	
0.000535	0.001041	61.348000	62.540000	
0.000532	0.001040	61.366000	62.520000	
0.000536	0.001038	61.342000	62.660000	
0.000535	0.001038	61.282000	62.600000	
0.000535	0.001039	61.300000	62.620000	
0.000535	0.001037	61.340000	62.590000	
0.000533	0.001039	61.614000	62.530000	
0.000534	0.001037	61.076000	62.510000	
0.000536	0.001039	61.048000	62.670000	
0.000536	0.001037	61.318000	62.520000	
0.000536	0.001038	61.320000	62.570000	
0.000536	0.001038	61.454000	62.630000	
0.000534	0.001036	61.350000	62.730000	
0.000533	0.001039	61.370000	62.510000	
0.000536	0.001037	61.338000	62.470000	
0.000533	0.001036	61.550000	62.800000	
0.000532	0.001037	61.612000	62.560000	
0.000534	0.001034	61.474000	62.720000	
