Train Loss	Valid Loss	Train Acc.	Valid Acc.	Grad Norm	Noise Record	
0.000918	0.002769	31.148000	15.320000	8.613345	0.000315	
0.000712	0.001794	47.696000	38.100000	9.636577	0.000137	
0.000595	0.001233	56.868000	56.030000	9.505287	0.000103	
0.000492	0.001587	64.834000	52.880000	9.141328	0.000085	
0.000427	0.000877	69.458000	69.760000	8.892581	0.000074	
0.000366	0.001011	73.962000	65.810000	8.424811	0.000067	
0.000326	0.000951	77.224000	69.490000	8.211243	0.000061	
0.000298	0.000758	79.266000	74.560000	7.686301	0.000056	
0.000259	0.000645	81.976000	78.970000	6.980871	0.000052	
0.000241	0.000648	83.236000	78.210000	7.333628	0.000049	
0.000224	0.000615	84.380000	79.410000	6.970771	0.000047	
0.000213	0.000610	85.134000	79.990000	6.947586	0.000044	
0.000192	0.000645	86.572000	78.970000	6.413739	0.000042	
0.000182	0.000518	87.496000	83.030000	6.873632	0.000041	
0.000172	0.000598	88.062000	80.440000	6.662364	0.000039	
0.000162	0.000538	88.474000	82.680000	6.498323	0.000038	
0.000150	0.000507	89.524000	83.830000	6.348032	0.000036	
0.000143	0.000472	90.058000	84.540000	6.159725	0.000035	
0.000135	0.000509	90.570000	83.310000	6.124934	0.000034	
0.000131	0.000490	90.872000	84.130000	6.279422	0.000033	
0.000125	0.000459	91.184000	85.220000	6.091318	0.000032	
0.000113	0.000491	92.136000	84.760000	5.893988	0.000031	
0.000108	0.000638	92.524000	80.880000	5.984028	0.000031	
0.000106	0.000605	92.538000	82.760000	6.087028	0.000030	
0.000099	0.000422	93.092000	86.940000	6.026568	0.000029	
0.000097	0.000646	93.220000	81.760000	5.869544	0.000029	
0.000091	0.000488	93.614000	85.910000	5.817285	0.000028	
0.000087	0.000453	93.940000	86.610000	5.780099	0.000028	
0.000083	0.000448	94.090000	86.800000	5.824741	0.000027	
0.000079	0.000461	94.512000	86.290000	5.559176	0.000026	
0.000076	0.000496	94.592000	86.160000	5.784112	0.000026	
0.000068	0.000510	95.206000	85.900000	5.391934	0.000026	
0.000070	0.000652	94.996000	82.830000	5.580232	0.000025	
0.000069	0.000418	95.078000	87.740000	5.766764	0.000025	
0.000062	0.000435	95.618000	87.900000	5.233323	0.000024	
0.000054	0.000482	96.186000	86.650000	5.089993	0.000024	
0.000056	0.000565	96.074000	85.280000	5.415372	0.000024	
0.000050	0.000549	96.510000	86.480000	5.014288	0.000023	
0.000048	0.000564	96.628000	85.610000	5.024771	0.000023	
0.000051	0.000527	96.360000	86.360000	5.436398	0.000023	
0.000049	0.000473	96.520000	87.570000	5.238928	0.000022	
0.000045	0.000543	96.864000	86.000000	4.963843	0.000022	
0.000042	0.000454	97.070000	88.130000	5.015698	0.000022	
0.000043	0.000560	96.962000	85.940000	5.122858	0.000021	
0.000042	0.000482	97.030000	87.950000	5.191403	0.000021	
0.000038	0.000456	97.264000	88.180000	4.834366	0.000021	
0.000036	0.000429	97.496000	89.120000	4.690761	0.000021	
0.000036	0.000497	97.482000	87.440000	4.824488	0.000020	
0.000035	0.000445	97.468000	89.020000	4.933389	0.000020	
0.000032	0.000434	97.664000	89.090000	4.659512	0.000020	
0.000029	0.000472	98.050000	88.660000	4.256618	0.000020	
0.000028	0.000466	98.032000	89.340000	4.452613	0.000019	
0.000026	0.000459	98.198000	88.850000	4.268602	0.000019	
0.000026	0.000453	98.202000	89.170000	4.302620	0.000019	
0.000025	0.000455	98.288000	89.320000	4.261326	0.000019	
0.000026	0.000437	98.052000	89.430000	4.614254	0.000019	
0.000024	0.000500	98.308000	88.880000	4.182259	0.000019	
0.000024	0.000568	98.334000	87.460000	4.313953	0.000018	
0.000025	0.000543	98.236000	87.950000	4.319886	0.000018	
0.000022	0.000477	98.498000	88.980000	4.049528	0.000018	
0.000018	0.000475	98.732000	89.320000	3.707138	0.000018	
0.000019	0.000554	98.742000	88.260000	3.805023	0.000018	
0.000019	0.000499	98.680000	88.790000	3.992155	0.000018	
0.000019	0.000601	98.762000	87.640000	3.842929	0.000017	
0.000019	0.000485	98.654000	88.880000	3.997254	0.000017	
0.000018	0.000512	98.704000	88.810000	3.949869	0.000017	
0.000019	0.000528	98.744000	88.550000	4.027688	0.000017	
0.000016	0.000473	98.876000	89.670000	3.634791	0.000017	
0.000014	0.000442	99.022000	90.490000	3.458648	0.000017	
0.000015	0.000524	98.992000	88.990000	3.576430	0.000017	
0.000014	0.000577	99.076000	88.260000	3.390317	0.000016	
0.000015	0.000461	98.956000	89.970000	3.656573	0.000016	
0.000013	0.000452	99.118000	90.290000	3.316337	0.000016	
0.000012	0.000469	99.190000	90.210000	3.187109	0.000016	
0.000014	0.000506	99.036000	89.670000	3.607351	0.000016	
0.000013	0.000454	99.076000	90.080000	3.481579	0.000016	
0.000013	0.000468	99.142000	90.240000	3.443353	0.000016	
0.000014	0.000468	99.090000	90.220000	3.608796	0.000016	
0.000014	0.000468	99.006000	90.150000	3.651220	0.000015	
0.000013	0.000454	99.138000	90.390000	3.354751	0.000015	
0.000007	0.000388	99.534000	91.590000	2.287834	0.000002	
0.000005	0.000374	99.738000	91.720000	1.753778	0.000002	
0.000004	0.000374	99.802000	91.750000	1.510907	0.000002	
0.000003	0.000373	99.854000	91.890000	1.292291	0.000001	
0.000003	0.000372	99.864000	91.940000	1.294887	0.000001	
0.000003	0.000373	99.854000	91.910000	1.351011	0.000001	
0.000003	0.000372	99.910000	92.000000	1.121210	0.000001	
0.000003	0.000371	99.886000	92.110000	1.173642	0.000001	
0.000002	0.000369	99.910000	92.110000	1.117875	0.000001	
0.000003	0.000372	99.910000	92.060000	1.196255	0.000001	
0.000002	0.000370	99.918000	92.200000	1.097253	0.000001	
0.000002	0.000371	99.892000	91.950000	1.199518	0.000001	
0.000002	0.000374	99.930000	91.990000	1.008043	0.000001	
0.000002	0.000370	99.936000	92.050000	0.997274	0.000001	
0.000002	0.000371	99.928000	92.000000	1.011373	0.000001	
0.000002	0.000369	99.932000	92.030000	1.044761	0.000001	
0.000002	0.000370	99.934000	92.120000	0.972111	0.000001	
0.000002	0.000368	99.932000	92.110000	1.005341	0.000001	
0.000002	0.000370	99.918000	92.120000	1.020353	0.000001	
0.000002	0.000368	99.958000	92.160000	0.902545	0.000001	
0.000002	0.000370	99.952000	92.160000	0.898303	0.000001	
0.000002	0.000371	99.958000	92.290000	0.858356	0.000001	
0.000002	0.000373	99.948000	92.230000	0.922617	0.000001	
0.000002	0.000371	99.948000	92.180000	0.876460	0.000001	
0.000002	0.000375	99.944000	92.050000	0.865240	0.000001	
0.000002	0.000372	99.960000	92.240000	0.871949	0.000001	
0.000002	0.000370	99.948000	92.350000	0.843098	0.000001	
0.000001	0.000370	99.958000	92.270000	0.823965	0.000001	
0.000002	0.000371	99.956000	92.260000	0.885502	0.000001	
0.000002	0.000372	99.968000	92.260000	0.846822	0.000001	
0.000002	0.000374	99.954000	92.310000	0.898984	0.000001	
0.000001	0.000372	99.962000	92.330000	0.863530	0.000001	
0.000001	0.000371	99.960000	92.270000	0.833476	0.000001	
0.000002	0.000374	99.944000	92.220000	0.900746	0.000001	
0.000001	0.000374	99.968000	92.170000	0.718617	0.000001	
0.000002	0.000371	99.958000	92.260000	0.837906	0.000001	
0.000001	0.000374	99.960000	92.280000	0.853543	0.000001	
0.000001	0.000374	99.966000	92.180000	0.790361	0.000001	
0.000001	0.000375	99.974000	92.100000	0.785910	0.000001	
0.000001	0.000372	99.972000	92.200000	0.693854	0.000001	
0.000001	0.000373	99.966000	92.150000	0.768203	0.000000	
0.000001	0.000372	99.958000	92.160000	0.794219	0.000000	
0.000001	0.000373	99.980000	92.250000	0.726961	0.000000	
0.000001	0.000373	99.960000	92.080000	0.804717	0.000000	
0.000001	0.000372	99.962000	92.230000	0.810954	0.000000	
0.000001	0.000373	99.962000	92.200000	0.761751	0.000000	
0.000001	0.000374	99.972000	92.080000	0.753018	0.000000	
0.000001	0.000374	99.968000	92.120000	0.770601	0.000000	
0.000001	0.000372	99.980000	92.290000	0.718729	0.000000	
0.000001	0.000373	99.962000	92.240000	0.764430	0.000000	
0.000001	0.000374	99.952000	92.230000	0.766594	0.000000	
0.000001	0.000373	99.970000	92.210000	0.742711	0.000000	
0.000001	0.000374	99.964000	92.190000	0.769692	0.000000	
0.000001	0.000372	99.958000	92.270000	0.798703	0.000000	
0.000001	0.000372	99.968000	92.190000	0.730378	0.000000	
0.000001	0.000372	99.966000	92.230000	0.790522	0.000000	
0.000001	0.000372	99.960000	92.330000	0.775966	0.000000	
0.000001	0.000372	99.962000	92.260000	0.742385	0.000000	
0.000001	0.000372	99.968000	92.300000	0.748804	0.000000	
0.000001	0.000373	99.974000	92.250000	0.746926	0.000000	
0.000001	0.000376	99.964000	92.370000	0.760271	0.000000	
0.000001	0.000373	99.966000	92.410000	0.783581	0.000000	
0.000001	0.000371	99.976000	92.340000	0.655718	0.000000	
0.000001	0.000374	99.980000	92.310000	0.641523	0.000000	
0.000001	0.000372	99.964000	92.230000	0.777370	0.000000	
0.000001	0.000372	99.968000	92.300000	0.759679	0.000000	
0.000001	0.000372	99.980000	92.320000	0.676264	0.000000	
0.000001	0.000373	99.964000	92.230000	0.696059	0.000000	
0.000001	0.000371	99.974000	92.400000	0.723178	0.000000	
0.000001	0.000371	99.962000	92.380000	0.789300	0.000000	
