Train Loss	Valid Loss	Train Acc.	Valid Acc.	Grad Norm	Noise Record	
0.000300	0.002313	19.490000	10.000000	7.009949	0.000000	
0.000258	0.002471	29.754000	10.000000	10.761932	0.000000	
0.000229	0.002837	38.248000	12.950000	7.108250	0.000000	
0.000212	0.002942	43.598000	14.950000	8.289429	0.000000	
0.000199	0.001758	46.776000	38.660000	10.496626	0.000000	
0.000185	0.001592	51.524000	43.030000	10.211235	0.000000	
0.000175	0.001332	54.000000	52.260000	10.339642	0.000000	
0.000161	0.001281	58.186000	54.030000	9.467461	0.000000	
0.000148	0.001520	62.010000	50.740000	9.211619	0.000000	
0.000140	0.001086	63.868000	61.630000	9.228868	0.000000	
0.000130	0.001237	66.604000	58.930000	8.854354	0.000000	
0.000124	0.001544	68.288000	54.760000	8.622659	0.000000	
0.000117	0.001267	70.420000	57.110000	8.711375	0.000000	
0.000108	0.000977	72.578000	65.830000	7.489062	0.000000	
0.000102	0.000925	74.524000	67.640000	7.465205	0.000000	
0.000096	0.001017	75.606000	65.650000	8.625586	0.000000	
0.000094	0.000976	76.420000	67.730000	8.670329	0.000000	
0.000090	0.001166	77.396000	61.570000	8.344934	0.000000	
0.000086	0.000943	78.590000	69.230000	7.967489	0.000000	
0.000082	0.000908	79.416000	71.140000	8.278166	0.000000	
0.000080	0.000981	80.146000	69.120000	8.072088	0.000000	
0.000075	0.000882	81.288000	70.040000	7.299818	0.000000	
0.000072	0.000625	82.070000	78.410000	7.228685	0.000000	
0.000069	0.000982	82.876000	72.110000	7.024245	0.000000	
0.000064	0.000817	83.842000	75.000000	6.825880	0.000000	
0.000065	0.000608	83.810000	79.860000	7.988482	0.000000	
0.000063	0.000691	84.386000	77.850000	7.242816	0.000000	
0.000059	0.000625	85.406000	79.730000	6.584614	0.000000	
0.000058	0.000741	85.580000	77.100000	7.035237	0.000000	
0.000057	0.000595	85.742000	80.050000	7.231643	0.000000	
0.000054	0.000726	86.222000	75.870000	7.005998	0.000000	
0.000053	0.000678	86.924000	79.220000	6.884122	0.000000	
0.000052	0.000575	87.140000	81.880000	7.063069	0.000000	
0.000051	0.000815	87.362000	75.230000	6.834319	0.000000	
0.000050	0.000652	87.616000	79.530000	6.544997	0.000000	
0.000046	0.000697	88.414000	78.900000	6.168525	0.000000	
0.000046	0.000557	88.616000	81.990000	6.471604	0.000000	
0.000046	0.000602	88.882000	81.130000	7.054261	0.000000	
0.000047	0.000703	88.556000	78.660000	7.536819	0.000000	
0.000044	0.000545	88.952000	82.520000	6.617575	0.000000	
0.000043	0.000498	89.298000	83.970000	6.513967	0.000000	
0.000042	0.000554	89.856000	82.770000	6.407299	0.000000	
0.000041	0.000721	89.856000	78.950000	6.050444	0.000000	
0.000039	0.000545	90.524000	82.470000	5.868712	0.000000	
0.000036	0.000539	90.906000	83.050000	5.636252	0.000000	
0.000037	0.000575	90.542000	82.170000	6.495642	0.000000	
0.000036	0.000695	91.128000	80.120000	6.110006	0.000000	
0.000034	0.000517	91.552000	83.520000	6.105593	0.000000	
0.000035	0.000674	91.394000	80.410000	6.703239	0.000000	
0.000033	0.000754	91.672000	79.370000	6.397122	0.000000	
0.000033	0.000572	91.800000	82.830000	6.039285	0.000000	
0.000031	0.000516	92.120000	84.400000	5.970893	0.000000	
0.000030	0.000499	92.510000	84.300000	5.808549	0.000000	
0.000030	0.000554	92.396000	83.810000	5.981460	0.000000	
0.000029	0.000474	92.640000	85.480000	5.719513	0.000000	
0.000029	0.000524	93.036000	84.670000	5.909522	0.000000	
0.000028	0.000708	92.970000	79.990000	5.819779	0.000000	
0.000027	0.000657	93.434000	81.140000	5.839050	0.000000	
0.000028	0.000682	93.110000	80.860000	6.108285	0.000000	
0.000027	0.000576	93.412000	82.930000	5.907287	0.000000	
0.000026	0.000464	93.544000	85.770000	5.754228	0.000000	
0.000026	0.000555	93.706000	83.780000	5.986088	0.000000	
0.000025	0.000584	93.796000	83.920000	5.977051	0.000000	
0.000025	0.000482	93.756000	86.240000	6.013545	0.000000	
0.000024	0.000505	94.002000	84.940000	5.943352	0.000000	
0.000024	0.000509	93.940000	85.380000	5.745801	0.000000	
0.000022	0.000446	94.446000	86.860000	5.359335	0.000000	
0.000022	0.000495	94.660000	85.300000	5.309359	0.000000	
0.000021	0.000471	94.678000	86.640000	5.527520	0.000000	
0.000020	0.000444	94.832000	87.550000	5.375875	0.000000	
0.000020	0.000499	95.036000	85.670000	5.409936	0.000000	
0.000020	0.000590	95.098000	83.630000	6.008026	0.000000	
0.000019	0.000511	95.188000	85.730000	5.531465	0.000000	
0.000019	0.000504	95.238000	85.990000	5.190222	0.000000	
0.000018	0.000447	95.626000	87.530000	5.241220	0.000000	
0.000017	0.000520	95.756000	86.250000	5.190313	0.000000	
0.000018	0.000632	95.470000	83.210000	5.805728	0.000000	
0.000018	0.000637	95.518000	84.290000	5.967465	0.000000	
0.000019	0.000531	95.230000	85.690000	6.294360	0.000000	
0.000018	0.000662	95.392000	83.100000	5.664090	0.000000	
0.000017	0.000384	95.852000	89.460000	5.257770	0.000000	
0.000013	0.000396	96.880000	88.900000	3.645298	0.000000	
0.000012	0.000372	97.306000	89.410000	3.459781	0.000000	
0.000011	0.000339	97.556000	90.450000	2.995991	0.000000	
0.000010	0.000339	97.838000	90.180000	2.888260	0.000000	
0.000009	0.000339	97.932000	90.050000	2.933086	0.000000	
0.000009	0.000339	97.908000	90.270000	2.894855	0.000000	
0.000009	0.000336	98.012000	90.280000	3.163224	0.000000	
0.000009	0.000338	98.000000	90.150000	2.913471	0.000000	
0.000009	0.000341	98.150000	90.430000	2.757263	0.000000	
0.000009	0.000338	98.180000	90.400000	2.998016	0.000000	
0.000008	0.000339	98.252000	90.350000	2.812915	0.000000	
0.000008	0.000339	98.272000	90.280000	2.824613	0.000000	
0.000008	0.000339	98.280000	90.460000	2.794807	0.000000	
0.000008	0.000335	98.382000	90.540000	2.653199	0.000000	
0.000008	0.000334	98.324000	90.540000	2.741721	0.000000	
0.000007	0.000338	98.430000	90.350000	2.703677	0.000000	
0.000007	0.000336	98.426000	90.490000	2.698682	0.000000	
0.000007	0.000337	98.448000	90.400000	2.697781	0.000000	
0.000007	0.000337	98.566000	90.370000	2.689854	0.000000	
0.000007	0.000338	98.536000	90.530000	2.501440	0.000000	
0.000007	0.000335	98.544000	90.630000	2.628512	0.000000	
0.000007	0.000342	98.488000	90.640000	2.849462	0.000000	
0.000007	0.000352	98.646000	90.310000	2.753750	0.000000	
0.000007	0.000348	98.660000	90.340000	2.950485	0.000000	
0.000007	0.000347	98.546000	90.130000	2.903304	0.000000	
0.000007	0.000346	98.596000	90.510000	2.856232	0.000000	
0.000007	0.000348	98.618000	90.720000	3.000061	0.000000	
0.000007	0.000347	98.680000	90.570000	2.978636	0.000000	
0.000006	0.000349	98.726000	90.220000	2.619297	0.000000	
0.000006	0.000343	98.724000	90.480000	2.596847	0.000000	
0.000006	0.000347	98.856000	90.480000	2.444076	0.000000	
0.000006	0.000342	98.838000	90.580000	2.530128	0.000000	
0.000006	0.000343	98.786000	90.690000	2.769330	0.000000	
0.000006	0.000348	98.788000	90.400000	2.763049	0.000000	
0.000006	0.000347	98.740000	90.380000	2.660590	0.000000	
0.000006	0.000351	98.798000	90.220000	2.751125	0.000000	
0.000006	0.000349	98.846000	90.310000	2.599851	0.000000	
0.000006	0.000350	98.878000	90.650000	2.904111	0.000000	
0.000006	0.000355	98.964000	90.380000	2.880441	0.000000	
0.000006	0.000349	98.836000	90.490000	2.645387	0.000000	
0.000006	0.000347	98.922000	90.460000	2.675917	0.000000	
0.000005	0.000347	98.962000	90.490000	2.387998	0.000000	
0.000006	0.000347	99.040000	90.440000	2.708040	0.000000	
0.000005	0.000346	98.974000	90.530000	2.451024	0.000000	
0.000005	0.000346	99.096000	90.570000	2.464509	0.000000	
0.000005	0.000345	99.042000	90.590000	2.477341	0.000000	
0.000005	0.000346	98.986000	90.610000	2.364842	0.000000	
0.000005	0.000344	99.134000	90.730000	2.350847	0.000000	
0.000005	0.000345	99.008000	90.680000	2.382547	0.000000	
0.000005	0.000345	98.972000	90.610000	2.460921	0.000000	
0.000005	0.000346	99.024000	90.520000	2.333182	0.000000	
0.000005	0.000346	99.046000	90.590000	2.554837	0.000000	
0.000005	0.000347	99.042000	90.620000	2.376223	0.000000	
0.000005	0.000345	99.100000	90.640000	2.365266	0.000000	
0.000005	0.000346	99.032000	90.650000	2.478225	0.000000	
0.000005	0.000346	98.964000	90.590000	2.487316	0.000000	
0.000005	0.000346	99.026000	90.660000	2.410913	0.000000	
0.000005	0.000346	99.004000	90.560000	2.507363	0.000000	
0.000005	0.000346	99.042000	90.630000	2.403712	0.000000	
0.000005	0.000346	99.070000	90.650000	2.547386	0.000000	
0.000005	0.000346	99.040000	90.760000	2.524924	0.000000	
0.000005	0.000347	99.040000	90.680000	2.443882	0.000000	
0.000005	0.000347	99.056000	90.620000	2.467543	0.000000	
0.000005	0.000345	99.010000	90.700000	2.257018	0.000000	
0.000005	0.000345	99.070000	90.700000	2.447167	0.000000	
0.000005	0.000345	99.032000	90.720000	2.409421	0.000000	
0.000005	0.000345	99.048000	90.740000	2.426122	0.000000	
0.000005	0.000345	99.050000	90.650000	2.415070	0.000000	
0.000005	0.000346	99.020000	90.660000	2.459868	0.000000	
