0.9956756958007813
0.6626183349609375
0.48996090087890626
0.3906095336914063
0.3155071548461914
0.2598006072998047
0.21407745895385744
0.12794770011901854
1.107833544921875
0.6303287170410157
0.4822176086425781
0.3942251953125
0.3136889747619629
0.2658855972290039
0.2063199104309082
0.1246021556854248
0.9825805969238282
0.7090136047363281
0.500506088256836
0.3998644104003906
0.3263087188720703
0.2673062934875488
0.2134705307006836
0.1276258617401123
1.0023532470703125
0.6489860748291015
0.4997337615966797
0.3912874465942383
0.3192304473876953
0.2645390556335449
0.2044957618713379
0.12436932487487792
0.978283447265625
0.6747226013183594
0.47859424743652346
0.38513415069580076
0.3164668014526367
0.2664929847717285
0.21306004943847656
0.1250708553314209
