0.6360211364746093
0.47400246124267575
0.35435834655761717
0.31934387359619143
0.23953772811889648
0.1700986587524414
0.13406420707702638
0.0824423843383789
0.6175198364257812
0.47976200561523435
0.3626960601806641
0.3212604598999023
0.22147122650146484
0.1787058952331543
0.11952167930603028
0.08293733406066894
0.6105652099609375
0.4701066131591797
0.3895218734741211
0.30229435958862305
0.23266247482299804
0.1754386043548584
0.12497239189147949
0.08158736610412598
0.6020401641845703
0.44962770080566405
0.3723491241455078
0.2986362060546875
0.2258524482727051
0.1709555618286133
0.12254550018310546
0.08106620330810548
0.6155858459472656
0.443267919921875
0.36750440979003907
0.2878684623718262
0.23266659317016603
0.17633530120849608
0.1315819206237793
0.082966282081604
