2.2384156005859377
2.0884317626953126
1.5021874389648437
0.8046222351074219
0.3893664764404297
0.26668745040893554
0.19535421905517578
0.10520586967468262
2.2444156494140626
2.0639498779296876
1.4472073486328125
0.8212822387695312
0.38854083251953125
0.26878408432006834
0.19299856719970704
0.1024388614654541
2.228603466796875
2.102479150390625
1.4018310424804687
0.7930888549804688
0.40064532470703124
0.26881899337768556
0.1964408935546875
0.10225283813476563
2.2421616943359375
2.0810423095703126
1.5826255004882812
0.8128767456054687
0.3945631439208984
0.2647372901916504
0.1880418212890625
0.10141997566223145
2.236366259765625
2.082590283203125
1.4384819946289062
0.8338324829101562
0.3858644973754883
0.27170997924804685
0.1995246307373047
0.10281368198394776
