2.3048119384765626
2.298609423828125
2.2914001708984375
2.260160693359375
1.0601671142578124
0.45608048095703124
0.32358094329833986
0.21327852630615235
2.3056451416015626
2.2977204345703126
2.2895481689453123
2.2543032470703124
1.0620647155761718
0.4647982055664063
0.3238086929321289
0.21248282623291015
2.3021141845703124
2.298619482421875
2.2906433837890625
2.2545270263671875
1.0245400634765625
0.4730938415527344
0.3317932830810547
0.21308856506347656
2.30615146484375
2.2981235107421876
2.2914355712890626
2.261026220703125
1.1191746643066407
0.45771875610351564
0.31969109802246093
0.2086427017211914
2.3020798583984377
2.2988407958984376
2.2905843994140627
2.2555725341796875
1.0817423034667968
0.46858344421386716
0.32483402404785156
0.2114390380859375
