2.0855439697265625
1.8657068969726562
1.3539179321289063
0.7970352233886718
0.4035030502319336
0.2831086242675781
0.21126700973510742
0.1166459487915039
2.0978017822265627
1.8009760620117188
1.2965936645507812
0.8105593872070312
0.39485797119140625
0.2826815002441406
0.20923711395263672
0.11369150428771972
2.0424661987304686
1.8898911865234376
1.2663321533203125
0.7874789001464844
0.412219548034668
0.2821131546020508
0.212842618560791
0.11430849418640136
2.1157189453125
1.8537713134765625
1.444928857421875
0.8063606750488281
0.4076252105712891
0.2760917297363281
0.20280886993408204
0.11081664505004883
2.0603206787109376
1.8367753662109374
1.297222021484375
0.8231332824707032
0.38990680694580077
0.28663037185668944
0.21372127532958984
0.11362654647827149
