1.3431307006835937
0.5693482330322266
0.4423606140136719
0.454267919921875
0.26869535980224607
0.16853080558776856
0.1313693998336792
0.07718727655410766
1.2736017456054687
0.5464145965576171
0.4731776550292969
0.4267216079711914
0.26940913696289065
0.18803468704223633
0.11703232097625732
0.07462866477966308
1.3966567016601563
0.5568421875
0.495076953125
0.3990019302368164
0.2990558349609375
0.19821821098327636
0.12471487693786622
0.07906559047698974
1.278814599609375
0.5301315338134766
0.46926671447753904
0.44650340423583984
0.27351367416381833
0.18471031036376953
0.12163315868377686
0.08180813484191894
1.2929880737304686
0.5707259094238282
0.4454708908081055
0.3849502655029297
0.2786838623046875
0.18766766738891602
0.12105778007507324
0.07640345983505249
