0.8690012512207032
0.6243008605957031
0.4868168670654297
0.40285673828125
0.26214940185546876
0.1765628158569336
0.14049796905517578
0.08484260816574096
0.8227590576171875
0.6850444946289063
0.530012077331543
0.4476686279296875
0.25143636322021484
0.18336797599792481
0.12086123313903809
0.08722872905731201
0.7825106994628906
0.6255802673339844
0.5025296539306641
0.3769696350097656
0.2655371238708496
0.189864005279541
0.12708521881103516
0.08463643980026245
0.8685341003417969
0.7047033294677735
0.48096238098144534
0.4077642517089844
0.2439338020324707
0.17084468841552736
0.12360940303802491
0.08396156854629516
0.7097211517333984
0.6800227111816406
0.5031674072265625
0.3465197463989258
0.25348706893920897
0.18803967590332032
0.14072030334472657
0.09257489452362061
