Train Loss	Valid Loss	Train Acc.	Valid Acc.	Grad Norm	Noise Record	
0.000539	0.002257	22.712000	14.360000	9.712493	0.000010	
0.000444	0.001796	35.586000	35.210000	6.044484	0.000010	
0.000391	0.001741	44.360000	39.340000	5.925222	0.000010	
0.000363	0.001601	48.636000	43.430000	7.325390	0.000010	
0.000320	0.001444	55.186000	49.240000	6.918713	0.000010	
0.000303	0.001588	57.932000	47.650000	9.323489	0.000010	
0.000280	0.001319	61.390000	55.600000	6.670766	0.000010	
0.000244	0.001067	66.546000	62.840000	7.026752	0.000010	
0.000218	0.001139	70.254000	61.780000	6.777932	0.000010	
0.000196	0.000912	73.228000	69.090000	6.293202	0.000010	
0.000194	0.001320	73.734000	59.150000	7.834572	0.000010	
0.000176	0.000874	76.102000	70.560000	5.976390	0.000010	
0.000156	0.000873	78.858000	70.620000	5.758278	0.000010	
0.000145	0.000750	80.478000	75.680000	5.922144	0.000010	
0.000135	0.000794	82.008000	74.230000	5.539600	0.000010	
0.000123	0.000643	83.314000	78.870000	5.031619	0.000010	
0.000117	0.000632	84.124000	79.540000	5.730633	0.000010	
0.000111	0.000674	85.032000	78.250000	5.614574	0.000010	
0.000105	0.000682	86.046000	78.420000	5.188267	0.000010	
0.000103	0.000544	86.020000	82.130000	5.707639	0.000010	
0.000097	0.000633	86.956000	79.740000	5.318338	0.000010	
0.000091	0.000584	87.518000	81.710000	5.178644	0.000010	
0.000086	0.000598	88.412000	81.330000	5.009757	0.000010	
0.000081	0.000608	89.152000	80.660000	5.158344	0.000010	
0.000075	0.000540	89.686000	83.080000	4.845546	0.000010	
0.000076	0.000655	89.940000	80.480000	5.273401	0.000010	
0.000074	0.000560	89.860000	83.330000	5.162980	0.000010	
0.000069	0.000598	90.664000	81.790000	4.802189	0.000010	
0.000066	0.000633	91.062000	81.450000	4.921780	0.000010	
0.000063	0.000557	91.634000	83.660000	4.720623	0.000010	
0.000059	0.000463	91.856000	85.280000	4.679156	0.000010	
0.000056	0.000506	92.456000	84.610000	4.685793	0.000010	
0.000056	0.000576	92.460000	83.390000	4.794729	0.000010	
0.000051	0.000599	92.902000	82.560000	4.327287	0.000010	
0.000049	0.000493	93.278000	85.000000	4.626993	0.000010	
0.000046	0.000493	93.642000	86.210000	4.442457	0.000010	
0.000045	0.000471	93.960000	85.810000	4.420107	0.000010	
0.000043	0.000488	94.146000	85.850000	4.365130	0.000010	
0.000040	0.000523	94.564000	85.590000	4.212650	0.000010	
0.000040	0.000489	94.480000	86.460000	4.426064	0.000010	
0.000040	0.000600	94.552000	83.480000	4.629806	0.000010	
0.000038	0.000513	94.790000	86.120000	4.349375	0.000010	
0.000036	0.000521	95.282000	85.510000	4.212587	0.000010	
0.000034	0.000534	95.330000	85.460000	4.190677	0.000010	
0.000032	0.000517	95.700000	86.200000	4.019841	0.000010	
0.000032	0.000611	95.540000	84.700000	4.215422	0.000010	
0.000031	0.000541	95.704000	85.820000	4.175163	0.000010	
0.000029	0.000510	96.132000	86.670000	3.898902	0.000010	
0.000028	0.000532	96.208000	85.770000	4.166770	0.000010	
0.000027	0.000536	96.394000	86.540000	4.004516	0.000010	
0.000026	0.000534	96.468000	86.250000	3.926348	0.000010	
0.000026	0.000475	96.412000	87.540000	4.071400	0.000010	
0.000024	0.000492	96.712000	87.510000	3.880661	0.000010	
0.000025	0.000733	96.624000	83.600000	4.070451	0.000010	
0.000023	0.000545	96.880000	86.530000	3.751262	0.000010	
0.000021	0.000506	97.174000	87.970000	3.663555	0.000010	
0.000020	0.000523	97.224000	87.140000	3.638270	0.000010	
0.000019	0.000603	97.402000	85.560000	3.582606	0.000010	
0.000020	0.000606	97.346000	86.000000	3.634169	0.000010	
0.000018	0.000526	97.520000	87.750000	3.641874	0.000010	
0.000019	0.000562	97.476000	87.080000	3.804511	0.000010	
0.000018	0.000480	97.530000	88.120000	3.675529	0.000010	
0.000017	0.000504	97.616000	88.220000	3.597662	0.000010	
0.000016	0.000502	97.948000	88.210000	3.314191	0.000010	
0.000015	0.000453	97.968000	89.010000	3.298946	0.000010	
0.000015	0.000533	97.894000	87.940000	3.472582	0.000010	
0.000015	0.000493	97.996000	88.440000	3.451420	0.000010	
0.000014	0.000486	98.228000	89.170000	3.142547	0.000010	
0.000012	0.000622	98.392000	86.540000	2.926397	0.000010	
0.000012	0.000598	98.368000	87.210000	3.103946	0.000010	
0.000012	0.000476	98.382000	89.730000	3.064789	0.000010	
0.000012	0.000500	98.386000	88.630000	3.127804	0.000010	
0.000011	0.000480	98.604000	89.590000	3.014894	0.000010	
0.000011	0.000564	98.554000	87.880000	3.066610	0.000010	
0.000011	0.000510	98.476000	89.170000	3.218912	0.000010	
0.000011	0.000519	98.516000	89.060000	3.080492	0.000010	
0.000011	0.000501	98.514000	89.310000	3.160707	0.000010	
0.000012	0.000513	98.288000	89.040000	3.423283	0.000010	
0.000011	0.000524	98.512000	88.880000	3.062586	0.000010	
0.000010	0.000576	98.714000	88.270000	2.811250	0.000010	
0.000007	0.000427	99.158000	90.830000	2.042490	0.000001	
0.000004	0.000414	99.504000	90.770000	1.559063	0.000001	
0.000003	0.000413	99.688000	90.950000	1.328160	0.000001	
0.000003	0.000412	99.674000	90.990000	1.276878	0.000001	
0.000003	0.000415	99.710000	90.800000	1.256738	0.000001	
0.000003	0.000414	99.732000	90.840000	1.272046	0.000001	
0.000003	0.000412	99.800000	90.990000	1.103893	0.000001	
0.000003	0.000410	99.772000	90.980000	1.076823	0.000001	
0.000002	0.000411	99.818000	90.960000	1.125416	0.000001	
0.000002	0.000413	99.796000	90.910000	1.111628	0.000001	
0.000002	0.000413	99.844000	91.030000	1.046484	0.000001	
0.000002	0.000415	99.860000	90.980000	0.965940	0.000001	
0.000002	0.000414	99.838000	90.980000	1.049894	0.000001	
0.000002	0.000414	99.840000	91.040000	1.005813	0.000001	
0.000002	0.000414	99.840000	91.010000	0.950481	0.000001	
0.000002	0.000415	99.858000	91.130000	0.979675	0.000001	
0.000002	0.000415	99.880000	91.040000	0.921421	0.000001	
0.000002	0.000415	99.856000	91.140000	0.919828	0.000001	
0.000002	0.000419	99.884000	90.990000	0.942339	0.000001	
0.000002	0.000417	99.880000	91.050000	0.908294	0.000001	
0.000002	0.000416	99.852000	91.120000	0.996782	0.000001	
0.000002	0.000415	99.884000	91.080000	0.977875	0.000001	
0.000002	0.000419	99.888000	91.040000	0.884238	0.000001	
0.000002	0.000416	99.902000	91.050000	0.823544	0.000001	
0.000002	0.000417	99.904000	91.070000	0.879209	0.000001	
0.000002	0.000419	99.882000	91.110000	0.837127	0.000001	
0.000002	0.000419	99.918000	91.000000	0.822841	0.000001	
0.000002	0.000418	99.898000	90.990000	0.865130	0.000001	
0.000002	0.000420	99.922000	91.150000	0.835934	0.000001	
0.000001	0.000423	99.924000	91.040000	0.809517	0.000001	
0.000002	0.000426	99.900000	90.980000	0.845613	0.000001	
0.000001	0.000425	99.934000	91.080000	0.774835	0.000001	
0.000001	0.000423	99.912000	91.050000	0.801188	0.000001	
0.000001	0.000423	99.910000	90.960000	0.835896	0.000001	
0.000001	0.000421	99.938000	90.880000	0.739498	0.000001	
0.000001	0.000420	99.904000	91.030000	0.880066	0.000001	
0.000001	0.000426	99.914000	90.990000	0.931567	0.000001	
0.000001	0.000425	99.934000	90.910000	0.707812	0.000001	
0.000001	0.000426	99.934000	90.950000	0.799894	0.000001	
0.000001	0.000425	99.930000	90.970000	0.724601	0.000001	
0.000001	0.000424	99.930000	91.050000	0.749700	0.000000	
0.000001	0.000424	99.912000	91.000000	0.842602	0.000000	
0.000001	0.000423	99.940000	91.120000	0.806398	0.000000	
0.000001	0.000423	99.928000	91.050000	0.821415	0.000000	
0.000001	0.000424	99.922000	91.090000	0.836384	0.000000	
0.000001	0.000423	99.952000	91.130000	0.750909	0.000000	
0.000001	0.000425	99.940000	91.080000	0.732052	0.000000	
0.000001	0.000424	99.924000	91.150000	0.728836	0.000000	
0.000001	0.000421	99.934000	91.140000	0.704120	0.000000	
0.000001	0.000425	99.946000	91.120000	0.681870	0.000000	
0.000001	0.000425	99.938000	91.100000	0.774213	0.000000	
0.000001	0.000425	99.944000	91.100000	0.716480	0.000000	
0.000001	0.000424	99.940000	91.090000	0.777681	0.000000	
0.000001	0.000423	99.928000	91.080000	0.763111	0.000000	
0.000001	0.000422	99.920000	91.100000	0.748652	0.000000	
0.000001	0.000422	99.936000	91.180000	0.782825	0.000000	
0.000001	0.000422	99.934000	91.090000	0.690973	0.000000	
0.000001	0.000422	99.948000	91.120000	0.774340	0.000000	
0.000001	0.000423	99.932000	91.150000	0.815587	0.000000	
0.000001	0.000422	99.950000	91.120000	0.710020	0.000000	
0.000001	0.000424	99.938000	91.140000	0.708486	0.000000	
0.000001	0.000423	99.936000	91.120000	0.727738	0.000000	
0.000001	0.000422	99.938000	91.140000	0.723050	0.000000	
0.000001	0.000423	99.942000	91.120000	0.744408	0.000000	
0.000001	0.000423	99.936000	91.100000	0.759126	0.000000	
0.000001	0.000423	99.946000	91.170000	0.686951	0.000000	
0.000001	0.000424	99.938000	91.180000	0.763305	0.000000	
0.000001	0.000423	99.942000	91.140000	0.692993	0.000000	
0.000001	0.000424	99.956000	91.110000	0.606945	0.000000	
0.000001	0.000424	99.948000	91.110000	0.771524	0.000000	
