Train Loss	Valid Loss	Train Acc.	Valid Acc.	
0.001040	0.002108	24.292000	30.480000	
0.000795	0.001552	40.740000	42.650000	
0.000698	0.001449	48.496000	48.440000	
0.000620	0.001234	55.096000	56.290000	
0.000551	0.001150	60.398000	60.020000	
0.000485	0.001199	65.370000	59.930000	
0.000428	0.001240	69.604000	60.200000	
0.000383	0.000860	72.766000	70.500000	
0.000346	0.000755	75.560000	74.000000	
0.000322	0.000764	77.324000	74.360000	
0.000290	0.000763	79.748000	74.280000	
0.000270	0.000670	81.132000	77.150000	
0.000248	0.000694	82.658000	77.000000	
0.000232	0.000629	83.764000	79.030000	
0.000223	0.000581	84.244000	81.090000	
0.000213	0.000543	85.040000	81.840000	
0.000197	0.000595	86.026000	80.770000	
0.000188	0.000494	86.770000	83.270000	
0.000174	0.000522	87.806000	82.650000	
0.000168	0.000517	88.194000	83.770000	
0.000159	0.000561	88.866000	82.640000	
0.000151	0.000489	89.408000	83.950000	
0.000145	0.000505	89.736000	84.150000	
0.000142	0.000458	90.080000	85.290000	
0.000135	0.000496	90.308000	85.020000	
0.000129	0.000548	90.918000	83.770000	
0.000124	0.000653	91.248000	81.520000	
0.000116	0.000591	91.710000	83.100000	
0.000110	0.000426	92.246000	86.820000	
0.000105	0.000432	92.556000	87.120000	
0.000099	0.000481	92.866000	85.690000	
0.000097	0.000508	93.146000	85.060000	
0.000096	0.000523	93.094000	85.660000	
0.000095	0.000509	93.280000	85.350000	
0.000089	0.000471	93.708000	86.660000	
0.000079	0.000492	94.342000	86.750000	
0.000080	0.000457	94.394000	87.150000	
0.000075	0.000554	94.626000	85.020000	
0.000071	0.000549	94.802000	86.020000	
0.000068	0.000443	95.174000	87.910000	
0.000065	0.000525	95.394000	85.980000	
0.000063	0.000443	95.520000	87.950000	
0.000059	0.000486	95.730000	87.390000	
0.000059	0.000462	95.736000	87.580000	
0.000055	0.000474	96.118000	87.730000	
0.000054	0.000498	96.096000	87.870000	
0.000052	0.000460	96.332000	87.940000	
0.000048	0.000476	96.592000	87.670000	
0.000048	0.000598	96.576000	86.600000	
0.000045	0.000526	96.774000	87.220000	
0.000043	0.000496	96.956000	87.980000	
0.000041	0.000601	97.058000	86.680000	
0.000040	0.000452	97.110000	89.090000	
0.000038	0.000483	97.282000	88.670000	
0.000036	0.000494	97.422000	88.780000	
0.000035	0.000548	97.548000	87.800000	
0.000035	0.000524	97.472000	88.180000	
0.000035	0.000526	97.550000	87.960000	
0.000032	0.000688	97.742000	86.320000	
0.000031	0.000553	97.828000	88.220000	
0.000030	0.000502	97.850000	88.760000	
0.000029	0.000551	97.892000	88.150000	
0.000029	0.000542	97.986000	87.600000	
0.000025	0.000539	98.246000	88.710000	
0.000030	0.000525	97.852000	88.470000	
0.000028	0.000705	98.030000	86.280000	
0.000026	0.000574	98.162000	87.850000	
0.000025	0.000525	98.212000	88.860000	
0.000021	0.000504	98.560000	89.210000	
0.000019	0.000526	98.682000	88.910000	
0.000020	0.000542	98.588000	88.760000	
0.000020	0.000576	98.584000	88.620000	
0.000020	0.000559	98.658000	88.980000	
0.000022	0.000606	98.502000	88.280000	
0.000022	0.000557	98.394000	88.650000	
0.000020	0.000585	98.596000	88.370000	
0.000020	0.000594	98.572000	88.260000	
0.000019	0.000495	98.612000	89.760000	
0.000019	0.000543	98.646000	88.720000	
0.000018	0.000541	98.764000	89.740000	
0.000012	0.000451	99.206000	90.780000	
0.000008	0.000444	99.516000	90.900000	
0.000007	0.000434	99.610000	91.010000	
0.000006	0.000434	99.726000	90.930000	
0.000005	0.000433	99.728000	90.970000	
0.000006	0.000437	99.724000	91.090000	
0.000005	0.000435	99.710000	91.200000	
0.000005	0.000434	99.766000	91.120000	
0.000005	0.000431	99.766000	91.160000	
0.000005	0.000438	99.762000	91.000000	
0.000004	0.000433	99.770000	91.130000	
0.000004	0.000434	99.800000	91.110000	
0.000004	0.000435	99.790000	91.190000	
0.000004	0.000437	99.800000	91.340000	
0.000004	0.000433	99.782000	91.320000	
0.000004	0.000434	99.800000	91.290000	
0.000004	0.000435	99.826000	91.240000	
0.000004	0.000438	99.842000	91.130000	
0.000004	0.000441	99.824000	91.110000	
0.000003	0.000437	99.856000	91.220000	
0.000003	0.000436	99.858000	91.250000	
0.000003	0.000439	99.872000	91.200000	
0.000003	0.000440	99.852000	91.190000	
0.000003	0.000438	99.862000	91.340000	
0.000003	0.000440	99.858000	91.290000	
0.000003	0.000443	99.890000	91.190000	
0.000003	0.000445	99.870000	91.190000	
0.000003	0.000440	99.880000	91.250000	
0.000003	0.000441	99.914000	91.110000	
0.000003	0.000444	99.890000	91.190000	
0.000003	0.000445	99.896000	91.290000	
0.000003	0.000443	99.874000	91.290000	
0.000002	0.000445	99.908000	91.140000	
0.000002	0.000444	99.912000	91.250000	
0.000003	0.000444	99.870000	91.210000	
0.000002	0.000444	99.900000	91.170000	
0.000002	0.000446	99.920000	91.260000	
0.000002	0.000450	99.898000	91.140000	
0.000002	0.000449	99.920000	91.290000	
0.000002	0.000448	99.918000	91.350000	
0.000002	0.000446	99.902000	91.340000	
0.000002	0.000446	99.922000	91.250000	
0.000002	0.000447	99.898000	91.400000	
0.000002	0.000446	99.900000	91.310000	
0.000002	0.000447	99.900000	91.430000	
0.000002	0.000446	99.930000	91.310000	
0.000003	0.000447	99.898000	91.270000	
0.000002	0.000448	99.904000	91.380000	
0.000002	0.000445	99.902000	91.290000	
0.000002	0.000447	99.912000	91.240000	
0.000002	0.000449	99.902000	91.210000	
0.000002	0.000447	99.906000	91.220000	
0.000002	0.000450	99.896000	91.210000	
0.000002	0.000445	99.912000	91.290000	
0.000002	0.000447	99.916000	91.230000	
0.000002	0.000447	99.916000	91.290000	
0.000002	0.000447	99.914000	91.270000	
0.000002	0.000447	99.912000	91.310000	
0.000002	0.000446	99.916000	91.200000	
0.000002	0.000446	99.916000	91.240000	
0.000002	0.000449	99.914000	91.320000	
0.000002	0.000447	99.920000	91.290000	
0.000002	0.000446	99.920000	91.240000	
0.000002	0.000450	99.924000	91.200000	
0.000002	0.000447	99.898000	91.300000	
0.000002	0.000448	99.910000	91.220000	
0.000002	0.000448	99.880000	91.220000	
0.000002	0.000448	99.930000	91.380000	
0.000002	0.000447	99.928000	91.320000	
0.000002	0.000446	99.932000	91.270000	
