574.5156598977495
299.1565127865849
235.86983737260016
204.10009237467773
183.20035042598897
168.64564635726575
158.0093920144694
149.10529591368143
142.21347863999776
136.66402700812364
132.1770119995824
128.83880050613547
125.50716460588079
122.24187153344873
119.91314922502676
117.55655613105576
115.98639433798091
114.30046742085229
112.45151209681337
110.96257014291943
109.52213744076471
108.42788558329771
106.98882951585809
105.96694998439403
104.90359803168394
103.90414326910933
103.47723539592359
102.65437886811192
101.61008561280897
100.82142355284623
100.38292858171924
99.4286369542156
98.94515512503108
98.60625357746824
98.13176904517718
97.5940899880568
96.9667582402971
96.6106147745307
96.27815783687667
95.68110561393443
95.20348488729257
94.92407713056127
94.52064547841576
94.29610705847598
93.53347927332182
93.10076764047868
92.8102663086202
92.65710614067662
92.47202350776858
92.19979093555766
91.84762358217426
91.26818565613713
91.0267487172822
90.77917912586604
90.70297911717012
90.37653085956349
90.2111045075585
89.99975999747784
89.94366427646942
89.83911945100589
89.60127845240488
89.38277271368587
89.09925553035994
88.87818005114578
88.29700050887789
88.06651886314351
88.10266161795145
87.74403767592578
87.61162589432172
87.56752963188796
87.04988056895245
87.07649524347248
86.89435511761644
86.53051669083744
86.47467195504917
86.23189821633078
86.1845728434695
85.97186607798805
85.56883940794562
85.54160061238423
85.57527876804794
85.3417418504752
85.30495467708698
84.94825042606745
85.06575411080898
84.75069469802854
84.61699569311094
84.47918640875378
84.48725285408551
84.1048065388382
84.05266728565567
83.90717480631614
83.64761468270342
83.43953018677361
83.27003601391117
83.38493776821838
83.26767073700371
82.93630403239604
83.06405482034533
82.65287827851562
82.60815327392012
82.78540050953627
82.4562107415204
82.40532995754705
82.00265118571834
82.09031507972472
81.96304326466843
81.87992805586047
81.66314940333189
81.55179646158793
81.51999990715159
81.3009796585736
81.29938942603384
81.36954700937942
81.2939149309596
81.03353738673388
80.61302168846953
80.61212672423413
80.81660807036847
80.458935797358
80.37731972583269
80.46786245104346
80.39764741265903
80.31017846351565
79.9022264315414
80.08444039546339
79.84687805020245
79.74193972003137
79.64701973479579
79.474315526944
79.72900417702105
79.50475559750195
79.72916844757252
79.24007605836054
79.39801996734802
79.03376878609863
79.42412955756784
79.04386815409833
79.07338128608235
78.72122955461356
79.16652381411738
78.48130472675398
78.65736509412922
78.56599664088391
78.33338979733729
78.45765489535847
78.42232616311982
78.32726972522427
78.20133705887689
78.07948470031714
78.06905721310197
78.04236620137605
77.75320880199969
77.76768695604471
77.53711612796523
77.58596581734231
77.59759719207186
77.37780722294356
77.38027058820926
77.26198405360596
77.30875653048389
77.26355921281792
77.36774129372013
77.39157471402443
77.19272341610137
76.98832681534883
77.06623503790156
76.84152076868601
76.85506737859481
77.00904786623182
76.84890007133464
76.56644282205319
76.67260283701097
76.54926264831494
76.73192751331943
76.69657492015371
76.38530514426179
76.45463992922582
76.43324541112555
76.30610409732039
75.9733167496049
76.1136326041526
76.19625422846065
76.17976961730416
76.34135537681586
76.33623139023068
76.13221745752662
75.84591327654226
75.78640691313637
75.97947126697564
75.88143909818386
75.78286003624123
75.62795459035463
75.69120462041808
75.86781837427986
75.53008652934876
75.30435496362192
75.46456243077905
75.55178205493236
75.51973508689345
75.25394724687891
75.32399964991005
75.21093930994368
75.30444768142873
75.08835243363355
75.144029775208
75.11995745971838
74.74279544334594
75.18596226443633
75.05735342501667
74.72578345400741
74.93142639762952
74.7746221859072
74.67489703377886
74.75328461478951
74.91917138861727
74.61640110339383
74.40224448634201
74.58994708391937
74.56110417300587
74.57954718669514
74.56603636184013
74.47381969447127
74.18805963023611
74.3825535747023
74.08281533290862
74.19555541164736
74.32429273317028
74.03511809293289
74.3021515616112
73.92358256282402
74.19322350892656
74.08594338018081
74.01558714400122
73.77781771961556
73.97432182313912
73.86352092018193
73.8184282669108
73.94597757571034
73.70147166373896
73.73357885588999
73.78195954452406
73.72046497490605
73.7302961980629
73.51701822654303
73.55812702214105
73.67713083239367
73.58929776773111
73.49811413130458
73.3454429750079
73.26619888898941
73.20997859319698
73.20043311029904
73.069650741692
73.14926312959226
72.82694189941327
73.00388622418264
72.80867865453489
72.84351966227713
73.08022242646122
72.87111474041367
72.95208182092722
72.8069467410753
72.8139446224062
72.89595714988758
72.8651376644363
72.91355799603629
72.77443624850675
72.53132070316462
72.60365337404502
72.55410774093589
72.5645585742382
72.37576892115469
72.5386476304407
72.59152932745154
72.45507826309782
72.56441351700813
72.70836490222784
72.69014167327587
72.47037811761116
72.55151419961675
72.43140198789224
72.66060504191306
72.35759352491188
72.42097762548808
72.45208643544662
72.43066601436209
72.3645241820327
72.15507156035149
72.22861562617379
72.10649880002927
72.10102341595827
72.10203051560033
72.11591196622814
72.07796631388554
72.05286428381189
71.95435245653717
72.016979435408
71.81883475035636
72.1808498787415
72.03871308150232
71.98214059022125
71.91013962966049
71.70329033430295
71.67563394161114
71.82369550676033
71.86326546195733
71.881314583634
71.8910617393833
71.42706037963227
71.38811736939361
71.76064172542878
71.46601994350829
71.48892827603301
71.39609321839305
71.34868776937056
71.54035867037648
71.4715906142134
71.76903068613291
71.6695191309048
71.42901048364209
71.36500599137747
71.49952368989268
71.49166770490383
71.19177674615334
71.17881226750285
71.29088111991156
71.4867485760423
70.90633980037154
71.38339652426835
71.40723674289482
71.25286811649669
71.37387398904463
71.28689845378297
71.08135662065166
71.24011831283168
71.02362455242489
71.03700917641636
71.13530064373442
70.8707622092842
70.83644157616557
71.05415256227614
71.10829612535935
71.17830729362153
70.97898181018782
70.96053998577385
71.14513892110135
70.85765866134119
70.8769220346136
70.77347909841022
70.86430729783666
70.85123183054397
70.78037017973011
70.75443397789161
70.53446245714136
70.80893743703697
70.66662891756933
70.6921158158238
70.55457858637358
70.48490833309712
70.59940565659055
70.51902780346278
70.76759907923524
70.6762115582455
70.48756489424626
70.46860358492034
70.51111630357943
70.38277114624942
70.23680600077047
70.5298053758346
70.48131512662499
70.2212679759075
70.33138420891406
70.47657044894771
70.31729105358079
70.38013349849753
70.30481537698235
70.40882030634465
69.9879227938806
70.40153724460156
70.32166131498981
70.4362519696558
70.12972962311572
69.97990302814964
70.07762059876335
70.28962749532413
70.23001686720124
70.22948191231619
69.92753176996551
69.92417173925593
69.97413262520995
69.90994524063568
70.13546286279067
70.05454962446908
70.33652724969956
70.25465084077636
70.05182091273589
69.86729475964829
69.85460106877365
69.93229204810994
70.01808733644408
70.14321328344053
70.17762340012102
69.72071210250549
69.82419353729783
69.84096342865881
69.78217901861257
69.86050504302976
69.86321108408835
69.71240480370405
69.83835207210983
69.66861214098533
69.87511008847892
69.66277189471136
69.80080913604041
69.45645772163336
69.68447867638089
69.56331112115771
69.58689181178323
69.66842203157194
69.77095693960382
69.56329167534409
69.66543334654627
69.42410539289811
69.37599230944726
69.56228180411568
69.56217797315384
69.44579881828678
69.18732267699629
69.42725826711506
69.36450654646285
69.54002599011612
69.18639559551961
69.39202808990157
69.27974913850686
69.35439527200765
69.27897327539078
69.28412228471268
69.35592446623872
69.48232323422287
69.50063657444862
69.10482804058432
68.98745649816564
69.12744447651501
69.14432891087472
69.22328536217252
69.05880628065553
68.98344992460041
69.11558123524291
69.16502520503515
69.089112326752
69.16707433932555
69.15038764320396
69.13586528734395
69.4626540561253
69.31300995680425
69.19842323582571
69.12477321259418
69.25453649918227
68.91515477944547
69.2113218694284
68.83344230382828
69.1206170262435
68.92932576276145
68.89406759675204
68.8288996094871
68.9428732730404
68.85451043225316
68.63639945045527
68.73248231074076
68.70891086962398
68.91766067342053
68.82060712230317
68.77040372942189
68.86701887847283
68.74498983297106
68.82327575928879
68.6268733011811
68.68570851831608
68.76738504429854
68.75768232180803
68.60071500387534
68.73908636834975
68.73172034952485
68.7107923593385
68.74059083355785
68.80176669975087
68.51939097238277
68.63743766800373
68.83877648795317
68.58121725808131
68.80164206313007
68.61331764700394
68.61229637952714
68.72397140695836
68.62329548871169
68.40265337200783
68.48483690075881
68.45231931918657
68.4158189507698
