16885.330903585975
991.914712629852
847.4490106668936
782.4311654162842
764.0726625382177
736.9890396461719
747.4111540780478
731.8759517103531
719.040142183985
713.7119496085646
712.0014071966174
737.7408232552046
710.0513115825
714.1309426248484
722.4223558113971
719.8269197762129
715.3173016821814
715.4922069009841
713.7117451069611
706.6863189521961
702.0964450293428
704.2571384559204
699.8057788228689
709.783027053331
701.6943493621266
712.7410741266343
706.0049224423002
717.5337368874502
703.9013806854033
717.1305142799379
699.9266054973554
719.8405148152966
714.0758638645024
712.5753946831768
710.8496579817698
705.6827988399468
708.5618260905397
697.5887868748778
704.6737492682752
705.2472602171152
697.0832377280386
740.8301940936602
709.7085626153822
705.1660635485483
710.0879425804084
711.6404173333789
701.3604021655483
703.2839664314389
700.7856272762574
702.7299057590811
705.992676285217
698.1462313925705
697.5769956130663
704.2990317445933
700.2413596966645
700.2131257167003
700.3299166087763
698.538042437389
700.7046131446278
699.7903505032065
706.9384486516434
700.0020861141207
702.4750663693086
699.7661987977704
710.492659688778
706.4519940564604
698.9013061983327
698.5683646014903
738.7389588703614
696.4891490633412
702.6635792991389
695.9471126189932
694.800012441708
700.5023532872455
693.3301385562909
704.8665746802117
728.1771428026332
701.2244317279028
697.2911725612277
699.0846588995929
697.5629381245377
693.4541675280431
708.0578575983326
702.0417734737879
702.5306384411411
704.8469727356951
695.5267149016848
698.4012741511755
706.1698048872696
781.3760417900891
697.8831208996311
705.0250190422481
696.6036990188717
701.2741021423154
702.2848973349288
699.8839801541308
697.0876281989898
702.538677428644
693.5094621160237
694.8415213674762
696.7803204296524
696.7344508539971
696.648709009521
698.2563365416814
691.4446780785105
689.9277773208863
692.128484485041
698.0419754400526
711.0320169967645
701.3068454530531
694.2244684065957
689.9668185554274
693.0967692015817
699.1983009532408
689.9596311918245
694.6554348796468
688.5805504856631
589.0974659828481
547.5710114960985
533.0675108830827
529.8430632349067
518.1655913197975
516.9995427198319
507.51110583755025
509.4656115599118
505.8161205842907
502.8109132806885
501.3110945095525
499.4029525855131
497.5617648249377
497.33820611043933
497.51436600945186
494.8947035059986
496.0074455946396
494.85009617252643
493.72755041508884
491.2375499933053
493.78836028365714
489.695038283895
491.26988017128
495.44762230500834
489.9116862663177
488.8315131362355
489.31591685278346
488.9637616377069
485.7145607668228
490.4826268765972
484.1195648623552
493.7151468254235
487.8996299864387
483.3945834689668
468.26464029328486
362.3659202584084
334.3360311941909
318.77355806593107
311.1963784579457
307.7601753085165
303.66284088621245
304.44257073647884
297.4022480255839
293.4867734205684
291.85162839432724
288.1183266547669
292.35755376688354
289.6038381832273
284.8903283887795
287.5356378773419
282.39902984138183
282.9639213163422
283.15036944052775
282.6056370530103
280.62659723837453
277.7608367455902
205.1916300483592
134.83174929820822
117.45857830054179
107.99107043176902
101.71572631219095
97.08182411979885
93.40056191352141
90.32425428238128
87.47255254161836
85.01149461002024
83.1885473155862
81.02955884031147
79.74538757310488
78.14380133119006
76.82008511225219
75.62467426689064
74.3793305227283
73.28812899830493
72.26653645664261
71.45601783945072
70.60368398036745
69.74158711970834
69.12686347019986
68.09151786202544
67.5137216309227
67.09854847171981
66.33876163428069
65.95429981255471
65.23406842107404
64.65508060747055
63.85733228497108
63.473145523164504
63.29474893050837
62.629374454803575
62.20620643643673
61.87908855807323
61.37628837590129
60.89210324416822
60.57291176121661
60.225783697753634
59.813105367465624
59.42243667839967
59.18013863781069
58.60202609834264
58.39284439699197
58.26970878066109
57.834337603645075
57.38365470603849
57.23706311460925
56.93523211922716
56.50531111583323
56.37501971323774
56.10351033986439
55.93107741836027
55.59857316893999
55.346692616242585
55.02889890430379
54.83352347248363
54.66161107448852
54.42517620859667
54.147564976217836
54.02139221414282
53.77404602193389
53.436196149141814
53.33700429526406
53.11690598759717
52.93282598825698
52.68545419960921
52.49353420085223
52.50660799454727
52.15138679038657
52.02721710296024
51.72795423772285
51.70674943366267
51.36423971506647
51.26240782318339
51.01199377651977
50.72334548002828
50.8244611962342
50.535607187814215
50.49832107106213
50.242315595750675
50.164270892120136
50.00108877824787
49.976237192540474
49.78096934872852
49.69480323188949
49.48277669074043
49.352447350777574
49.15971589864461
49.07168841826526
48.95661615017391
48.90787938936088
48.686766387496114
48.52432904642959
48.39856635285032
48.48197353594037
48.244063603290435
48.0012413695109
47.91046530278177
47.841038618482195
47.7388578540961
47.54681533529338
47.3893289805853
47.29611805631776
47.254813178756166
47.20949216436688
47.100262699802165
46.87339743838391
46.86863203272062
46.647556535392845
46.7505570709146
46.57229259331638
46.433874075976625
46.41524529072115
46.2070684830042
46.18742075023903
46.07793002496553
46.05118392706081
45.72880324921721
45.79764260253518
45.84887966746722
45.45837175664684
45.55098618562547
45.627675152140625
45.26694989097812
45.215686526968064
45.12426225416845
45.06750068236531
44.862739907652525
44.97755533421405
44.86713355595696
44.80782239828442
44.50930026441457
44.683634093860626
44.503080132684595
44.432460644038315
44.27362392226835
44.26893234326575
44.20162494827988
44.18543872838296
44.012169260318636
44.07513291499239
43.89398634984034
43.70469882728934
43.753680494587606
43.503337442684334
43.5659393790817
43.45494310108285
43.38876414613751
43.33468765594045
43.328747170102154
43.25433262176023
43.167510576497186
43.08722028300605
42.98364315161959
42.981808904270814
42.87220942941162
42.88013327341133
42.69160397226927
42.6965613375048
42.61276719551129
42.460575904626275
42.51428950747643
42.52633944780641
42.42434448473903
42.26358800057326
42.26915035076206
42.36094964730733
42.31487828788769
42.11572001906135
42.17503206198784
41.897251353569686
41.84134387024502
41.874904323861735
41.757392030522
41.795179551824624
41.59073309429899
41.627352891061236
41.680924164728985
41.494553193344274
41.55464140906967
41.34812150790241
41.408843740975946
41.29921300593452
41.195172232178074
41.080704204709114
41.127565305615406
41.074491762610684
41.03689127180136
41.13096900823847
40.8731201193639
40.862918473614364
40.751551909552255
40.72316796836239
40.664386351930624
40.68632264363139
40.54963692882442
40.588865509241636
40.473853775767424
40.48506753270707
40.46080642018183
40.34950785540604
40.35444281460695
40.244603312664694
40.258268463880945
40.18192694620407
40.04827444970186
40.13177261924538
40.01126535053499
40.014142502303955
39.82869452862686
39.99160528430559
39.87245051902355
39.78430639711336
39.714293923259056
39.61078298122458
39.648209087533004
39.54797752758267
39.568833382018454
39.49899929317431
39.50801427993968
39.52835288205474
39.382908300937906
39.240441470354504
39.30245629783753
39.20205003056052
39.29942102024482
39.16276350134393
39.069261256783356
39.109719529302225
39.019280993996425
38.98130366163778
38.88758885462242
38.98821848892269
38.864399170587404
38.84294854402874
38.73995828019086
38.69198027413976
38.74300392439741
38.571135036278
38.72992730614515
38.46459101634016
38.59944834590117
38.486840333042416
38.43009645677308
38.375078520255734
38.38708271607451
38.395946475377734
38.372745938891605
38.3540434233969
38.30386364136429
38.15124204380737
38.23812316178042
38.308801664687785
38.16037547362581
38.05882178751924
37.98855433357464
37.97060434463017
37.96936276091305
37.92770259398864
37.82753826392306
37.98561737489719
37.88175556370543
37.77195666067528
37.90970885238267
37.64252471772651
37.67009878153221
37.66524049235634
37.521207931243815
37.622995439581395
37.53529783420095
37.36889866407335
37.48036703242156
37.47330119145523
37.43503311727145
37.500082121143286
37.28970998914333
37.205404103291805
37.21731325193791
37.36846929629047
37.26705113710109
37.11892230872459
37.15422246162012
37.20235252426179
37.18018966546977
37.068445264192356
37.06926085791468
37.023475555380365
36.912883709489265
36.894090613277335
36.97875157163156
36.953018074658736
36.93573945207925
36.80755093289117
36.90407569002783
36.76739412575324
36.765427893930365
36.79938351117297
36.6283881035266
36.67509606514391
36.69287996902929
36.610230197244185
36.670819014935354
36.53383258062225
36.64359025376106
36.52079200036918
36.35910929151175
36.27322025295933
36.29405510724206
36.368532541794686
36.366504800443714
36.274674457653965
36.471335141270444
36.21383138866931
36.391852145146835
36.26817563205623
36.128256733281795
36.200037754408775
36.27006428352778
36.07706608308851
36.050237986673416
36.07704318239096
36.06125128889764
35.999801198309136
35.915662702953774
36.00712485718239
