388.1588659787992
219.0776976535982
174.74127851903197
150.87960505853536
135.43119283209134
123.95599039645428
116.27449628331851
109.91261784995059
105.29413326574456
101.13733560295499
97.79190411133594
95.05200832758703
92.79316011403755
90.76996818968861
88.77248108676075
87.22174628830759
85.83824542887392
84.78491429013714
83.21455431524818
82.39871226182062
81.1958710843955
80.43653313958879
79.27433150749397
78.59743290031012
77.71301421065705
77.25631125041072
76.52120862725575
75.9635263224918
75.250204371236
74.7388557163141
74.33522021147532
73.72914065563103
73.27834457186549
72.84046255812774
72.2358596146903
71.78790921707515
71.56925046060398
71.322471002143
70.62354569030191
70.47995531330783
69.96235126938734
69.75178330019737
69.55070295253891
69.11049979466726
68.88026869428573
68.47564070201662
68.28000463059571
68.15979736534514
67.58912010314025
67.57398820457303
67.08442732828097
66.79248183269918
66.628430669115
66.55017521043571
66.27907483555643
66.08658503368287
66.00613808839513
65.4851280779241
65.24362356186954
65.21959265435963
65.00505008866865
64.85359216698536
64.64284718210433
64.47143196556601
64.14799599448166
64.15319453766644
64.03467357533191
63.629196142771065
63.48525808928176
63.497501479582915
63.43606372149046
63.03895367082115
62.925048865345865
62.629777366041786
62.51153968031411
62.5924303987845
62.380650228034845
62.11905959389827
62.15162497799586
61.961019584411325
61.80893087564741
61.68705179030109
61.33691479903654
61.351052377584864
61.42126128222426
61.2846648710885
60.916988663723735
60.950835827700445
60.75475353175622
60.60810665582856
60.738127174946385
60.664259893509694
60.54466131727283
60.23016305394946
60.2359291524543
60.22295060454701
60.14345425735376
59.92378859830928
59.763030226823986
59.67268686953506
59.73185067158317
59.57551488558457
59.48832743526561
59.24040831885656
59.22163341312996
59.09427787068188
59.192469389630254
58.900399495443956
58.91835050339142
58.93115512726268
58.76935805405778
58.79689262251477
58.646694810353345
58.455743866477526
58.52068853429222
58.50637401071304
58.22323392158744
58.4398356147311
58.20137473595565
57.951749646873566
58.16871827437032
58.06101173079264
57.922986706874916
57.774408759841656
57.725282656001134
57.668236759706495
57.73384064433728
57.752693921213506
57.50538205487674
57.403101361619385
57.248332083103286
57.22261112715622
57.26594123337184
57.25269763779602
57.24338142741042
57.07826146504801
57.064953777964696
57.05627791768007
57.00893526248198
56.792526029073706
56.681195915616705
56.71195702601127
56.576344750260056
56.767058317796966
56.72048749929911
56.42176464962072
56.50003162646345
56.31343188248652
56.45540151706763
56.565589804751255
56.280168017096194
56.35300912440695
56.11649413376563
56.062759499259585
56.006960210297756
56.087354649605196
55.94013134168762
55.83842983599816
55.88363359281425
55.83178792189502
55.81706442766254
55.88064253102929
55.69270178159612
55.91713047280422
55.75014577383498
55.57487780553604
55.522920952286675
55.57982243721441
55.61727853084712
55.43310029715582
55.32978901895526
55.430146827403235
55.28423427163752
55.15844662596141
55.365452202515705
55.151739291974025
55.184933992667936
55.10324514143607
55.1206749062039
55.19964627735923
55.11512060214515
54.914631929493055
54.902635277456454
55.041638030045185
54.739787046148564
55.00713536566996
54.76703511026246
54.806011236720586
54.861023401189094
54.7566939505011
54.69154330467452
54.7115833749221
54.680284416373524
54.674747431991854
54.56759430026398
54.641675324927654
54.31341510396703
54.45481905591913
54.54904822925217
54.37684706247257
54.52616126746464
54.48490209155975
54.347143718392694
54.16673785667634
54.07659312594629
54.31597292788504
54.10359985487471
54.16071946417028
54.19939568142576
54.19267157642462
53.97524617126476
54.02636971141279
54.093741272367616
54.02958649765461
53.98089140643051
53.88960942999349
53.81133452837572
53.77951726465201
54.09240704605119
53.83346984911416
53.679767204210215
53.76255363341763
53.809682386675156
53.64855634755767
53.827904802713554
53.77551867786594
53.80681287417903
53.662558232529626
53.69740585641722
53.64969406317397
53.65944123131373
53.56905444374019
53.53855729690252
53.52294967897658
53.51585773388163
53.53435613380833
53.37088256797531
53.418112951107425
53.40444439782694
53.41942563381193
53.20462734668834
53.33056287795409
53.37776899297501
53.24002262647261
53.30230506704606
53.042865414936166
53.326742648091304
53.198964663196
53.17787972298988
53.08190332237903
52.86862604498156
53.09552435127341
52.99579226630126
53.15559773092653
52.954425308396786
53.1146490120066
52.974114626998066
52.9815988770121
53.059689497692574
52.95945625869168
52.9946966346398
53.00000648512208
52.805220953559946
52.84238719765642
52.82240559006882
52.91490171353782
52.74469407709128
52.77154477222058
52.739926041197
52.97110585770876
52.81512182824954
52.601128490312796
52.66493540071539
52.6160078182783
52.64124493074828
52.56693837572075
52.51267650546665
52.56216564993853
52.559890572545164
52.71819679214747
52.57300681214253
52.51534043121685
52.56305086692407
52.32696617520741
52.608006280584895
52.514186461556186
52.42488334886337
52.50081270263522
52.341095815486675
52.4002743735353
52.391733913666
52.532240976489895
52.151578193143166
52.40710031952741
52.50389655759816
52.18685069432346
52.378474865126314
52.53247885806709
52.197203276573426
52.169444726440425
52.223167709337964
52.26842963132685
52.113337207033425
52.26892101374784
52.184708842601225
52.182928763550954
51.9421856345823
52.16160095407245
52.07084956671656
52.105231524486804
52.031105652289575
52.01569555569049
52.02732213592759
52.12202138956894
52.020563120804724
52.090347363578566
51.92111464156594
51.82542433945545
51.91749708428842
51.7990398483341
51.89870895397505
51.7974046755342
51.86170587151076
51.83788566284043
51.766474571442785
51.77235604380197
51.83135772513771
51.686818649577695
51.745644676633326
51.780265370598784
51.72797565649871
51.786492184095856
51.665359979065364
51.770769927014356
51.704313322189655
51.51527316285842
51.72438730853333
51.68921901214133
51.658231250620126
51.598901640767814
51.66020490992495
51.802164237800525
51.838170825579084
51.62855713528805
51.73060331143696
51.474307098793666
51.43156723046968
51.63553407318678
51.516334981932715
51.49070262023674
51.40748227858476
51.452843610109745
51.600469072912496
51.46430181142904
51.6355146842974
51.44506347466906
51.41528521053482
51.50147489527112
51.396640705338534
51.3243304193492
51.407793742234304
51.29052864249207
51.350281650542136
51.411755208791334
51.24538177440116
51.28469312664193
51.318810646244536
51.21248842350181
51.23182877003695
51.26681499349803
51.1820933959969
51.180833510007545
51.1584510732211
51.25800191022768
51.086952883163754
51.18963764405945
51.191880253202136
51.166028756147035
51.22588909112134
51.12468300917542
50.9791552816149
51.263478891948914
51.08058824306986
51.102060658589274
50.994929836227364
51.20030699920085
51.02279208798569
50.99200176677564
50.881225262575235
50.88742982214768
50.949520346222364
50.925733934721386
50.96575235158062
50.9040546447024
50.885822600361344
51.04095166694457
50.913896814954335
50.73285998590109
50.931747555599124
50.816064516384266
51.05887103403172
50.889975921239454
50.75825803259277
50.91223809632843
50.775032499019325
50.78250382050134
50.69958829290027
50.97176405076218
50.75238086646849
50.891406304887575
50.70145291076009
50.688336186183484
50.77423415913802
50.660338750890624
50.928766171560035
50.52919972081386
50.67078954990766
50.6711642516625
50.715365956133134
50.68409715630164
50.647328602313756
50.75860311317451
50.6452254314049
50.711867888909445
50.70467193561789
50.568870760335074
50.71347881387504
50.84325571374985
50.59616567081167
50.58572093493431
50.63229410829007
50.62631686306702
50.57298442701245
50.56877604607316
50.53407477787865
50.70270867280516
50.61014625436098
50.53059033915202
50.71985767737388
50.47211959939764
50.50462155614115
50.45205640705228
50.296630170104464
50.54545810274863
50.51420249617661
50.346445851489314
50.53408231281684
50.518923164006566
50.45676466020236
50.62257125001448
50.38990592395976
50.180080829998865
50.300230439004444
50.56413428497157
50.43358294561738
50.294582665915875
50.351563070132265
50.4192175934142
50.37223836703538
50.31281025056462
50.35608270515119
50.24339253066199
50.28695497395133
50.32090139052723
50.370435541506986
50.39210609254908
50.47059760277938
50.26145756269773
50.42839124094528
50.20029896956658
50.30639367905163
50.28639267929745
50.19804122543042
50.25329224359697
50.25293549807586
50.28694870251703
50.302986263216525
50.23028882477988
50.291600713983776
50.21151934780094
50.04853057497243
49.94762775593765
49.99679637611249
50.14859483920353
50.20870785459357
50.12430607170641
50.27982525035543
49.94539212215475
50.29813283362191
50.19348114071958
50.068232213171264
50.218782202531294
50.21377217335654
50.09350292708706
50.032482222287264
50.044955388133964
50.09925689349728
50.04548553064876
49.900244233804735
50.08662050513218
