463.9909412157524
254.9952572350177
198.41467640344285
168.14545802512487
148.35351534868803
133.59193818140815
123.18731221508028
114.7834819656148
108.09188201486154
102.49538782743576
97.87410379033408
94.0175552740857
90.71894141838204
87.82338516122836
85.09050753716612
82.65473189251753
80.75884904641065
78.9508001534188
76.99480650119928
75.46327585942434
73.76415778544983
72.63699497152248
71.05285098569267
69.97805942253315
68.67515194897159
67.92954937348702
66.91236629674722
66.02078492330445
65.08442406420976
64.35756370782663
63.5735174800109
62.76624389890794
62.125466999939675
61.48547132873764
60.81509243010015
60.082844231925264
59.7257056730891
59.25368011471357
58.478885704754525
58.019225363245006
57.629345284073715
57.13585469556392
56.84748628597874
56.28485172829465
55.93783362039462
55.451980549347915
55.19973828182294
54.832061018749734
54.364485360572274
54.1505444167507
53.66497190472922
53.318307368725165
53.0534383789971
52.85546152832452
52.42785715045003
52.257002878103584
52.08530497704089
51.5328963580761
51.221979416277485
51.09540885452042
50.863501244079146
50.743509194460586
50.44495218242605
50.26164577899283
49.98865452885169
49.843084109856555
49.66048413428549
49.25302981147727
49.13369345040538
49.02379680623027
48.90467200235128
48.526700006939926
48.467827181859285
48.14371061653711
47.91085665792928
47.96684055182218
47.72546974961017
47.4707413293059
47.45760700229088
47.29355898910064
47.12996493582708
46.96210896418796
46.69656388206251
46.64256350426016
46.65070814125048
46.4444083819281
46.22820380893652
46.158499912986166
45.94461849950968
45.76142930983576
45.84919560014705
45.80750378264563
45.58255319576776
45.34192456201959
45.28606386859719
45.255937428419166
45.19206463259948
45.00769062233678
44.802029830060064
44.68513003037109
44.73995450687326
44.5118370204739
44.44850911220956
44.21746922921557
44.13642675247448
44.12004657018684
44.112233975920525
43.91784988254356
43.79367322142636
43.82517168576103
43.60520719952414
43.60725080267935
43.49765729932648
43.35424243202116
43.2660447004344
43.28666680240655
43.144921015252784
43.170510806256836
42.94139286918392
42.749440810926956
42.8441445695469
42.80242041067148
42.6309807831256
42.58076769175233
42.61966166433967
42.50821449154802
42.567295623392994
42.40193709174714
42.277637930359
42.196346790802316
42.04750754857452
41.97903135507371
42.00400034746969
41.95931716087129
41.9003751762795
41.76177277003985
41.83552680571052
41.77378058261828
41.64344520570682
41.57911133122684
41.42644129645901
41.385730791829054
41.318074883931274
41.354966124008264
41.276350002118605
41.070042143477046
41.104154395822796
41.02823909900599
41.09899500673111
41.15614824652004
40.91801654484464
40.91726540061156
40.731038929917894
40.75374831485299
40.66080922426389
40.73916140732325
40.59995816983099
40.471240225742235
40.4721325012282
40.36960589199922
40.40735698997343
40.467752287912134
40.317596044739325
40.435690298604975
40.26355376619332
40.204386408078555
40.16752214767687
40.15352468370951
40.17888095177917
40.053092134539604
39.88704098189814
39.92193562347202
39.83450564151807
39.729795058255526
39.95371806160053
39.79596767585503
39.76209471873123
39.60222254838255
39.66058566762601
39.70473692863025
39.58602233988179
39.50159530705822
39.48868708595413
39.565283258237834
39.35357662634344
39.51895583377898
39.31034433378139
39.27197790389346
39.363782292999794
39.325460400398946
39.21327923632518
39.250089400314714
39.19383635355813
39.16531550425737
39.05577314481522
39.13324152255522
38.90165701376126
38.96295155217868
39.01727977779753
38.845241733196936
39.05761891405476
38.93523573045397
38.86990318363253
38.60278480001879
38.68383516884901
38.78371093571409
38.67420361525249
38.67243136735254
38.70334518175438
38.65565258560776
38.52942617489618
38.56487463879747
38.48499897839509
38.527583674676
38.47528976439893
38.461183385776884
38.33558290377451
38.28229136363341
38.548872301685144
38.275659789035764
38.24061960223176
38.26435807916079
38.346389944807264
38.1939509769039
38.25341035559746
38.17505396901846
38.303994335445076
38.19868023651607
38.17734395665863
38.104013944611346
38.04890998443486
38.072834456683246
38.08924875624613
38.04493120491721
38.01081643552711
38.05065010040722
37.90971752300489
37.86614180791675
37.852179539063904
37.87797736627528
37.750762040580355
37.85974894648007
37.86513612177409
37.742963645550006
37.7681153656033
37.64221686256942
37.79737047386085
37.624916074872495
37.71385431479893
37.547482413451526
37.41687416043076
37.622272999451674
37.44113447456412
37.57928252581853
37.430529015915006
37.51875984839112
37.457716153541895
37.461103536722305
37.54920373040343
37.50355411998971
37.381892138470455
37.4573455999626
37.3264999492359
37.30074923577004
37.41032850846696
37.367677952481614
37.237655570645195
37.24681840201495
37.190661947428815
37.36778752927531
37.244862264332774
37.132090741454135
37.135952670075085
37.15273355518522
37.10282057738444
37.018634893015495
37.009437122806105
37.02217658245626
37.03282970176452
37.09645651433416
37.04810256057025
36.97222062645449
36.96489185306589
36.86114507372492
37.0726545028654
36.8735466584585
36.91410966217848
36.933351127294515
36.79593441148279
36.894887874775925
36.83005656406329
36.90323074308088
36.719160662343796
36.81064545886664
36.900278552149224
36.63249954156144
36.786488978386274
36.90652908928622
36.654894930944664
36.63922764913466
36.627060652155244
36.739033962074984
36.56580673976285
36.646624320849064
36.66176833408161
36.65467371140587
36.470370130377695
36.64454081236415
36.53781763141851
36.49062274361199
36.469294142198784
36.522868298494096
36.542573539721275
36.60400564643435
36.450388879719895
36.56411783020095
36.413011881354755
36.330961793770165
36.416177624454264
36.26040113320145
36.373481733145304
36.266642460740975
36.30547401831151
36.30642016140638
36.269808612286575
36.362434655393365
36.33982636867822
36.24094552559823
36.233171283469034
36.27003538576336
36.17593232115426
36.23943183500635
36.155363227093034
36.181213735145036
36.154051917478036
36.02366133964653
36.20948771806874
36.22778258500562
36.212288543927606
36.09248615442641
36.15635763536402
36.22603362921779
36.196143124657006
36.051810341106055
36.166670153191355
36.01008565752048
35.998891698270235
36.014193548268246
35.96795658788911
35.990871942078975
35.89246592866588
35.95403585889806
35.981294995553355
35.86818101866502
36.00720123372028
35.901056800612665
35.93784150763878
35.92745759090055
35.882217180801
35.795010460395495
35.898183449814
35.81143276755811
35.85074735054223
35.907998888706665
35.79047630519284
35.82809925167759
35.751488402410466
35.7364640599499
35.68762703144383
35.72828689367716
35.69074801050444
35.73810085518991
35.63219889687158
35.6774329054717
35.727126433609115
35.644566250526914
35.659978496888876
35.63437379868217
35.72185055213603
35.57816008121737
35.507938486636654
35.70655898295263
35.59604939635804
35.59578420706296
35.495402771302714
35.60425860391144
35.52372099683388
35.5422680701094
35.49228314651904
35.39927729667593
35.460049898951695
35.47005970029456
35.512340785498544
35.471018852257146
35.47228765437463
35.51202997339425
35.35499306608972
35.28730337771788
35.43639535036546
35.400809503619
35.490382800153064
35.40461513778132
35.31392735984741
35.43098273275867
35.35181227350363
35.3026144398988
35.28437787324141
35.416477655765895
35.29132088911493
35.33090872795608
35.24839433342884
35.23566249776666
35.34121624833573
35.23728201114702
35.36362227281464
35.15455105469537
35.17147616105058
35.14027107283028
35.16882927165515
35.15683693677398
35.134367926385956
35.251087100851265
35.14804396484452
35.17616587094966
35.13134839186157
35.09405763741603
35.19428581114444
35.28220427142003
35.11827354221993
35.08478232272143
35.147172727449
35.06096339255757
35.1210739851335
35.080218380646926
34.99957600420622
35.13826792006011
35.07882389600183
35.066676267165356
35.18445575567892
34.94944078850721
34.9950359688935
34.99575830063346
34.86485405110938
34.964892563686256
34.981879625486876
34.83188154825925
34.98315273205972
34.95257176358401
34.94480760665292
35.04807972583136
34.793933565609244
34.77927938360387
34.82857074269247
34.98985085771013
34.92623005296815
34.838744147142116
34.80569041693648
34.93390121893406
34.91724664363839
34.85664741280116
34.814346176428195
34.74486491923435
34.81515476578691
34.82532387983799
34.84819502627887
34.854778801020935
34.90054156909634
34.83363637854115
34.90248250790496
34.76046418204445
34.77552035030917
34.87086061881596
34.73624850772698
34.732575322880145
34.74498999392011
34.74708407930998
34.82886279770381
34.73808145462005
34.77377638659861
34.710976159886
34.554162310534764
34.48788644426747
34.63512634332826
34.65906685139311
34.66797796043048
34.58843341666739
34.74073493865742
34.54547865198784
34.73164004427281
34.64478544643398
34.5662334722656
34.71389389374667
34.704178266003744
34.561474768794476
34.56814869159752
34.55500716023044
34.58213448382765
34.557906753280335
34.49268397924868
34.550685004139915
