411.7903622352134
248.34125302106042
199.96034017776412
172.70635384371667
154.67530076033074
140.77964907722028
130.88660950258702
122.6737277060248
116.25346993185589
110.90646478328993
106.37503838860634
102.67238429986465
99.44624941340476
96.60904577517528
93.79440569119078
91.59132019976846
89.58254865767246
87.81871325758692
85.99331318055471
84.4452424278336
82.80572165254893
81.60488580724855
79.9858908175571
79.00751189331142
77.64479092025505
76.87549732295464
75.86141128874682
74.98369722265517
73.96520254449509
73.38908796146545
72.71365311315755
71.76391398370055
71.14006282335271
70.52603987503464
69.82378004576444
69.13952156484116
68.64703446740869
68.22344216810893
67.33956622095288
66.95950874414316
66.49507752812328
65.9603568450748
65.79921042301622
65.18701251485803
64.76195536080832
64.28134176830868
63.941893771740524
63.64336902858111
62.97211478142648
62.840698713625734
62.28210645113747
61.88011182325695
61.60614296911951
61.42962906622537
60.99933517760949
60.76639612871043
60.5388762261719
60.03153375106314
59.607490183787235
59.547499251147855
59.29584033855944
59.154040193483716
58.684587465918234
58.56548274090586
58.17037026447158
58.10420047688245
57.985534891477585
57.44849049534823
57.24333106548574
57.1060829434712
56.99449756877192
56.55799943652087
56.477203415055726
56.12064265903529
55.85821727360284
55.93850790870409
55.703288619206425
55.37563090689909
55.37086512020206
55.20210485598653
54.96319527991047
54.695456726648246
54.429480579206945
54.36692553426642
54.31552132967386
54.161836922061404
53.84360739586105
53.72705707054132
53.55702436749301
53.31248469662944
53.36011368126083
53.39281864804318
53.09966298362125
52.82192506295255
52.77697028096745
52.81043166228531
52.61256152503461
52.44090174373977
52.28319707409779
52.1068988514568
52.192846940605364
51.932334632444224
51.80411540668348
51.59448500610921
51.49455906643561
51.3897976627209
51.44503649233627
51.217136921058284
51.02242922717664
51.09948080357981
50.91749691408535
50.95125345769961
50.7056636771404
50.616831786799686
50.46215239193316
50.607338095082405
50.358497123796106
50.39031293012084
50.17451048631355
49.95899404890988
49.98162648518478
49.918349892127644
49.89628105903001
49.7180371011281
49.71015447633224
49.553726993075806
49.67066324069401
49.54244964424444
49.4483787040404
49.27629159681112
49.115419990586396
49.12656440006342
49.07949740816829
49.047077458300855
49.02897609280793
48.842923619811366
48.92428260842028
48.85261042942424
48.61710162648981
48.56014329930304
48.40706328168174
48.4767890638341
48.32273261865725
48.3970232795668
48.351606619052944
48.154243091064785
48.151291155442856
48.08199399642924
48.16952287931915
48.14655178510253
47.84737804737429
47.90945635581844
47.72698084043642
47.81008890303952
47.63536915191929
47.74692317429353
47.59604969538447
47.454031281469746
47.47174373904334
47.43640838665354
47.39691754916817
47.4254237320678
47.269203416631825
47.36258826436735
47.283301731193916
47.21870538486319
47.108750535575744
47.14254588631957
47.112883915321525
47.001869950461746
46.89664234354671
46.90348974891422
46.80117826742651
46.73478983227306
46.93602212391894
46.75763184400907
46.76182497622589
46.599029292997216
46.528588690197296
46.63195299553315
46.61962154326407
46.505615938921814
46.434191024004626
46.515170964442234
46.28592345400654
46.580545806628834
46.263769115409445
46.27767840343881
46.36593748663444
46.21740517149467
46.166038614049484
46.20555337382683
46.14743524117606
46.14354650606149
45.99513864571272
46.10350303554018
45.80129865670481
45.931365844214646
46.02236181221167
45.8055890349116
46.01286761386111
45.904364797545234
45.77775055098984
45.58169818359331
45.54638209492136
45.748602528556695
45.51487093171911
45.63817583440786
45.69808354397435
45.57976289570382
45.43773381611843
45.47381937573187
45.50823179719017
45.45056885136278
45.423603281977506
45.39320080591994
45.2826371983217
45.209725966093146
45.52002658777593
45.31019529991443
45.176869036848565
45.26567911009865
45.248831150751165
45.15004544197973
45.16334712932593
45.115190056229615
45.1698105177669
45.16383115142821
45.087666175721864
45.063564293786435
44.94630042684753
44.94154765884475
44.98339239710435
44.98782467838114
44.93513891883535
44.98283875676529
44.83040115259703
44.89824955454208
44.800391592869296
44.85801179312366
44.659580282430056
44.757951382084684
44.800261522535976
44.77983585275177
44.70817257011648
44.59350500283937
44.737382463887144
44.61968998880523
44.55737405378915
44.48108960105659
44.342931148114666
44.55417203360033
44.343805071397696
44.53887252784569
44.343774716115774
44.44230929964303
44.36147889876406
44.34607915323003
44.43569509714819
44.396543305226665
44.297059276576896
44.386935955739006
44.155684744094366
44.206645218005804
44.31691497600889
44.28570245734259
44.139113636362765
44.13327725057139
44.080819822561274
44.381378615159605
44.19703840946065
44.03729205590755
44.08675612966807
44.02654639909132
43.99729671275502
43.949997809693
43.91322358126124
43.95183981302281
43.99382730770866
43.97449965277615
43.90014131275266
43.94381040992581
43.85640779944186
43.77583813227286
44.00033761887846
43.875042315962595
43.84303364224888
43.82184560933083
43.644185042331905
43.81387101573025
43.75687017569707
43.81305556331835
43.5744931877667
43.732957220641026
43.83132717659873
43.526662262957096
43.77269229454917
43.869285619373095
43.54698823300202
43.602831570439264
43.53578926667282
43.63989890205087
43.51137634353895
43.64709518055181
43.61487950052487
43.571890005306365
43.349023301359075
43.57946868764981
43.468557748916
43.3890254135396
43.40607434582336
43.386165328553695
43.456428498415136
43.486973525020375
43.35417813945585
43.515825449432675
43.28055320362436
43.28948750153025
43.25866758812333
43.154036595426085
43.347685595885075
43.19713408564932
43.216610208929694
43.20820171560692
43.23433040715977
43.276696577713246
43.26084724896822
43.10798604445947
43.09737371296186
43.135392896473
43.0744274611662
43.13520975575528
43.06510466743675
43.137196078300605
43.11474925490643
42.91228000466513
43.11747437719446
43.03044204896617
43.12411794498934
42.95869112344793
43.016582999274085
43.126705571594634
43.18549880573201
42.970743725113685
43.068267262827646
42.87164835812819
42.86242756606526
42.93887468292824
42.81815297583042
42.893926035965215
42.743914192411104
42.82466343263203
42.92880299458803
42.84328577660974
42.94706018323705
42.72825819035726
42.86681496813304
42.76816901382998
42.77868490284066
42.68629118148238
42.77855837671918
42.721510943332646
42.75402688669546
42.85328189165245
42.662037327334694
42.663053798040806
42.678080471679
42.700157609782345
42.56489345691879
42.631654865183485
42.6456953026573
42.61098218486387
42.554666298199066
42.59186241592277
42.5681618439196
42.621707416004305
42.60168954297051
42.564602984546454
42.569337413991
42.48857239794756
42.407964454583734
42.64771028470026
42.42046671144553
42.551376096726216
42.41728363324662
42.52201462940286
42.49309658463071
42.47263433117902
42.34203320425587
42.39219715872869
42.417070756442904
42.35658210929579
42.41335937321778
42.340000118907035
42.35559423635038
42.424956297222394
42.293458309870374
42.24053193011781
42.308928476470676
42.21735023884485
42.3891856005661
42.31056245611421
42.24089383553016
42.32689355102331
42.28251087494606
42.21012416890271
42.18313308266365
42.38410174044503
42.12848592722205
42.19749732064975
42.156882581428015
42.18868019714444
42.15671809432778
42.034170745156935
42.302289644520066
41.951427670970446
42.10200413494553
42.037733963330105
42.03885758398817
42.04677712163498
42.074594734960336
42.12660827218088
42.12277874940689
42.11047352765643
42.11579418264773
41.995823429560666
42.069219003239084
42.18149446671649
42.10759745631585
41.99463454472595
41.974559661200324
41.995217724477286
41.966373547596405
41.99817903950572
41.88676101013625
42.07014845530174
41.93892144737422
41.8944950789369
42.07975593357353
41.781193610251165
41.887262641359804
41.912320236926234
41.75126470501931
41.875513165685966
41.90152551165798
41.76921354020115
41.78221289802668
41.86129406130087
41.817287660475095
41.91007958064403
41.762424992735475
41.665417178815964
41.764333671956955
41.904455907168995
41.80047873525188
41.67977831486846
41.687523109983324
41.8018085199512
41.836243964383094
41.74325076658595
41.75209769698517
41.71996711319656
41.659314714828355
41.645046799321925
41.77487865608119
41.72533201741381
41.83158942971627
41.71155054976691
41.82569860323462
41.6812785494003
41.68116012771648
41.72525722878827
41.637528417107895
41.66740335650712
41.649590442328474
41.658229859676744
41.705210846155616
41.660435333973986
41.65718805098398
41.61062923394462
41.4563396500226
41.37193465026385
41.44102370765023
41.59009245183322
41.5577929394653
41.46296695513889
41.67690097128579
41.42481942426786
41.68870219076798
41.5796323727439
41.447384759075824
41.60002922249365
41.63779618896135
41.46123253261081
41.381568804784685
41.47276378579723
41.50140000315209
41.477331671889324
41.35190894873127
41.47475693750196
