455.54121079560974
249.26137365690866
194.25535855772236
165.42094055958856
146.80199418986334
133.6333602004319
124.04604715449587
116.25053429097319
110.43361729415103
105.53602769013804
101.45711036030063
98.33507582588005
95.44895110762144
92.51433523101052
90.34527231004262
88.18588967306646
86.5528852542243
84.89892294900922
83.1748644347757
81.74490149225095
80.42568610124721
79.36718930200549
78.14150085321997
77.05191378515853
75.88549861317834
75.03040465023088
74.38714434451241
73.5588051166062
72.70302833387929
71.95999087381388
71.31982944184418
70.38499877009353
69.8665413199272
69.49276807781285
68.98968086349234
68.3227834714228
67.79241613914122
67.32991369993276
66.85871188598334
66.36439534933014
65.87264219933077
65.53771753657783
65.15618595410835
64.93749567574122
64.23314524120325
63.8300603188716
63.52721231842187
63.25759991426099
62.9429073049702
62.64729333962074
62.31543186980313
61.87275119135452
61.576648341949785
61.37765594959512
61.21892747290764
60.87010504646792
60.5612522277169
60.33628270188715
60.18828208156481
59.947282274177034
59.76353943308118
59.49611356060851
59.232644396500994
59.082384352452074
58.68549262926076
58.58433306486604
58.524474784439924
58.25684587617649
58.10140615951911
57.87402128972559
57.577135172855286
57.471925924844776
57.383140858836576
57.13813969018944
57.009280324433895
56.71485052410561
56.68833630683606
56.37501543197104
56.23552256445541
56.25355754917848
56.21395154326259
55.984859934141944
55.74155346038958
55.593091117085486
55.632563858936656
55.39645139351455
55.347207394572415
55.231025097877016
55.11472438995116
54.93649119310564
54.91139280592777
54.81851606274779
54.55994879721188
54.424207219386005
54.37979145102971
54.345385068215954
54.32943841165636
54.04746418413012
54.14707204768205
53.94080142867648
53.7642677770086
53.946935712731886
53.68612836116688
53.762099972028075
53.46413113744359
53.584844605173934
53.429813434228
53.37954462617649
53.19450691287643
53.10111092723374
53.0926389544905
52.93268913199779
52.93813365679231
52.907794854766195
52.82532625787341
52.735008025954265
52.41159009653611
52.36982578206755
52.56468716147841
52.31777382608319
52.27187697213903
52.31996175487691
52.234594336024834
52.24449858968484
52.01912621716622
52.085793301464946
51.88527933556054
51.83117504628606
51.76461793557911
51.6912426790877
51.829753375989526
51.676568760012856
51.80271070683398
51.444663343138956
51.61541383285451
51.31118381801616
51.54291103102847
51.405752685384925
51.359323341182694
51.1649714480346
51.42742297972536
50.97382036664942
51.021078372172816
50.99000148163702
50.883493993805
50.94355609559449
50.94359980344251
50.877594833117634
50.751430499810446
50.720840200592704
50.71192002803533
50.760647691812345
50.49763380601269
50.55091238940677
50.41009852868601
50.46802887373472
50.39321017744791
50.292767080438125
50.24156086683473
50.25295919178955
50.271649069581
50.14426528463721
50.2713700843535
50.24226728205476
50.18377190949269
50.10606937012386
49.94031278496063
49.83322972410682
49.87773812903739
49.993881654404184
49.80434047860981
49.65064042125973
49.78353490497191
49.6491401927501
49.82098516665935
49.62944309729556
49.50106786411873
49.618739835173415
49.67213576265605
49.54905956424017
49.46725238594491
49.54369597254104
49.41543667641984
49.44263929969645
49.50333123195208
49.6176163601509
49.4415582037518
49.329288351276695
49.11625381974749
49.283739105170525
49.20820430368227
49.14549657575363
49.09862560619604
49.20210835456623
49.23414208792939
48.98376579739317
48.95036373348328
49.06655112210791
49.090572193798316
49.00211873676107
48.77228134755483
48.8854588143876
48.7897400228348
48.873728874288624
48.72363388742838
48.70511095900202
48.756192002135236
48.54465995984247
48.831110027606826
48.793079827789306
48.56669910883509
48.689526208612875
48.588057853659016
48.470713393525955
48.556676477086135
48.65362520900636
48.393017500368956
48.31853972863613
48.488126882695504
48.463077988516794
48.40382716460336
48.47621373865348
48.4357888770264
48.174587067539754
48.38205240524468
48.26259458018788
48.29797518886638
48.40834925620184
48.172454179802344
48.31387491428364
48.11749135680353
48.24704284523185
48.257148226329036
48.181965463477276
48.03602558589362
48.201335013700344
48.12352763510987
48.05183713894316
48.100262658762
48.02119724310622
47.9921991992617
47.92293868319731
48.003866370009064
47.983663444000875
47.823078489622674
47.87491553626401
48.038929315731856
47.87489451898315
47.738285938451924
47.64083326785491
47.68379193525461
47.75359456530125
47.59521270553179
47.66195390737528
47.68930568081257
47.523876797179874
47.57286932198218
47.39015050913483
47.52704907795649
47.616412229953234
47.47668239518517
47.59257873777205
47.45335718524768
47.51401120792101
47.46681587916178
47.54967036887394
47.49801988003504
47.50385221641
47.34779856645742
47.304124795351676
47.31408878209053
47.3617358738876
47.21295739803801
47.31263809206603
47.32459058947527
47.21052051344529
47.37379137669504
47.37922365825079
47.42303090057849
47.253502016196315
47.20509393413659
47.21206476900219
47.31477298756341
47.13298007962094
47.21868696996851
47.243923366564836
47.294399076362005
47.16404420601646
47.02805810092976
47.07133688190311
47.0707312585595
46.97910144449878
47.02167137219803
47.054955402742934
46.95039713674806
46.953669695805026
46.95589416500936
46.889625855221055
46.81543783854931
47.13590795885415
46.94935570228796
46.97127706510603
47.01229848999059
46.789700496155284
46.83742612008359
46.82536449900832
46.98465093935073
46.933538613907785
46.88422570084317
46.5671256008029
46.61193658552504
46.83965891837093
46.69511256930004
46.607780393895716
46.640586875974655
46.56229155743683
46.75697704389023
46.71027614503021
46.748113330749874
46.82421547223411
46.55472003495303
46.61190975223476
46.56824541670536
46.63914305162242
46.47103408731869
46.47831702417213
46.42614438816424
46.68039358885443
46.34426875103569
46.534783701892785
46.63823856285089
46.53882436232542
46.52291637462114
46.46153367886677
46.371847376469816
46.567032940117876
46.41580287971548
46.45349938487325
46.46990761171657
46.297977688214836
46.31212493698231
46.43632961832719
46.46861686206038
46.38194332968194
46.303393734377245
46.30040843517333
46.469357606489574
46.34243632359729
46.31214100487526
46.263960658393025
46.3097604178411
46.212191088148096
46.27450470247325
46.186630488905614
46.135454042536644
46.26491923305117
46.172974838980174
46.11808979130992
46.16711579738651
46.08272830622523
46.18121215428251
46.11409488495496
46.27457880859554
46.23465882716679
46.104149878658795
46.0896549157303
46.071734308684
46.10311296856221
45.96299132369148
46.095085950868366
46.024256120477325
45.86530425245791
46.02295352456122
46.090216120032615
45.951114264007835
46.06261699752208
46.001322166962474
46.061370065110644
45.88549868489724
46.09396969711033
45.92397185684552
46.02649190328416
45.85491257616625
45.87468202227662
45.87965450852047
45.92656278325277
45.909442463910075
45.999180580663456
45.79651521303466
45.83752052417001
45.73769776573025
45.78210839233759
45.86531541809003
45.8055903247399
46.02955441288159
45.958126712901084
45.8554787943516
45.80582131965562
45.81208213061586
45.84446645361476
45.75073492263254
45.96057918021908
45.97877787179971
45.695338151693385
45.72695124747881
45.81285092192443
45.77681790610177
45.86137938513281
45.80348877384449
45.6500584756161
45.73818634400797
45.71063203851929
45.704181168678275
45.69591659741485
45.71784987433355
45.444896615237916
45.65624374856797
45.620334286794126
45.63493025542829
45.619880754130286
45.610833510786016
45.52956473465392
45.60304500887068
45.435642119834434
45.538689925975575
45.613235759522986
45.60568171548795
45.57872213589235
45.45721533818232
45.52018902471019
45.49372307189058
45.63391824462332
45.36779213359737
45.534748008553926
45.39920957725801
45.43688431055144
45.43473509057276
45.47279053433149
45.47118844273851
45.449573574323665
45.55955824223954
45.36221926535197
45.35232733904338
45.47791788491287
45.39020497241705
45.54866306479456
45.30676307442061
45.32547947126662
45.430427708688114
45.35046105991714
45.324680880515494
45.35215216591064
45.38556427066743
45.383267201800116
45.47005198294426
45.418706377044906
45.44098669378849
45.3164039076293
45.41695237690652
45.27086195779631
45.40573089371454
45.23800684060592
45.448481472134574
45.27090940578728
45.24941888471602
45.220908165383015
45.25739267290819
45.278311460097086
45.14835874709663
45.18457402880745
45.17508667721713
45.33587776528836
45.200001868997425
45.25501063221645
45.265305842759865
45.16281222569062
45.221029212454404
45.10176742424059
45.0910766875295
45.252120929407965
45.210172218697494
45.163486152101775
45.1907520700209
45.14500761960019
45.15363467609263
45.13183006985266
45.23594565343196
45.1486205557583
45.11285865602329
45.18375579974184
45.01988994844589
45.184270087234715
45.15083719528142
45.126747213516104
45.121109755225326
45.088578430764095
45.01607170876013
45.02094971654814
45.002679936995854
45.024847590428976
