535.1330014162695
256.0694828692593
199.35558220769303
170.10252558395922
151.24755806115246
137.12563158689755
127.36885277929183
119.59407806638792
113.4939611854525
108.38372626779629
104.41109318910105
101.10165319469922
98.15551521055708
95.74783399559891
93.31887671384595
91.39563664303141
89.7873354299495
88.33526375169701
86.79691079612655
85.45725664280718
84.1730550199404
83.3546364376134
81.93842873194781
81.0793889684216
80.15033928212883
79.5606215280683
78.81755418430538
78.12677366828473
77.23186967873708
76.7769241590333
76.21601813633855
75.45799507728067
74.92866348261099
74.61419773223837
74.02122573511475
73.51145272979448
73.2103853985668
72.93036676654575
72.13312179481183
71.87662470866819
71.46859941825629
71.0198507278739
70.92788395441143
70.47661323958398
70.15928485435676
69.73368119199567
69.6447191156992
69.36622991042391
68.86122318484473
68.65289706745246
68.30708450827358
67.87417881909478
67.74697975227228
67.61097988820087
67.33255216246702
67.17186136986196
66.90892052817806
66.39120010601033
66.21630757700483
66.20704789143919
65.99550395437909
65.89312715596527
65.46646326026683
65.49328678987285
65.12584729652444
65.02335328993695
64.92041013439336
64.4625746369693
64.4025180982926
64.36423628098466
64.17564231709437
63.84294623357916
63.75127938332694
63.51099696669471
63.38374976519941
63.43560012096344
63.25024622015448
62.94159071841859
62.88017455279249
62.8657234538779
62.60477189704766
62.42943816242278
62.16264128414725
62.1352127287441
62.16904136727359
62.025140237057876
61.71544973612225
61.75789440588472
61.61315205718549
61.30685328897281
61.3947692604145
61.36850850226342
61.18321430782913
61.022148268340686
60.912106130421996
60.93617436341285
60.773673674870224
60.728865807269294
60.52555962322859
60.39397564002868
60.39871943794058
60.12330427988079
60.152309710889995
59.86225556046921
59.84996401124707
59.751891973763385
59.785180932192894
59.568901065156815
59.421465613247534
59.53232785787113
59.367755150665126
59.43969024157487
59.178412541451756
59.12249120522583
58.99306529616478
59.025633762312935
58.90518804019168
58.98486812777535
58.773262937883715
58.47631411992063
58.62340458927947
58.56146484420557
58.498170521735204
58.39535649929986
58.360214587712925
58.24109895710418
58.32908165177039
58.196101155967966
58.07366173685322
58.04132794462682
57.82860141030272
57.75869926192581
57.81574401495687
57.84519899427355
57.80406986678722
57.62655733047195
57.67313466203686
57.64372448078388
57.48068802631595
57.35620004301345
57.20227307049359
57.2376766984134
57.124695370510494
57.205369063644035
57.16637798372032
56.8884113318885
56.86934619552587
56.92799691867927
56.97153142319493
57.058020213479644
56.81321576639535
56.756256382211724
56.54420599888581
56.672056477383684
56.44270725868782
56.632924060502525
56.45634773141207
56.27510894487143
56.277782464269514
56.227167034910856
56.25942124489604
56.295209072549234
56.1085040901491
56.28241151163868
56.144889435068045
56.07464403581779
55.98575266447267
56.06353174403398
56.04626463491031
55.9438612575883
55.71427662249306
55.733533868726816
55.62269839158656
55.58405784479078
55.74861374035388
55.6565575994834
55.570468133694696
55.44486149682975
55.38871126653373
55.598034151844324
55.4730362041193
55.33437306172732
55.338442495797686
55.51605910500614
55.169026542960275
55.40150240672898
55.15390868971232
55.18933924693283
55.25839932557264
55.154976494521634
55.05775031367548
55.01297457496511
55.17587480905825
55.06525045757081
54.90826954163898
55.05278926079556
54.76060472845966
54.84714185698817
54.96379466145356
54.78154955673085
55.01978384827589
54.80733852822201
54.748658522435484
54.39264737369621
54.46289923116449
54.707308680343715
54.50744323895338
54.540810344382486
54.5995145560802
54.470965245809936
54.390478511012084
54.37974868735093
54.410706327544766
54.4634318179994
54.251461219146314
54.1600634379917
54.119955499785966
54.14895695001922
54.34883434974628
54.14198507407952
53.97529838986955
54.09764877253315
54.11403660559222
54.060937224388624
54.08085724990627
54.04422697604179
54.132045258859534
54.023522767656026
54.04085634325804
53.94419041101946
53.77601290507814
53.870092011570414
53.90054878112871
53.85203189241045
53.78609017001855
53.866228615995745
53.68614982183703
53.81795670408615
53.72980660665519
53.761249802764745
53.48496335811592
53.5715160380039
53.728029170436095
53.50516369501315
53.60940648059946
53.40828585082992
53.57146425766575
53.40178916105816
53.514337582767986
53.26954443594169
53.19079321760103
53.40282899881296
53.263932844999566
53.47816031886856
53.204179716321335
53.243939044521106
53.2276438836038
53.26069982859149
53.32478920147174
53.32119945190596
53.26924232643241
53.30089929126737
53.09351612701448
53.214289913662334
53.159896998349176
53.235917608404094
53.00868590564252
53.03394775438333
52.99705545567152
53.18130588751843
53.06788022630766
52.877577586195805
52.91414067692418
52.85840961584707
52.886862508755605
52.76050917698208
52.74307107424395
52.787425115273386
52.8279152363347
52.876448433078586
52.84778480573658
52.729822009033455
52.71615817779752
52.60318689672335
52.821609271391345
52.69070505783531
52.62883294166494
52.65115859293738
52.52272833643821
52.67258565068361
52.55267409370222
52.67368284856576
52.40595082104428
52.5660546594861
52.72945469158804
52.32141808811114
52.560529288199895
52.69832045484739
52.4192980676574
52.38133645382036
52.38879086382368
52.41943568446832
52.279913451277615
52.4416565905577
52.45826161571835
52.43041677955143
52.18581941571373
52.42881504822342
52.30316986088456
52.3218809294599
52.16755265329482
52.28834276900117
52.328751990753624
52.3394064006006
52.204205528815486
52.223690391055214
52.10637809458425
52.06786240336009
52.085693315259995
51.981340200962215
52.197491973039604
51.969222303012316
52.073037665730205
51.97521004813442
52.055692465374726
52.00656868336923
52.141166083198556
51.8637977617233
51.92603769427657
51.956539397402935
51.912456500372095
51.86713021608182
51.93751885029753
52.0356968634592
51.883843708382244
51.67688185270023
51.91872154279375
51.938317287642185
51.94964389261391
51.75397784142965
51.7912698606203
51.99093797184528
51.98101030089805
51.80603234695468
51.96780821335279
51.695353914738796
51.69489703281973
51.75309991778828
51.67054000565921
51.65255175733417
51.55019182766185
51.64598561193829
51.77836626832133
51.639583151018655
51.81381806096933
51.561884600685175
51.580253046544215
51.505572477681454
51.603674119489206
51.37305788357961
51.60543665207789
51.52113703264383
51.53570155094361
51.72544479875074
51.4683007683502
51.465348789409916
51.40386281800185
51.375500206942355
51.36447227727391
51.41658965612125
51.34714649006148
51.41545303642615
51.3553431255846
51.351363735952816
51.30631256078585
51.295152344278335
51.33563332206327
51.34968345793252
51.36318613469043
51.230536917583315
51.259155040726625
51.38017960597739
51.21465850998928
51.335684799101045
51.167654816513284
51.3122593655259
51.22278237052502
51.175107924946566
51.035748589950835
51.072068853182095
51.0700825364385
51.056031137262316
50.99401834705716
51.10346723873076
51.10830798528625
51.26019300357958
51.05465637409574
50.97000405708252
51.11075423981422
50.98486726100129
51.201473604409045
51.04704486557654
50.946210160579426
51.05730439614064
50.98018200523546
50.91273464729179
50.851925517100604
51.07234104798005
50.843355011384894
51.01013097600512
50.933654707153835
50.888733039228505
50.93330283901912
50.80421478231508
51.118703439894034
50.73254141999333
50.83222457232466
50.80975171759439
50.74942811107274
50.76797524769227
50.77327732892158
50.83662297238368
50.75074658753692
50.86243328677307
50.801597894486946
50.68481727761713
50.78839897885069
50.935779511657216
50.759802700816714
50.73644908616322
50.79111992933028
50.63889600719255
50.734842656650244
50.62130612554305
50.60067671596554
50.81907194678564
50.72880955950527
50.668026571518816
50.834666903052174
50.55040157658766
50.55727663935946
50.52703514079209
50.42070396533555
50.67787417845858
50.58108012701857
50.43210628380621
50.58573715507722
50.546474511401094
50.63810442774757
50.627307967312674
50.42853587103074
50.36658935786915
50.47021878664028
50.715863095908894
50.6557179761914
50.43111095753949
50.382472646852214
50.54985914305459
50.48804947650806
50.45441414260784
50.42957199269082
50.338105058432994
50.37916643724259
50.38999397988226
50.50170302632305
50.44641498675778
50.446622067518234
50.39123258893117
50.566276492847294
50.35985142490629
50.422655283134326
50.4831050594865
50.371038607858104
50.32338081345494
50.37484643158084
50.29571454063825
50.36756669139283
50.29908459780321
50.42399249732378
50.251118939701094
50.06058499438512
50.11008410730892
50.16339870869721
50.312221811822944
50.334515736161144
50.1646948802368
50.39791638571384
50.10265743997317
50.481116593840675
50.32166467963658
50.199686524613035
50.29732475816805
50.35027985180375
50.197308622550246
50.09820741514293
50.17936404175246
50.17816357417769
50.028307146023145
50.01122751863306
50.230713199278135
