Learning Rate	Momentum	Train Loss	Valid Loss	Train Acc.	Valid Acc.	Inner Prod. Loss Sum	Inner Prod. Loss Mean	Inner Prod. Loss Std	
0.001000	0.900000	633.012150	166.449635	40.284000	49.410000	460472704.000000	1177679.500000	997692.125000	
0.001000	0.900000	443.039907	113.496358	59.534000	62.370000	753491968.000000	749409.875000	596883.000000	
0.001000	0.900000	362.605578	97.280123	67.528000	67.710000	972137840.000000	559196.625000	496117.093750	
0.001000	0.900000	312.736512	89.578961	72.614000	73.360000	1153554064.000000	463980.125000	447746.156250	
0.001000	0.900000	284.368986	108.521755	75.496000	73.160000	1312893552.000000	407517.875000	475498.031250	
0.001000	0.900000	309.036993	116.567292	76.946000	75.550000	1475617680.000000	416174.250000	640399.750000	
0.001000	0.900000	342.566134	111.877658	76.518000	76.300000	1789287696.000000	802225.125000	1119259.875000	
0.001000	0.900000	336.874824	86.025095	77.112000	75.410000	2109265904.000000	818358.562500	1270827.000000	
0.001000	0.900000	361.182736	214.312126	77.038000	77.890000	2470173424.000000	923037.125000	1184474.750000	
0.001000	0.900000	351.270930	395.915361	77.518000	76.430000	2783446384.000000	801209.625000	1177035.500000	
0.001000	0.900000	392.394048	76.590943	77.390000	80.530000	3123450992.000000	869577.000000	998963.812500	
0.001000	0.900000	363.845033	392.988587	78.194000	71.760000	3432991024.000000	791662.500000	1010308.375000	
0.001000	0.900000	393.340139	102.487365	77.978000	79.980000	3740090384.000000	785420.375000	1126845.250000	
0.001000	0.900000	362.005735	106.102129	79.260000	79.410000	4045017104.000000	779863.750000	977571.250000	
0.001000	0.900000	420.420805	140.495954	79.038000	78.540000	4336886928.000000	746470.125000	1024978.625000	
0.001000	0.900000	363.125854	81.031277	79.700000	82.050000	4667742384.000000	846177.625000	1013999.125000	
0.001000	0.900000	384.166954	99.787636	80.164000	80.800000	4950687792.000000	723645.562500	910434.375000	
0.001000	0.900000	375.759062	141.159933	80.796000	76.350000	5228158160.000000	709642.875000	894426.500000	
0.001000	0.900000	380.149767	84.196054	81.330000	82.910000	5513012496.000000	728527.687500	881693.250000	
0.001000	0.900000	356.811895	2618.424524	82.078000	80.320000	5794674384.000000	720362.875000	850021.937500	
0.001000	0.900000	381.578279	98.348760	82.106000	81.340000	6068298832.000000	699806.750000	828107.187500	
0.001000	0.900000	478.299507	147.881385	82.326000	80.240000	6351248400.000000	723656.187500	833497.562500	
0.001000	0.900000	429.720980	82.705263	82.512000	84.490000	6637293200.000000	731572.375000	796836.687500	
0.001000	0.900000	375.140393	284.206205	83.130000	76.400000	6897613840.000000	665781.687500	773762.750000	
0.001000	0.900000	350.629745	112.964255	83.728000	79.890000	7147098000.000000	638066.875000	720525.562500	
0.001000	0.900000	377.604475	190.419687	83.766000	74.130000	7406327488.000000	662991.000000	625430.875000	
0.001000	0.900000	363.625245	89.222218	84.602000	84.700000	7641075264.000000	600377.937500	604500.375000	
0.001000	0.900000	378.129667	161.694524	84.520000	85.460000	7879390272.000000	609501.312500	595828.875000	
0.001000	0.900000	419.633907	117.480966	84.692000	84.090000	8102158864.000000	569740.625000	581574.312500	
0.001000	0.900000	434.669472	5906.857077	85.068000	83.430000	8320500592.000000	558418.750000	588756.062500	
0.001000	0.900000	379.940421	1373.348211	85.348000	81.750000	8531871568.000000	540590.750000	591704.812500	
0.001000	0.900000	397.615874	3304.055090	85.862000	85.070000	8732329248.000000	512679.500000	511033.250000	
0.001000	0.900000	437.985138	3055.993885	86.034000	81.230000	8931976624.000000	510607.093750	498340.031250	
0.001000	0.900000	453.718979	568.937145	86.088000	82.500000	9142529168.000000	538497.562500	527580.812500	
0.001000	0.900000	464.142167	1604.111349	86.576000	83.670000	9324972736.000000	466607.593750	483602.906250	
0.001000	0.900000	412.813715	4040.082948	86.528000	84.330000	9527393024.000000	517698.937500	462455.343750	
0.001000	0.900000	443.449309	1700.178161	86.806000	84.780000	9725977280.000000	507888.125000	494127.031250	
0.001000	0.900000	402.791043	113.820920	87.216000	85.450000	9896220288.000000	435404.125000	458919.937500	
0.001000	0.900000	353.510357	5991.232372	87.740000	86.480000	10063869792.000000	428771.125000	463808.500000	
0.001000	0.900000	377.262843	544.618288	87.772000	85.690000	10232291744.000000	430746.687500	474022.125000	
0.001000	0.900000	399.116011	855.652822	87.730000	84.660000	10396357888.000000	419606.500000	449377.687500	
0.001000	0.900000	426.809332	2684.488197	88.278000	85.520000	10550495392.000000	394213.562500	453624.093750	
0.001000	0.900000	423.292154	619.949279	88.298000	83.920000	10688265408.000000	352352.968750	410811.593750	
0.001000	0.900000	434.635868	172.852630	88.644000	86.420000	10821877392.000000	341718.625000	416720.593750	
0.001000	0.900000	472.161690	7038.181715	88.458000	84.270000	10971781008.000000	383385.218750	442336.375000	
0.001000	0.900000	418.132045	2534.511561	88.976000	85.220000	11106366384.000000	344208.125000	371227.812500	
0.001000	0.900000	417.445846	5247.821212	88.878000	86.620000	11227260368.000000	309191.781250	385524.406250	
0.001000	0.900000	557.668559	208.630073	89.112000	87.520000	11333984816.000000	272952.562500	348672.750000	
0.001000	0.900000	457.722498	7583.578214	89.188000	86.920000	11440116896.000000	271437.531250	366421.281250	
0.001000	0.900000	496.443524	30739.822048	89.362000	85.080000	11537305520.000000	248564.250000	384039.437500	
0.001000	0.900000	445.326476	19031.208120	89.152000	86.130000	11644346160.000000	273761.218750	369566.593750	
0.001000	0.900000	491.669907	3900.925593	89.316000	81.420000	11751443024.000000	273905.031250	367189.875000	
0.001000	0.900000	599.153499	13024.266281	88.728000	84.270000	11844706688.000000	238526.000000	371773.968750	
0.001000	0.900000	590.328547	10265.261002	88.768000	86.410000	11943735600.000000	253270.875000	363499.781250	
0.001000	0.900000	637.612436	5671.883988	88.948000	85.140000	12042372240.000000	252267.625000	410825.468750	
0.001000	0.900000	640.990073	24773.001724	88.634000	84.610000	12140688704.000000	251448.750000	385835.156250	
0.001000	0.900000	602.650617	23185.417381	88.946000	82.910000	12243725512.000000	263521.250000	434806.593750	
0.001000	0.900000	786.370180	47401.149125	88.380000	85.230000	12356660872.000000	288837.250000	433741.187500	
0.001000	0.900000	774.994150	64424.722435	88.450000	84.310000	12464305896.000000	275306.968750	436032.968750	
0.001000	0.900000	729.285330	40706.864115	88.662000	85.840000	12558508280.000000	240926.812500	391603.437500	
0.001000	0.900000	766.786218	5599.291916	88.600000	84.800000	12673985248.000000	295337.500000	425871.187500	
0.001000	0.900000	778.841030	4867.673143	88.682000	87.150000	12775181544.000000	258814.062500	446415.625000	
0.001000	0.900000	717.666127	5987.678671	88.256000	84.400000	12877992720.000000	262944.187500	407118.187500	
0.001000	0.900000	795.102557	3837.871938	88.254000	86.590000	12978157344.000000	256175.515625	392831.406250	
0.001000	0.900000	900.573973	10802.161397	88.202000	85.440000	13078008456.000000	255373.687500	428046.687500	
0.001000	0.900000	801.953886	1481.362510	88.270000	85.900000	13174491400.000000	246759.453125	410244.218750	
0.001000	0.900000	956.459922	1194.121336	87.814000	86.240000	13288019400.000000	290352.937500	405612.062500	
0.001000	0.900000	968.149647	1829.865190	87.924000	87.040000	13417404112.000000	330907.187500	426260.906250	
0.001000	0.900000	1064.028114	3894.477168	87.704000	85.500000	13515524384.000000	250946.984375	453815.656250	
0.001000	0.900000	1044.041686	3148.371091	88.252000	85.320000	13622475464.000000	273532.187500	428549.781250	
0.001000	0.900000	883.391069	580.162207	88.216000	87.210000	13732949640.000000	282542.656250	498500.843750	
0.001000	0.900000	1458.964340	419.988118	87.706000	86.460000	13861342984.000000	328371.718750	559313.125000	
0.001000	0.900000	1173.874824	321.640080	87.856000	85.830000	13971612760.000000	282019.875000	577791.687500	
0.001000	0.900000	1024.635432	18629.122357	88.580000	86.100000	14075775304.000000	266400.375000	594468.812500	
0.001000	0.900000	1076.233125	301.391210	88.680000	88.100000	14202717160.000000	324659.468750	625540.062500	
0.001000	0.900000	1002.043412	311.296612	88.886000	87.710000	14325791520.000000	314768.187500	577189.562500	
0.001000	0.900000	1238.379528	830.903406	89.238000	87.250000	14423535376.000000	249984.281250	549472.625000	
0.001000	0.900000	1247.286275	21473.268039	88.984000	86.150000	14558313120.000000	344700.125000	599038.687500	
0.001000	0.900000	1131.952207	21403.028884	89.044000	85.790000	14665395384.000000	273867.687500	558701.375000	
0.001000	0.900000	1389.865088	4689.789342	89.168000	87.050000	14788374528.000000	314524.656250	617482.875000	
0.001000	0.900000	1153.459527	12602.367343	88.870000	87.180000	14889592592.000000	258869.734375	544786.187500	
0.001000	0.900000	1243.724143	15100.799384	89.354000	86.740000	15004098592.000000	292854.218750	547619.750000	
0.001000	0.900000	1634.826167	17320.358315	89.492000	88.110000	15085585688.000000	208406.890625	560728.687500	
0.001000	0.900000	1361.065363	19524.678679	89.166000	87.010000	15192346952.000000	273046.718750	570694.812500	
