0.000 9.602
130.000 9.177
260.000 8.715
390.000 8.525
520.000 8.256
650.000 8.194
780.000 8.025
910.000 7.933
1040.000 7.695
1170.000 7.606
1300.000 7.574
1430.000 7.567
1560.000 7.469
1690.000 7.525
1820.000 7.505
1950.000 7.398
2080.000 7.398
2210.000 7.440
2340.000 7.378
2470.000 7.346
2600.000 7.339
2730.000 7.375
2860.000 7.359
2990.000 7.339
3120.000 7.314
3250.000 7.330
3380.000 7.323
3510.000 7.345
3640.000 7.286
3770.000 7.271
3900.000 7.315
4030.000 7.323
4160.000 7.287
4290.000 7.280
4420.000 7.260
4550.000 7.310
4680.000 7.330
4810.000 7.293
4940.000 7.278
5070.000 7.241
5200.000 7.263
5330.000 7.271
5460.000 7.272
5590.000 7.258
5720.000 7.294
5850.000 7.274
5980.000 7.275
6110.000 7.254
6240.000 7.251
6370.000 7.250
6500.000 7.258
6630.000 7.255
6760.000 7.252
6890.000 7.281
7020.000 7.256
7150.000 7.247
7280.000 7.267
7410.000 7.233
7540.000 7.251
7670.000 7.248
7800.000 7.259
7930.000 7.239
8060.000 7.241
8190.000 7.224
8320.000 7.229
8450.000 7.251
8580.000 7.230
8710.000 7.243
8840.000 7.246
8970.000 7.239
9100.000 7.249
9230.000 7.240
9360.000 7.238
9490.000 7.241
9620.000 7.254
9750.000 7.229
9880.000 7.233
10010.000 7.253
10140.000 7.218
10270.000 7.218
10400.000 7.227
10530.000 7.218
10660.000 7.219
10790.000 7.215
10920.000 7.225
11050.000 7.227
11180.000 7.245
11310.000 7.231
11440.000 7.223
11570.000 7.218
11700.000 7.211
11830.000 7.227
11960.000 7.217
12090.000 7.231
12220.000 7.222
12350.000 7.225
12480.000 7.228
12610.000 7.217
12740.000 7.226
12870.000 7.215
