0.000 9.465
129.000 9.430
258.000 9.345
387.000 9.319
516.000 9.274
645.000 8.992
774.000 8.978
903.000 9.150
1032.000 8.929
1161.000 8.857
1290.000 8.850
1419.000 8.653
1548.000 8.608
1677.000 8.552
1806.000 8.658
1935.000 8.504
2064.000 8.522
2193.000 8.520
2322.000 8.412
2451.000 8.593
2580.000 8.333
2709.000 8.412
2838.000 8.503
2967.000 8.456
3096.000 8.476
3225.000 8.375
3354.000 8.321
3483.000 8.276
3612.000 8.141
3741.000 8.298
3870.000 8.223
3999.000 8.116
4128.000 8.085
4257.000 8.189
4386.000 8.245
4515.000 8.120
4644.000 8.028
4773.000 8.104
4902.000 8.006
5031.000 7.926
5160.000 8.038
5289.000 8.024
5418.000 8.016
5547.000 7.989
5676.000 7.911
5805.000 7.913
5934.000 7.960
6063.000 7.869
6192.000 7.872
6321.000 7.920
6450.000 7.852
6579.000 7.856
6708.000 7.782
6837.000 7.831
6966.000 7.905
7095.000 7.901
7224.000 7.854
7353.000 7.781
7482.000 7.741
7611.000 7.711
7740.000 7.746
7869.000 7.750
7998.000 7.690
8127.000 7.663
8256.000 7.671
8385.000 7.689
8514.000 7.712
8643.000 7.692
8772.000 7.740
8901.000 7.780
9030.000 7.607
9159.000 7.652
9288.000 7.710
9417.000 7.610
9546.000 7.707
9675.000 7.630
9804.000 7.674
9933.000 7.671
10062.000 7.582
10191.000 7.558
10320.000 7.673
10449.000 7.611
10578.000 7.681
10707.000 7.627
10836.000 7.610
10965.000 7.636
11094.000 7.620
11223.000 7.630
11352.000 7.569
11481.000 7.586
11610.000 7.641
11739.000 7.540
11868.000 7.596
11997.000 7.657
12126.000 7.537
12255.000 7.558
12384.000 7.581
12513.000 7.558
12642.000 7.534
12771.000 7.596
