0.000 9.544
139.000 9.122
278.000 8.772
417.000 8.578
556.000 8.336
695.000 8.247
834.000 8.116
973.000 8.019
1112.000 7.794
1251.000 7.750
1390.000 7.643
1529.000 7.635
1668.000 7.569
1807.000 7.581
1946.000 7.609
2085.000 7.484
2224.000 7.460
2363.000 7.534
2502.000 7.385
2641.000 7.462
2780.000 7.353
2919.000 7.312
3058.000 7.242
3197.000 7.257
3336.000 7.326
3475.000 7.294
3614.000 7.290
3753.000 7.285
3892.000 7.260
4031.000 7.308
4170.000 7.271
4309.000 7.280
4448.000 7.340
4587.000 7.324
4726.000 7.302
4865.000 7.273
5004.000 7.251
5143.000 7.352
5282.000 7.259
5421.000 7.290
5560.000 7.246
5699.000 7.369
5838.000 7.215
5977.000 7.398
6116.000 7.322
6255.000 7.285
6394.000 7.260
6533.000 7.317
6672.000 7.262
6811.000 7.339
6950.000 7.325
7089.000 7.324
7228.000 7.313
7367.000 7.303
7506.000 7.262
7645.000 7.291
7784.000 7.225
7923.000 7.284
8062.000 7.235
8201.000 7.327
8340.000 7.276
8479.000 7.343
8618.000 7.321
8757.000 7.335
8896.000 7.297
9035.000 7.207
9174.000 7.325
9313.000 7.323
9452.000 7.279
9591.000 7.233
9730.000 7.177
9869.000 7.309
10008.000 7.198
10147.000 7.238
10286.000 7.255
10425.000 7.321
10564.000 7.318
10703.000 7.309
10842.000 7.300
10981.000 7.280
11120.000 7.291
11259.000 7.247
11398.000 7.359
11537.000 7.378
11676.000 7.332
11815.000 7.225
11954.000 7.360
12093.000 7.242
12232.000 7.401
12371.000 7.294
12510.000 7.324
12649.000 7.266
12788.000 7.284
12927.000 7.275
13066.000 7.160
13205.000 7.279
13344.000 7.277
13483.000 7.331
13622.000 7.269
13761.000 7.277
